MCS Area Contacto
0 3880.0 300.0
1 4267.0 336.0
2 4807.0 387.0
3 5437.0 465.0
4 6099.0 573.0
5 6950.0 750.0
6 7782.0 867.0
7 8678.0 960.0
8 9517.0 1128.0
9 10352.0 1284.0
10 11093.0 1386.0
11 11772.0 1497.0
12 12376.0 1623.0
13 12926.0 1731.0
14 13395.0 1815.0
15 13825.0 1896.0
16 14170.0 1971.0
17 14426.0 2058.0
18 14684.0 2118.0
19 14828.0 2169.0
20 14974.0 2202.0
21 15082.0 2244.0
22 15178.0 2274.0
23 15244.0 2310.0
24 15294.0 2313.0
25 15371.0 2322.0
26 15431.0 2331.0
27 15477.0 2340.0
28 15493.0 2358.0
29 15560.0 2388.0
30 15607.0 2400.0
31 15643.0 2403.0
32 15678.0 2409.0
33 15726.0 2421.0
34 15739.0 2442.0
35 15742.0 2457.0
36 15760.0 2469.0
37 15788.0 2484.0
38 15801.0 2508.0
39 15845.0 2520.0
40 15852.0 2529.0
41 15870.0 2553.0
42 15876.0 2565.0
43 15883.0 2580.0
44 15901.0 2619.0
45 15907.0 2631.0
46 15918.0 2643.0
47 15916.0 2661.0
48 15913.0 2667.0
49 15936.0 2685.0
50 15943.0 2691.0
51 15937.0 2688.0
52 15933.0 2700.0
53 15945.0 2706.0
54 15944.0 2694.0
55 15958.0 2706.0
56 15964.0 2727.0
57 15986.0 2736.0
58 15988.0 2736.0
59 15999.0 2748.0
60 15981.0 2763.0
61 15977.0 2775.0
62 15968.0 2775.0
63 15985.0 2796.0
64 16003.0 2799.0
65 16026.0 2817.0
66 16000.0 2817.0
67 16013.0 2811.0
68 16013.0 2817.0
69 16039.0 2835.0
70 16029.0 2856.0
71 16021.0 2859.0
72 15996.0 2880.0
73 15984.0 2886.0
74 16011.0 2868.0
75 16017.0 2868.0
76 16007.0 2868.0
77 16000.0 2886.0
78 15987.0 2904.0
79 15988.0 2901.0
80 15982.0 2904.0
81 15977.0 2925.0
82 15983.0 2931.0
83 16007.0 2925.0
84 16005.0 2928.0
85 16019.0 2943.0
86 16041.0 2961.0
87 16048.0 2940.0
88 16046.0 2943.0
89 16056.0 2961.0
90 16073.0 2967.0
91 16093.0 2946.0
92 16078.0 2979.0
93 16090.0 2994.0
94 16078.0 3012.0
95 16089.0 3018.0
96 16079.0 3012.0
97 16063.0 3015.0
98 16092.0 3027.0
99 16091.0 3024.0
100 16082.0 3021.0
101 16086.0 3015.0
102 16094.0 3009.0
103 16094.0 3027.0
104 16121.0 3027.0
105 16139.0 3012.0
106 16128.0 3006.0
107 16124.0 3015.0
108 16075.0 3024.0
109 16062.0 3030.0
110 16071.0 3030.0
111 16070.0 3027.0
112 16069.0 3033.0
113 16059.0 3030.0
114 16044.0 3054.0
115 16059.0 3066.0
116 16071.0 3078.0
117 16056.0 3081.0
118 16052.0 3078.0
119 16054.0 3105.0
120 16052.0 3096.0
121 16053.0 3099.0
122 16063.0 3117.0
123 16047.0 3108.0
124 16047.0 3099.0
125 16041.0 3111.0
126 16055.0 3120.0
127 16066.0 3123.0
128 16047.0 3123.0
129 16050.0 3129.0
130 16017.0 3111.0
131 16039.0 3123.0
132 16039.0 3135.0
133 16019.0 3129.0
134 16021.0 3108.0
135 16041.0 3120.0
136 16022.0 3120.0
137 16016.0 3129.0
138 16045.0 3141.0
139 16062.0 3180.0
140 16061.0 3168.0
141 16047.0 3168.0
142 16039.0 3150.0
143 16031.0 3153.0
144 16027.0 3159.0
145 16026.0 3171.0
146 16073.0 3189.0
147 16088.0 3198.0
148 16065.0 3183.0
149 16072.0 3198.0
150 16062.0 3207.0
151 16064.0 3213.0
152 16052.0 3228.0
153 16043.0 3237.0
154 16033.0 3246.0
155 16056.0 3252.0
156 16051.0 3258.0
157 16021.0 3243.0
158 16019.0 3246.0
159 16001.0 3264.0
160 15997.0 3258.0
161 15996.0 3252.0
162 16006.0 3231.0
163 15999.0 3231.0
164 16025.0 3246.0
165 16012.0 3249.0
166 16016.0 3243.0
167 16005.0 3264.0
168 15986.0 3270.0
169 15983.0 3264.0
170 15972.0 3252.0
171 15990.0 3276.0
172 16014.0 3294.0
173 16006.0 3288.0
174 16015.0 3291.0
175 16032.0 3300.0
176 16029.0 3297.0
177 16014.0 3288.0
178 15999.0 3279.0
179 16022.0 3282.0
180 15998.0 3294.0
181 15979.0 3309.0
182 15972.0 3297.0
183 15978.0 3282.0
184 15979.0 3285.0
185 15964.0 3279.0
186 15942.0 3273.0
187 15951.0 3279.0
188 15953.0 3294.0
189 15962.0 3300.0
190 15970.0 3333.0
191 15955.0 3330.0
192 15980.0 3345.0
193 15994.0 3348.0
194 15966.0 3342.0
195 15953.0 3357.0
196 15955.0 3360.0
197 15945.0 3327.0
198 15965.0 3333.0
199 15941.0 3330.0
200 15942.0 3336.0
201 15951.0 3336.0
202 15974.0 3354.0
203 15954.0 3339.0
204 15969.0 3348.0
205 15986.0 3348.0
206 15991.0 3324.0
207 15987.0 3333.0
208 15991.0 3336.0
209 15993.0 3360.0
210 15975.0 3369.0
211 15975.0 3354.0
212 15994.0 3369.0
213 16000.0 3360.0
214 15988.0 3363.0
215 16005.0 3372.0
216 15994.0 3390.0
217 15994.0 3381.0
218 16000.0 3378.0
219 16006.0 3384.0
220 16014.0 3393.0
221 16015.0 3384.0
222 16021.0 3369.0
223 16001.0 3372.0
224 16005.0 3387.0
225 16013.0 3375.0
226 16008.0 3369.0
227 15975.0 3381.0
228 15978.0 3378.0
229 15980.0 3378.0
230 15949.0 3384.0
231 15949.0 3393.0
232 15960.0 3393.0
233 15927.0 3396.0
234 15918.0 3402.0
235 15921.0 3402.0
236 15928.0 3411.0
237 15939.0 3384.0
238 15949.0 3408.0
239 15942.0 3408.0
240 15955.0 3420.0
241 15952.0 3420.0
242 15973.0 3423.0
243 15986.0 3438.0
244 15990.0 3450.0
245 15983.0 3459.0
246 16000.0 3471.0
247 15990.0 3483.0
248 15968.0 3489.0
249 15982.0 3489.0
250 15989.0 3492.0
251 15992.0 3480.0
252 15979.0 3486.0
253 16000.0 3495.0
254 15997.0 3492.0
255 15990.0 3483.0
256 15990.0 3492.0
257 15984.0 3504.0
258 15991.0 3510.0
259 15950.0 3507.0
260 15957.0 3510.0
261 15950.0 3510.0
262 15964.0 3522.0
263 15972.0 3525.0
264 15962.0 3519.0
265 15962.0 3507.0
266 15960.0 3492.0
267 15966.0 3504.0
268 15969.0 3522.0
269 15957.0 3534.0
270 15967.0 3528.0
271 15960.0 3519.0
272 15964.0 3516.0
273 15967.0 3522.0
274 15939.0 3516.0
275 15955.0 3540.0
276 15939.0 3516.0
277 15959.0 3534.0
278 15935.0 3543.0
279 15951.0 3543.0
280 15957.0 3558.0
281 15982.0 3564.0
282 15977.0 3567.0
283 15973.0 3567.0
284 15976.0 3567.0
285 15960.0 3585.0
286 15948.0 3570.0
287 15952.0 3564.0
288 15933.0 3537.0
289 15946.0 3558.0
290 15973.0 3564.0
291 15985.0 3567.0
292 15999.0 3573.0
293 16008.0 3573.0
294 16014.0 3561.0
295 16041.0 3573.0
296 16028.0 3558.0
297 16008.0 3555.0
298 16012.0 3555.0
299 16017.0 3546.0
300 16019.0 3558.0
301 16036.0 3567.0
302 16048.0 3567.0
303 16045.0 3561.0
304 16023.0 3546.0
305 16045.0 3561.0
306 16051.0 3573.0
307 16038.0 3582.0
308 16049.0 3564.0
309 16030.0 3558.0
310 16068.0 3573.0
311 16060.0 3561.0
312 16067.0 3564.0
313 16055.0 3576.0
314 16054.0 3594.0
315 16054.0 3588.0
316 16037.0 3591.0
317 16031.0 3588.0
318 16022.0 3585.0
319 15999.0 3570.0
320 15978.0 3582.0
321 16003.0 3585.0
322 15994.0 3591.0
323 15988.0 3582.0
324 15978.0 3576.0
325 15996.0 3582.0
326 16011.0 3573.0
327 16006.0 3567.0
328 15994.0 3558.0
329 16005.0 3558.0
330 16004.0 3558.0
331 15997.0 3561.0
332 15980.0 3564.0
333 15990.0 3570.0
334 15992.0 3606.0
335 15985.0 3585.0
336 15984.0 3585.0
337 15993.0 3567.0
338 15995.0 3573.0
339 15987.0 3570.0
340 15994.0 3588.0
341 15990.0 3603.0
342 16009.0 3588.0
343 16007.0 3570.0
344 15997.0 3567.0
345 16018.0 3570.0
346 16027.0 3567.0
347 16067.0 3585.0
348 16039.0 3579.0
349 16064.0 3573.0
350 16065.0 3573.0
351 16057.0 3597.0
352 16058.0 3600.0
353 16062.0 3621.0
354 16055.0 3630.0
355 16061.0 3636.0
356 16074.0 3642.0
357 16072.0 3651.0
358 16056.0 3642.0
359 16062.0 3642.0
360 16080.0 3648.0
361 16077.0 3669.0
362 16064.0 3660.0
363 16095.0 3657.0
364 16049.0 3660.0
365 16054.0 3669.0
366 16042.0 3642.0
367 16021.0 3654.0
368 16027.0 3663.0
369 16005.0 3666.0
370 16009.0 3657.0
371 16018.0 3645.0
372 15981.0 3651.0
373 16001.0 3657.0
374 15982.0 3663.0
375 15999.0 3663.0
376 15996.0 3663.0
377 16012.0 3672.0
378 16010.0 3672.0
379 16035.0 3678.0
380 16034.0 3687.0
381 16026.0 3681.0
382 16022.0 3645.0
383 16023.0 3648.0
384 16024.0 3651.0
385 16047.0 3672.0
386 16047.0 3657.0
387 16046.0 3660.0
388 16044.0 3639.0
389 16067.0 3654.0
390 16084.0 3660.0
391 16065.0 3660.0
392 16065.0 3663.0
393 16061.0 3654.0
394 16063.0 3678.0
395 16062.0 3669.0
396 16048.0 3663.0
397 16077.0 3672.0
398 16055.0 3681.0
399 16067.0 3684.0
400 16070.0 3681.0
401 16069.0 3663.0
402 16067.0 3663.0
403 16068.0 3660.0
404 16062.0 3657.0
405 16055.0 3645.0
406 16041.0 3663.0
407 16032.0 3669.0
408 16025.0 3678.0
409 16043.0 3696.0
410 16053.0 3702.0
411 16044.0 3687.0
412 16039.0 3687.0
413 16054.0 3687.0
414 16061.0 3699.0
415 16056.0 3672.0
416 16055.0 3654.0
417 16036.0 3660.0
418 16037.0 3666.0
419 16042.0 3675.0
420 16042.0 3684.0
421 16057.0 3684.0
422 16057.0 3699.0
423 16058.0 3711.0
424 16058.0 3723.0
425 16037.0 3714.0
426 16031.0 3729.0
427 16044.0 3732.0
428 16035.0 3750.0
429 16041.0 3762.0
430 16088.0 3780.0
431 16071.0 3780.0
432 16088.0 3762.0
433 16079.0 3777.0
434 16087.0 3789.0
435 16091.0 3792.0
436 16085.0 3807.0
437 16089.0 3813.0
438 16101.0 3822.0
439 16114.0 3819.0
440 16114.0 3810.0
441 16107.0 3801.0
442 16113.0 3804.0
443 16107.0 3822.0
444 16100.0 3810.0
445 16096.0 3801.0
446 16081.0 3798.0
447 16069.0 3783.0
448 16078.0 3795.0
449 16073.0 3792.0
450 16080.0 3807.0
451 16056.0 3828.0
452 16054.0 3828.0
453 16037.0 3810.0
454 16033.0 3822.0
455 16034.0 3828.0
456 16068.0 3825.0
457 16057.0 3822.0
458 16045.0 3813.0
459 16045.0 3795.0
460 16044.0 3780.0
461 16042.0 3804.0
462 16022.0 3825.0
463 16025.0 3813.0
464 16032.0 3789.0
465 16034.0 3801.0
466 16042.0 3807.0
467 16060.0 3819.0
468 16045.0 3819.0
469 16049.0 3828.0
470 16038.0 3840.0
471 16038.0 3831.0
472 16037.0 3831.0
473 16041.0 3831.0
474 16048.0 3852.0
475 16059.0 3864.0
476 16061.0 3852.0
477 16078.0 3864.0
478 16086.0 3864.0
479 16090.0 3855.0
480 16068.0 3861.0
481 16058.0 3873.0
482 16054.0 3867.0
483 16044.0 3849.0
484 16032.0 3834.0
485 16013.0 3837.0
486 16024.0 3846.0
487 16048.0 3855.0
488 16053.0 3858.0
489 16040.0 3861.0
490 16045.0 3879.0
491 16017.0 3873.0
492 16005.0 3882.0
493 16004.0 3885.0
494 16014.0 3882.0
495 16015.0 3900.0
496 16006.0 3906.0
497 16022.0 3894.0
498 16025.0 3903.0
499 16046.0 3891.0
500 16062.0 3885.0
501 16081.0 3879.0
502 16074.0 3876.0
503 16065.0 3873.0
504 16080.0 3882.0
505 16079.0 3891.0
506 16065.0 3885.0
507 16081.0 3894.0
508 16067.0 3891.0
509 16069.0 3903.0
510 16055.0 3894.0
511 16049.0 3897.0
512 16068.0 3900.0
513 16079.0 3924.0
514 16086.0 3945.0
515 16077.0 3942.0
516 16076.0 3945.0
517 16071.0 3936.0
518 16045.0 3933.0
519 16051.0 3945.0
520 16071.0 3963.0
521 16064.0 3966.0
522 16071.0 3972.0
523 16082.0 3987.0
524 16090.0 3996.0
525 16081.0 3987.0
526 16079.0 4002.0
527 16077.0 3996.0
528 16070.0 3975.0
529 16065.0 3975.0
530 16072.0 3972.0
531 16076.0 3966.0
532 16082.0 3969.0
533 16058.0 3963.0
534 16073.0 3969.0
535 16063.0 3981.0
536 16064.0 3972.0
537 16056.0 3963.0
538 16053.0 3951.0
539 16064.0 3942.0
540 16066.0 3939.0
541 16093.0 3945.0
542 16092.0 3942.0
543 16083.0 3951.0
544 16110.0 3969.0
545 16111.0 3957.0
546 16081.0 3975.0
547 16111.0 3966.0
548 16100.0 3984.0
549 16121.0 3990.0
550 16104.0 3993.0
551 16079.0 3969.0
552 16070.0 3966.0
553 16075.0 3984.0
554 16065.0 3987.0
555 16067.0 3990.0
556 16042.0 3990.0
557 16044.0 3987.0
558 16039.0 3987.0
559 16042.0 3996.0
560 16060.0 3990.0
561 16068.0 4026.0
562 16067.0 4005.0
563 16081.0 3996.0
564 16094.0 4002.0
565 16102.0 4002.0
566 16100.0 3999.0
567 16084.0 4008.0
568 16104.0 4011.0
569 16115.0 3999.0
570 16096.0 3999.0
571 16075.0 3987.0
572 16081.0 4002.0
573 16067.0 4029.0
574 16060.0 4041.0
575 16037.0 4047.0
576 16034.0 4047.0
577 16019.0 4035.0
578 16036.0 4041.0
579 16060.0 4047.0
580 16063.0 4035.0
581 16053.0 4026.0
582 16052.0 4029.0
583 16054.0 4038.0
584 16041.0 4023.0
585 16047.0 4014.0
586 16059.0 4035.0
587 16062.0 4041.0
588 16076.0 4056.0
589 16061.0 4050.0
590 16065.0 4050.0
591 16058.0 4068.0
592 16045.0 4059.0
593 16071.0 4080.0
594 16070.0 4071.0
595 16082.0 4095.0
596 16099.0 4086.0
597 16118.0 4086.0
598 16121.0 4101.0
599 16108.0 4095.0
600 16079.0 4101.0
601 16101.0 4107.0
602 16098.0 4107.0
603 16096.0 4092.0
604 16088.0 4092.0
605 16097.0 4086.0
606 16100.0 4086.0
607 16120.0 4107.0
608 16119.0 4101.0
609 16136.0 4128.0
610 16120.0 4116.0
611 16134.0 4125.0
612 16122.0 4122.0
613 16110.0 4131.0
614 16129.0 4134.0
615 16128.0 4134.0
616 16124.0 4125.0
617 16133.0 4116.0
618 16126.0 4110.0
619 16138.0 4107.0
620 16123.0 4107.0
621 16125.0 4095.0
622 16129.0 4077.0
623 16155.0 4122.0
624 16156.0 4128.0
625 16158.0 4128.0
626 16161.0 4110.0
627 16160.0 4116.0
628 16185.0 4134.0
629 16186.0 4149.0
630 16178.0 4155.0
631 16181.0 4161.0
632 16177.0 4170.0
633 16175.0 4188.0
634 16198.0 4194.0
635 16163.0 4185.0
636 16182.0 4185.0
637 16180.0 4194.0
638 16164.0 4164.0
639 16145.0 4170.0
640 16135.0 4191.0
641 16157.0 4194.0
642 16161.0 4206.0
643 16150.0 4209.0
644 16148.0 4209.0
645 16157.0 4203.0
646 16161.0 4203.0
647 16171.0 4212.0
648 16178.0 4224.0
649 16187.0 4212.0
650 16182.0 4206.0
651 16204.0 4212.0
652 16181.0 4203.0
653 16163.0 4209.0
654 16149.0 4206.0
655 16152.0 4206.0
656 16149.0 4212.0
657 16127.0 4203.0
658 16147.0 4200.0
659 16141.0 4212.0
660 16124.0 4209.0
661 16132.0 4209.0
662 16122.0 4212.0
663 16149.0 4206.0
664 16151.0 4206.0
665 16162.0 4197.0
666 16171.0 4197.0
667 16170.0 4188.0
668 16160.0 4179.0
669 16133.0 4218.0
670 16128.0 4209.0
671 16121.0 4239.0
672 16132.0 4224.0
673 16146.0 4224.0
674 16158.0 4245.0
675 16147.0 4236.0
676 16141.0 4233.0
677 16129.0 4224.0
678 16107.0 4227.0
679 16105.0 4233.0
680 16101.0 4215.0
681 16115.0 4230.0
682 16117.0 4230.0
683 16115.0 4236.0
684 16122.0 4254.0
685 16140.0 4278.0
686 16123.0 4290.0
687 16092.0 4284.0
688 16104.0 4281.0
689 16108.0 4302.0
690 16082.0 4293.0
691 16093.0 4278.0
692 16100.0 4299.0
693 16127.0 4302.0
694 16122.0 4308.0
695 16113.0 4314.0
696 16127.0 4299.0
697 16108.0 4299.0
698 16098.0 4290.0
699 16097.0 4278.0
700 16112.0 4290.0
701 16095.0 4287.0
702 16087.0 4290.0
703 16092.0 4311.0
704 16105.0 4305.0
705 16079.0 4305.0
706 16088.0 4299.0
707 16098.0 4308.0
708 16114.0 4296.0
709 16099.0 4287.0
710 16096.0 4287.0
711 16099.0 4305.0
712 16117.0 4308.0
713 16110.0 4290.0
714 16115.0 4299.0
715 16117.0 4299.0
716 16112.0 4293.0
717 16100.0 4287.0
718 16123.0 4311.0
719 16120.0 4305.0
720 16115.0 4314.0
721 16110.0 4323.0
722 16140.0 4302.0
723 16123.0 4290.0
724 16114.0 4293.0
725 16100.0 4281.0
726 16102.0 4296.0
727 16135.0 4302.0
728 16145.0 4302.0
729 16130.0 4296.0
730 16122.0 4296.0
731 16125.0 4278.0
732 16112.0 4278.0
733 16120.0 4266.0
734 16100.0 4272.0
735 16093.0 4257.0
736 16087.0 4260.0
737 16093.0 4254.0
738 16101.0 4257.0
739 16093.0 4266.0
740 16088.0 4266.0
741 16092.0 4260.0
742 16108.0 4263.0
743 16098.0 4254.0
744 16090.0 4257.0
745 16087.0 4260.0
746 16074.0 4242.0
747 16096.0 4272.0
748 16112.0 4257.0
749 16130.0 4281.0
750 16114.0 4275.0
751 16117.0 4281.0
752 16096.0 4272.0
753 16088.0 4272.0
754 16114.0 4278.0
755 16089.0 4284.0
756 16094.0 4281.0
757 16093.0 4278.0
758 16087.0 4275.0
759 16110.0 4272.0
760 16128.0 4284.0
761 16116.0 4281.0
762 16117.0 4296.0
763 16096.0 4311.0
764 16106.0 4314.0
765 16124.0 4317.0
766 16088.0 4311.0
767 16094.0 4305.0
768 16095.0 4323.0
769 16082.0 4326.0
770 16078.0 4317.0
771 16068.0 4335.0
772 16079.0 4323.0
773 16070.0 4305.0
774 16067.0 4302.0
775 16039.0 4290.0
776 16057.0 4287.0
777 16053.0 4281.0
778 16053.0 4287.0
779 16053.0 4284.0
780 16054.0 4281.0
781 16052.0 4284.0
782 16032.0 4293.0
783 16022.0 4317.0
784 16015.0 4302.0
785 16030.0 4317.0
786 16020.0 4317.0
787 16055.0 4299.0
788 16051.0 4293.0
789 16049.0 4299.0
790 16069.0 4308.0
791 16060.0 4323.0
792 16046.0 4353.0
793 16038.0 4332.0
794 16051.0 4335.0
795 16049.0 4326.0
796 16063.0 4320.0
797 16067.0 4329.0
798 16080.0 4341.0
799 16071.0 4350.0
800 16102.0 4368.0
801 16095.0 4380.0
802 16100.0 4392.0
803 16114.0 4395.0
804 16113.0 4398.0
805 16112.0 4395.0
806 16126.0 4395.0
807 16121.0 4413.0
808 16140.0 4407.0
809 16135.0 4398.0
810 16138.0 4401.0
811 16123.0 4383.0
812 16133.0 4383.0
813 16140.0 4380.0
814 16141.0 4377.0
815 16152.0 4392.0
816 16133.0 4374.0
817 16128.0 4389.0
818 16117.0 4398.0
819 16113.0 4413.0
820 16109.0 4407.0
821 16127.0 4416.0
822 16129.0 4401.0
823 16130.0 4413.0
824 16125.0 4407.0
825 16123.0 4407.0
826 16137.0 4419.0
827 16146.0 4416.0
828 16127.0 4410.0
829 16121.0 4395.0
830 16109.0 4383.0
831 16104.0 4389.0
832 16130.0 4395.0
833 16116.0 4401.0
834 16098.0 4386.0
835 16102.0 4380.0
836 16081.0 4386.0
837 16077.0 4386.0
838 16088.0 4374.0
839 16103.0 4383.0
840 16095.0 4398.0
841 16080.0 4386.0
842 16058.0 4380.0
843 16065.0 4404.0
844 16080.0 4404.0
845 16064.0 4398.0
846 16083.0 4404.0
847 16091.0 4416.0
848 16123.0 4437.0
849 16113.0 4443.0
850 16123.0 4443.0
851 16108.0 4440.0
852 16123.0 4458.0
853 16123.0 4452.0
854 16074.0 4437.0
855 16090.0 4434.0
856 16102.0 4428.0
857 16121.0 4407.0
858 16110.0 4413.0
859 16107.0 4413.0
860 16106.0 4401.0
861 16083.0 4401.0
862 16080.0 4395.0
863 16083.0 4392.0
864 16054.0 4386.0
865 16057.0 4380.0
866 16034.0 4377.0
867 16011.0 4392.0
868 16002.0 4380.0
869 16008.0 4398.0
870 16030.0 4407.0
871 16023.0 4392.0
872 16033.0 4383.0
873 16025.0 4401.0
874 16044.0 4401.0
875 16062.0 4410.0
876 16067.0 4425.0
877 16088.0 4452.0
878 16094.0 4476.0
879 16086.0 4473.0
880 16081.0 4491.0
881 16077.0 4485.0
882 16080.0 4470.0
883 16060.0 4458.0
884 16059.0 4476.0
885 16048.0 4464.0
886 16054.0 4449.0
887 16077.0 4467.0
888 16082.0 4476.0
889 16079.0 4476.0
890 16080.0 4485.0
891 16060.0 4488.0
892 16076.0 4488.0
893 16056.0 4476.0
894 16040.0 4470.0
895 16037.0 4473.0
896 16032.0 4482.0
897 16016.0 4473.0
898 16021.0 4455.0
899 16019.0 4461.0
900 16013.0 4467.0
901 16016.0 4473.0
902 16029.0 4476.0
903 16017.0 4479.0
904 16030.0 4494.0
905 16023.0 4494.0
906 16031.0 4488.0
907 16037.0 4476.0
908 16055.0 4455.0
909 16075.0 4470.0
910 16068.0 4461.0
911 16068.0 4446.0
912 16068.0 4458.0
913 16060.0 4443.0
914 16071.0 4437.0
915 16073.0 4449.0
916 16074.0 4452.0
917 16091.0 4449.0
918 16085.0 4458.0
919 16059.0 4449.0
920 16071.0 4467.0
921 16067.0 4470.0
922 16067.0 4473.0
923 16051.0 4464.0
924 16073.0 4458.0
925 16053.0 4467.0
926 16038.0 4455.0
927 16051.0 4461.0
928 16049.0 4464.0
929 16055.0 4470.0
930 16029.0 4455.0
931 16015.0 4446.0
932 16024.0 4476.0
933 16023.0 4500.0
934 16037.0 4500.0
935 16029.0 4485.0
936 16009.0 4458.0
937 16028.0 4485.0
938 16031.0 4485.0
939 16019.0 4476.0
940 16027.0 4488.0
941 16020.0 4500.0
942 16008.0 4491.0
943 16031.0 4491.0
944 16030.0 4485.0
945 16068.0 4494.0
946 16043.0 4494.0
947 16046.0 4500.0
948 16070.0 4506.0
949 16068.0 4509.0
950 16059.0 4515.0
951 16061.0 4521.0
952 16071.0 4524.0
953 16085.0 4521.0
954 16101.0 4512.0
955 16089.0 4503.0
956 16100.0 4506.0
957 16093.0 4491.0
958 16101.0 4479.0
959 16085.0 4473.0
960 16103.0 4479.0
961 16103.0 4485.0
962 16100.0 4491.0
963 16103.0 4491.0
964 16097.0 4491.0
965 16076.0 4512.0
966 16094.0 4503.0
967 16080.0 4509.0
968 16112.0 4506.0
969 16143.0 4503.0
970 16150.0 4512.0
971 16140.0 4530.0
972 16141.0 4521.0
973 16120.0 4509.0
974 16105.0 4515.0
975 16096.0 4509.0
976 16110.0 4512.0
977 16123.0 4500.0
978 16119.0 4503.0
979 16095.0 4506.0
980 16091.0 4503.0
981 16080.0 4512.0
982 16101.0 4515.0
983 16084.0 4503.0
984 16076.0 4509.0
985 16058.0 4524.0
986 16054.0 4515.0
987 16053.0 4524.0
988 16082.0 4542.0
989 16072.0 4533.0
990 16063.0 4509.0
991 16057.0 4521.0
992 16103.0 4509.0
993 16091.0 4503.0
994 16099.0 4503.0
995 16082.0 4512.0
996 16080.0 4497.0
997 16078.0 4494.0
998 16091.0 4500.0
999 16083.0 4518.0
1000 16067.0 4518.0
1001 16092.0 4515.0
1002 16076.0 4500.0
1003 16060.0 4506.0
1004 16073.0 4521.0
1005 16091.0 4521.0
1006 16103.0 4518.0
1007 16123.0 4515.0
1008 16100.0 4524.0
1009 16111.0 4533.0
1010 16104.0 4533.0
1011 16092.0 4554.0
1012 16072.0 4521.0
1013 16075.0 4518.0
1014 16047.0 4506.0
1015 16047.0 4509.0
1016 16050.0 4512.0
1017 16058.0 4512.0
1018 16072.0 4527.0
1019 16075.0 4533.0
1020 16089.0 4530.0
1021 16048.0 4530.0
1022 16069.0 4539.0
1023 16079.0 4536.0
1024 16076.0 4533.0
1025 16074.0 4524.0
1026 16082.0 4530.0
1027 16077.0 4548.0
1028 16061.0 4536.0
1029 16099.0 4557.0
1030 16115.0 4590.0
1031 16154.0 4581.0
1032 16134.0 4593.0
1033 16116.0 4587.0
1034 16117.0 4587.0
1035 16119.0 4590.0
1036 16113.0 4593.0
1037 16129.0 4602.0
1038 16137.0 4587.0
1039 16136.0 4572.0
1040 16140.0 4584.0
1041 16156.0 4605.0
1042 16149.0 4608.0
1043 16135.0 4614.0
1044 16126.0 4605.0
1045 16133.0 4614.0
1046 16141.0 4620.0
1047 16153.0 4623.0
1048 16158.0 4635.0
1049 16151.0 4647.0
1050 16122.0 4653.0
1051 16127.0 4659.0
1052 16101.0 4623.0
1053 16098.0 4620.0
1054 16092.0 4608.0
1055 16105.0 4620.0
1056 16121.0 4614.0
1057 16126.0 4596.0
1058 16149.0 4599.0
1059 16165.0 4587.0
1060 16155.0 4593.0
1061 16142.0 4593.0
1062 16129.0 4587.0
1063 16130.0 4590.0
1064 16138.0 4593.0
1065 16116.0 4608.0
1066 16111.0 4623.0
1067 16130.0 4647.0
1068 16109.0 4662.0
1069 16104.0 4665.0
1070 16119.0 4659.0
1071 16115.0 4632.0
1072 16099.0 4635.0
1073 16107.0 4623.0
1074 16111.0 4620.0
1075 16119.0 4623.0
1076 16130.0 4632.0
1077 16114.0 4626.0
1078 16129.0 4617.0
1079 16134.0 4614.0
1080 16139.0 4617.0
1081 16116.0 4617.0
1082 16102.0 4635.0
1083 16098.0 4629.0
1084 16106.0 4644.0
1085 16077.0 4635.0
1086 16072.0 4635.0
1087 16068.0 4620.0
1088 16060.0 4620.0
1089 16060.0 4635.0
1090 16067.0 4641.0
1091 16068.0 4641.0
1092 16050.0 4638.0
1093 16054.0 4638.0
1094 16034.0 4623.0
1095 16044.0 4602.0
1096 16043.0 4593.0
1097 16039.0 4572.0
1098 16040.0 4581.0
1099 16064.0 4590.0
1100 16040.0 4590.0
1101 16048.0 4578.0
1102 16031.0 4581.0
1103 16025.0 4587.0
1104 16002.0 4572.0
1105 16014.0 4554.0
1106 16008.0 4563.0
1107 15999.0 4566.0
1108 15999.0 4563.0
1109 16010.0 4551.0
1110 16002.0 4557.0
1111 15999.0 4557.0
1112 16004.0 4557.0
1113 16017.0 4563.0
1114 16029.0 4569.0
1115 16045.0 4587.0
1116 16017.0 4599.0
1117 16031.0 4593.0
1118 16051.0 4599.0
1119 16029.0 4605.0
1120 16033.0 4602.0
1121 16007.0 4596.0
1122 16031.0 4596.0
1123 16020.0 4587.0
1124 16001.0 4599.0
1125 15997.0 4593.0
1126 15995.0 4614.0
1127 15976.0 4596.0
1128 16008.0 4605.0
1129 16023.0 4599.0
1130 16037.0 4608.0
1131 16019.0 4608.0
1132 16032.0 4614.0
1133 16034.0 4626.0
1134 16029.0 4608.0
1135 16033.0 4614.0
1136 16027.0 4608.0
1137 16034.0 4617.0
1138 16046.0 4611.0
1139 16047.0 4599.0
1140 16020.0 4572.0
1141 16009.0 4590.0
1142 16010.0 4608.0
1143 16002.0 4581.0
1144 16019.0 4587.0
1145 16023.0 4614.0
1146 16035.0 4632.0
1147 16035.0 4626.0
1148 16041.0 4656.0
1149 16050.0 4665.0
1150 16055.0 4668.0
1151 16036.0 4638.0
1152 16048.0 4638.0
1153 16039.0 4641.0
1154 16033.0 4650.0
1155 16022.0 4617.0
1156 16015.0 4611.0
1157 15985.0 4626.0
1158 15978.0 4647.0
1159 15982.0 4671.0
1160 16003.0 4644.0
1161 16010.0 4656.0
1162 15981.0 4632.0
1163 16011.0 4644.0
1164 16004.0 4662.0
1165 16013.0 4644.0
1166 16036.0 4647.0
1167 16049.0 4653.0
1168 16062.0 4674.0
1169 16067.0 4686.0
1170 16070.0 4686.0
1171 16053.0 4683.0
1172 16066.0 4692.0
1173 16034.0 4668.0
1174 16030.0 4671.0
1175 16038.0 4677.0
1176 16015.0 4680.0
1177 16018.0 4671.0
1178 16020.0 4680.0
1179 16033.0 4692.0
1180 16041.0 4674.0
1181 16048.0 4674.0
1182 16065.0 4680.0
1183 16071.0 4671.0
1184 16070.0 4671.0
1185 16072.0 4674.0
1186 16064.0 4671.0
1187 16053.0 4686.0
1188 16084.0 4698.0
1189 16102.0 4689.0
1190 16087.0 4677.0
1191 16092.0 4683.0
1192 16095.0 4671.0
1193 16084.0 4683.0
1194 16095.0 4695.0
1195 16094.0 4695.0
1196 16086.0 4704.0
1197 16109.0 4704.0
1198 16116.0 4713.0
1199 16149.0 4695.0
1200 16143.0 4668.0
1201 16123.0 4650.0
1202 16131.0 4644.0
1203 16137.0 4632.0
1204 16152.0 4638.0
1205 16133.0 4629.0
1206 16145.0 4632.0
1207 16137.0 4656.0
1208 16123.0 4659.0
1209 16124.0 4653.0
1210 16136.0 4656.0
1211 16144.0 4629.0
1212 16135.0 4620.0
1213 16145.0 4644.0
1214 16138.0 4665.0
1215 16128.0 4668.0
1216 16123.0 4671.0
1217 16138.0 4677.0
1218 16128.0 4677.0
1219 16119.0 4668.0
1220 16128.0 4665.0
1221 16152.0 4662.0
1222 16141.0 4659.0
1223 16115.0 4668.0
1224 16122.0 4680.0
1225 16108.0 4668.0
1226 16095.0 4677.0
1227 16129.0 4680.0
1228 16116.0 4689.0
1229 16100.0 4680.0
1230 16118.0 4683.0
1231 16102.0 4692.0
1232 16094.0 4710.0
1233 16108.0 4719.0
1234 16089.0 4725.0
1235 16088.0 4740.0
1236 16099.0 4740.0
1237 16094.0 4743.0
1238 16076.0 4725.0
1239 16101.0 4731.0
1240 16120.0 4722.0
1241 16114.0 4698.0
1242 16115.0 4695.0
1243 16111.0 4680.0
1244 16071.0 4680.0
1245 16085.0 4671.0
1246 16093.0 4686.0
1247 16112.0 4704.0
1248 16124.0 4698.0
1249 16112.0 4668.0
1250 16106.0 4653.0
1251 16106.0 4653.0
1252 16071.0 4674.0
1253 16063.0 4665.0
1254 16079.0 4686.0
1255 16066.0 4665.0
1256 16053.0 4683.0
1257 16039.0 4695.0
1258 16021.0 4695.0
1259 16023.0 4689.0
1260 16017.0 4671.0
1261 16042.0 4674.0
1262 16020.0 4689.0
1263 16048.0 4695.0
1264 16038.0 4680.0
1265 16046.0 4689.0
1266 16040.0 4695.0
1267 16061.0 4674.0
1268 16055.0 4668.0
1269 16067.0 4665.0
1270 16052.0 4680.0
1271 16065.0 4680.0
1272 16057.0 4683.0
1273 16072.0 4683.0
1274 16056.0 4707.0
1275 16085.0 4695.0
1276 16078.0 4692.0
1277 16080.0 4677.0
1278 16059.0 4692.0
1279 16065.0 4692.0
1280 16071.0 4671.0
1281 16049.0 4680.0
1282 16054.0 4680.0
1283 16048.0 4683.0
1284 16051.0 4686.0
1285 16044.0 4683.0
1286 16051.0 4698.0
1287 16046.0 4704.0
1288 16047.0 4719.0
1289 16049.0 4731.0
1290 16035.0 4725.0
1291 16021.0 4719.0
1292 16041.0 4725.0
1293 16058.0 4728.0
1294 16072.0 4713.0
1295 16072.0 4716.0
1296 16088.0 4716.0
1297 16090.0 4710.0
1298 16107.0 4698.0
1299 16086.0 4725.0
1300 16070.0 4698.0
1301 16083.0 4710.0
1302 16076.0 4719.0
1303 16072.0 4722.0
1304 16045.0 4710.0
1305 16044.0 4701.0
1306 16042.0 4674.0
1307 16048.0 4680.0
1308 16026.0 4653.0
1309 16034.0 4674.0
1310 16043.0 4680.0
1311 16062.0 4689.0
1312 16066.0 4680.0
1313 16051.0 4695.0
1314 16045.0 4692.0
1315 16070.0 4686.0
1316 16048.0 4677.0
1317 16044.0 4686.0
1318 16032.0 4698.0
1319 16055.0 4704.0
1320 16053.0 4704.0
1321 16058.0 4692.0
1322 16052.0 4683.0
1323 16067.0 4680.0
1324 16060.0 4680.0
1325 16070.0 4671.0
1326 16082.0 4686.0
1327 16089.0 4707.0
1328 16087.0 4716.0
1329 16061.0 4716.0
1330 16047.0 4713.0
1331 16066.0 4731.0
1332 16065.0 4722.0
1333 16051.0 4707.0
1334 16047.0 4701.0
1335 16066.0 4695.0
1336 16045.0 4695.0
1337 16047.0 4716.0
1338 16034.0 4701.0
1339 16053.0 4713.0
1340 16047.0 4710.0
1341 16059.0 4701.0
1342 16061.0 4713.0
1343 16087.0 4704.0
1344 16069.0 4698.0
1345 16079.0 4701.0
1346 16067.0 4689.0
1347 16048.0 4698.0
1348 16069.0 4731.0
1349 16056.0 4725.0
1350 16043.0 4737.0
1351 16051.0 4740.0
1352 16065.0 4755.0
1353 16081.0 4743.0
1354 16081.0 4734.0
1355 16082.0 4743.0
1356 16083.0 4761.0
1357 16071.0 4740.0
1358 16067.0 4746.0
1359 16070.0 4710.0
1360 16052.0 4737.0
1361 16064.0 4755.0
1362 16078.0 4767.0
1363 16065.0 4740.0
1364 16055.0 4746.0
1365 16037.0 4740.0
1366 16015.0 4728.0
1367 16053.0 4743.0
1368 16051.0 4752.0
1369 16036.0 4758.0
1370 16048.0 4770.0
1371 16067.0 4758.0
1372 16079.0 4755.0
1373 16090.0 4770.0
1374 16085.0 4758.0
1375 16088.0 4755.0
1376 16090.0 4740.0
1377 16102.0 4743.0
1378 16090.0 4740.0
1379 16099.0 4728.0
1380 16118.0 4737.0
1381 16112.0 4734.0
1382 16129.0 4737.0
1383 16158.0 4752.0
1384 16185.0 4740.0
1385 16195.0 4755.0
1386 16201.0 4749.0
1387 16208.0 4752.0
1388 16190.0 4737.0
1389 16195.0 4773.0
1390 16183.0 4782.0
1391 16185.0 4779.0
1392 16165.0 4800.0
1393 16148.0 4791.0
1394 16136.0 4800.0
1395 16140.0 4806.0
1396 16126.0 4800.0
1397 16114.0 4788.0
1398 16150.0 4809.0
1399 16142.0 4848.0
1400 16130.0 4836.0
1401 16155.0 4848.0
1402 16146.0 4848.0
1403 16171.0 4836.0
1404 16140.0 4815.0
1405 16150.0 4818.0
1406 16144.0 4782.0
1407 16140.0 4803.0
1408 16139.0 4800.0
1409 16131.0 4806.0
1410 16083.0 4797.0
1411 16072.0 4782.0
1412 16106.0 4797.0
1413 16116.0 4785.0
1414 16114.0 4782.0
1415 16087.0 4773.0
1416 16076.0 4770.0
1417 16086.0 4761.0
1418 16067.0 4758.0
1419 16063.0 4776.0
1420 16095.0 4776.0
1421 16072.0 4767.0
1422 16074.0 4755.0
1423 16076.0 4752.0
1424 16079.0 4743.0
1425 16074.0 4743.0
1426 16080.0 4746.0
1427 16054.0 4731.0
1428 16071.0 4749.0
1429 16050.0 4743.0
1430 16054.0 4740.0
1431 16067.0 4746.0
1432 16055.0 4758.0
1433 16060.0 4776.0
1434 16066.0 4779.0
1435 16065.0 4788.0
1436 16098.0 4803.0
1437 16091.0 4806.0
1438 16086.0 4800.0
1439 16078.0 4809.0
1440 16051.0 4818.0
1441 16063.0 4803.0
1442 16054.0 4797.0
1443 16054.0 4800.0
1444 16070.0 4809.0
1445 16046.0 4803.0
1446 16037.0 4794.0
1447 16054.0 4800.0
1448 16037.0 4785.0
1449 16029.0 4785.0
1450 16059.0 4803.0
1451 16031.0 4803.0
1452 16058.0 4809.0
1453 16061.0 4800.0
1454 16087.0 4794.0
1455 16086.0 4791.0
1456 16107.0 4806.0
1457 16104.0 4782.0
1458 16087.0 4797.0
1459 16076.0 4794.0
1460 16038.0 4788.0
1461 16045.0 4782.0
1462 16025.0 4785.0
1463 16026.0 4812.0
1464 16019.0 4794.0
1465 16013.0 4809.0
1466 16023.0 4800.0
1467 16046.0 4824.0
1468 16040.0 4806.0
1469 16046.0 4809.0
1470 16049.0 4809.0
1471 16037.0 4800.0
1472 16037.0 4776.0
1473 16026.0 4791.0
1474 16032.0 4788.0
1475 16051.0 4809.0
1476 16063.0 4791.0
1477 16062.0 4785.0
1478 16077.0 4806.0
1479 16097.0 4815.0
1480 16065.0 4812.0
1481 16068.0 4830.0
1482 16094.0 4836.0
1483 16090.0 4830.0
1484 16101.0 4824.0
1485 16133.0 4809.0
1486 16147.0 4821.0
1487 16169.0 4836.0
1488 16170.0 4842.0
1489 16155.0 4824.0
1490 16124.0 4809.0
1491 16119.0 4791.0
1492 16133.0 4773.0
1493 16153.0 4797.0
1494 16150.0 4797.0
1495 16135.0 4761.0
1496 16128.0 4770.0
1497 16115.0 4752.0
1498 16100.0 4755.0
1499 16103.0 4761.0
1500 16103.0 4755.0
1501 16099.0 4749.0
1502 16084.0 4746.0
1503 16102.0 4758.0
1504 16111.0 4752.0
1505 16095.0 4758.0
1506 16092.0 4755.0
1507 16092.0 4755.0
1508 16097.0 4764.0
1509 16096.0 4752.0
1510 16098.0 4761.0
1511 16127.0 4785.0
1512 16136.0 4782.0
1513 16144.0 4767.0
1514 16138.0 4752.0
1515 16138.0 4743.0
1516 16111.0 4749.0
1517 16131.0 4737.0
1518 16117.0 4740.0
1519 16130.0 4746.0
1520 16097.0 4737.0
1521 16097.0 4752.0
1522 16103.0 4740.0
1523 16115.0 4746.0
1524 16113.0 4764.0
1525 16100.0 4770.0
1526 16110.0 4794.0
1527 16121.0 4791.0
1528 16140.0 4797.0
1529 16128.0 4800.0
1530 16124.0 4797.0
1531 16112.0 4785.0
1532 16108.0 4767.0
1533 16135.0 4785.0
1534 16111.0 4791.0
1535 16108.0 4782.0
1536 16103.0 4776.0
1537 16095.0 4782.0
1538 16134.0 4797.0
1539 16145.0 4782.0
1540 16134.0 4773.0
1541 16134.0 4767.0
1542 16141.0 4773.0
1543 16122.0 4788.0
1544 16128.0 4764.0
1545 16118.0 4764.0
1546 16133.0 4776.0
1547 16120.0 4776.0
1548 16108.0 4782.0
1549 16113.0 4803.0
1550 16113.0 4815.0
1551 16125.0 4836.0
1552 16126.0 4842.0
1553 16125.0 4830.0
1554 16091.0 4812.0
1555 16089.0 4818.0
1556 16083.0 4809.0
1557 16095.0 4824.0
1558 16107.0 4818.0
1559 16107.0 4845.0
1560 16107.0 4830.0
1561 16115.0 4830.0
1562 16122.0 4815.0
1563 16129.0 4830.0
1564 16127.0 4800.0
1565 16117.0 4785.0
1566 16118.0 4782.0
1567 16090.0 4791.0
1568 16072.0 4806.0
1569 16089.0 4809.0
1570 16106.0 4827.0
1571 16087.0 4830.0
1572 16093.0 4830.0
1573 16110.0 4821.0
1574 16100.0 4821.0
1575 16112.0 4827.0
1576 16128.0 4827.0
1577 16094.0 4821.0
1578 16089.0 4824.0
1579 16092.0 4845.0
1580 16091.0 4854.0
1581 16076.0 4851.0
1582 16071.0 4848.0
1583 16048.0 4848.0
1584 16053.0 4878.0
1585 16078.0 4872.0
1586 16072.0 4866.0
1587 16081.0 4881.0
1588 16083.0 4887.0
1589 16055.0 4902.0
1590 16039.0 4896.0
1591 16063.0 4911.0
1592 16076.0 4929.0
1593 16072.0 4920.0
1594 16050.0 4911.0
1595 16070.0 4896.0
1596 16075.0 4902.0
1597 16099.0 4896.0
1598 16095.0 4893.0
1599 16109.0 4899.0
1600 16093.0 4917.0
1601 16084.0 4905.0
1602 16085.0 4899.0
1603 16070.0 4890.0
1604 16085.0 4887.0
1605 16099.0 4923.0
1606 16101.0 4920.0
1607 16092.0 4911.0
1608 16108.0 4920.0
1609 16111.0 4923.0
1610 16126.0 4908.0
1611 16149.0 4932.0
1612 16156.0 4923.0
1613 16155.0 4914.0
1614 16155.0 4899.0
1615 16150.0 4920.0
1616 16150.0 4929.0
1617 16170.0 4923.0
1618 16160.0 4965.0
1619 16167.0 4953.0
1620 16152.0 4929.0
1621 16145.0 4938.0
1622 16154.0 4941.0
1623 16149.0 4947.0
1624 16131.0 4941.0
1625 16129.0 4953.0
1626 16130.0 4938.0
1627 16137.0 4920.0
1628 16135.0 4935.0
1629 16132.0 4914.0
1630 16136.0 4914.0
1631 16134.0 4923.0
1632 16143.0 4944.0
1633 16177.0 4947.0
1634 16149.0 4956.0
1635 16137.0 4965.0
1636 16134.0 4983.0
1637 16145.0 4980.0
1638 16139.0 4959.0
1639 16102.0 4968.0
1640 16110.0 4980.0
1641 16092.0 4986.0
1642 16119.0 4971.0
1643 16128.0 4974.0
1644 16151.0 4968.0
1645 16164.0 4971.0
1646 16160.0 4977.0
1647 16142.0 4965.0
1648 16122.0 4962.0
1649 16110.0 4953.0
1650 16115.0 4956.0
1651 16102.0 4941.0
1652 16118.0 4941.0
1653 16121.0 4944.0
1654 16123.0 4953.0
1655 16119.0 4953.0
1656 16121.0 4974.0
1657 16119.0 4956.0
1658 16104.0 4971.0
1659 16101.0 4983.0
1660 16108.0 4977.0
1661 16088.0 4983.0
1662 16084.0 4980.0
1663 16072.0 4977.0
1664 16065.0 4953.0
1665 16088.0 4935.0
1666 16113.0 4932.0
1667 16091.0 4935.0
1668 16074.0 4950.0
1669 16076.0 4959.0
1670 16066.0 4962.0
1671 16053.0 4977.0
1672 16071.0 4983.0
1673 16040.0 4995.0
1674 16053.0 4992.0
1675 16052.0 4992.0
1676 16035.0 4962.0
1677 16051.0 4986.0
1678 16055.0 4995.0
1679 16042.0 4953.0
1680 16060.0 4947.0
1681 16039.0 4956.0
1682 16050.0 4980.0
1683 16072.0 4992.0
1684 16082.0 4980.0
1685 16063.0 4959.0
1686 16068.0 4968.0
1687 16061.0 4971.0
1688 16060.0 4950.0
1689 16070.0 4947.0
1690 16077.0 4941.0
1691 16065.0 4941.0
1692 16087.0 4926.0
1693 16088.0 4911.0
1694 16088.0 4944.0
1695 16094.0 4932.0
1696 16095.0 4935.0
1697 16103.0 4923.0
1698 16117.0 4929.0
1699 16090.0 4917.0
1700 16065.0 4923.0
1701 16061.0 4920.0
1702 16079.0 4905.0
1703 16081.0 4899.0
1704 16061.0 4917.0
1705 16074.0 4926.0
1706 16090.0 4920.0
1707 16085.0 4908.0
1708 16098.0 4914.0
1709 16116.0 4947.0
1710 16096.0 4956.0
1711 16112.0 4968.0
1712 16112.0 4962.0
1713 16114.0 4959.0
1714 16105.0 4953.0
1715 16112.0 4959.0
1716 16108.0 4947.0
1717 16107.0 4938.0
1718 16128.0 4965.0
1719 16123.0 4962.0
1720 16117.0 4986.0
1721 16109.0 5004.0
1722 16131.0 4992.0
1723 16099.0 4974.0
1724 16094.0 4977.0
1725 16089.0 4962.0
1726 16092.0 4962.0
1727 16095.0 4947.0
1728 16076.0 4941.0
1729 16065.0 4950.0
1730 16069.0 4956.0
1731 16070.0 4944.0
1732 16112.0 4965.0
1733 16104.0 4962.0
1734 16094.0 4941.0
1735 16090.0 4941.0
1736 16117.0 4947.0
1737 16112.0 4947.0
1738 16102.0 4947.0
1739 16067.0 4941.0
1740 16074.0 4941.0
1741 16086.0 4962.0
1742 16092.0 4950.0
1743 16086.0 4974.0
1744 16104.0 4980.0
1745 16113.0 4971.0
1746 16079.0 4971.0
1747 16081.0 4977.0
1748 16083.0 4986.0
1749 16070.0 4986.0
1750 16083.0 4986.0
1751 16081.0 4980.0
1752 16100.0 4983.0
1753 16102.0 5001.0
1754 16106.0 5007.0
1755 16127.0 5010.0
1756 16143.0 5010.0
1757 16154.0 5001.0
1758 16159.0 5010.0
1759 16165.0 4992.0
1760 16165.0 4980.0
1761 16180.0 4977.0
1762 16177.0 4974.0
1763 16151.0 4965.0
1764 16161.0 4965.0
1765 16154.0 4968.0
1766 16198.0 4974.0
1767 16170.0 4995.0
1768 16165.0 4995.0
1769 16155.0 4977.0
1770 16139.0 4971.0
1771 16134.0 4980.0
1772 16157.0 4992.0
1773 16161.0 4980.0
1774 16133.0 4998.0
1775 16142.0 5019.0
1776 16170.0 5022.0
1777 16191.0 5022.0
1778 16198.0 5034.0
1779 16181.0 5028.0
1780 16168.0 5040.0
1781 16190.0 5043.0
1782 16199.0 5049.0
1783 16190.0 5055.0
1784 16193.0 5055.0
1785 16197.0 5037.0
1786 16195.0 5025.0
1787 16165.0 5010.0
1788 16181.0 5019.0
1789 16148.0 5025.0
1790 16155.0 5013.0
1791 16147.0 5022.0
1792 16136.0 4980.0
1793 16125.0 4953.0
1794 16119.0 4956.0
1795 16123.0 4989.0
1796 16112.0 4986.0
1797 16119.0 4983.0
1798 16119.0 4983.0
1799 16114.0 4983.0
1800 16108.0 5004.0
1801 16093.0 4986.0
1802 16081.0 4995.0
1803 16058.0 5001.0
1804 16055.0 4998.0
1805 16047.0 5016.0
1806 16073.0 5010.0
1807 16075.0 5040.0
1808 16075.0 5052.0
1809 16076.0 5028.0
1810 16062.0 5061.0
1811 16032.0 5046.0
1812 16046.0 5067.0
1813 16067.0 5064.0
1814 16075.0 5067.0
1815 16084.0 5067.0
1816 16115.0 5067.0
1817 16133.0 5064.0
1818 16097.0 5070.0
1819 16079.0 5070.0
1820 16089.0 5082.0
1821 16092.0 5061.0
1822 16087.0 5064.0
1823 16081.0 5055.0
1824 16063.0 5061.0
1825 16087.0 5046.0
1826 16082.0 5073.0
1827 16077.0 5079.0
1828 16070.0 5067.0
1829 16068.0 5034.0
1830 16075.0 5055.0
1831 16070.0 5031.0
1832 16098.0 5031.0
1833 16100.0 5031.0
1834 16099.0 5049.0
1835 16074.0 5043.0
1836 16078.0 5049.0
1837 16094.0 5055.0
1838 16084.0 5064.0
1839 16096.0 5052.0
1840 16092.0 5052.0
1841 16090.0 5067.0
1842 16083.0 5055.0
1843 16079.0 5064.0
1844 16081.0 5073.0
1845 16079.0 5064.0
1846 16099.0 5067.0
1847 16085.0 5064.0
1848 16094.0 5058.0
1849 16056.0 5052.0
1850 16077.0 5037.0
1851 16080.0 5043.0
1852 16092.0 5082.0
1853 16093.0 5076.0
1854 16090.0 5085.0
1855 16093.0 5097.0
1856 16117.0 5106.0
1857 16091.0 5085.0
1858 16089.0 5079.0
1859 16099.0 5082.0
1860 16098.0 5070.0
1861 16097.0 5082.0
1862 16088.0 5088.0
1863 16078.0 5085.0
1864 16081.0 5085.0
1865 16073.0 5094.0
1866 16075.0 5100.0
1867 16078.0 5097.0
1868 16083.0 5106.0
1869 16087.0 5118.0
1870 16074.0 5115.0
1871 16061.0 5091.0
1872 16042.0 5094.0
1873 16012.0 5088.0
1874 16005.0 5052.0
1875 16027.0 5058.0
1876 16039.0 5058.0
1877 16056.0 5070.0
1878 16056.0 5082.0
1879 16056.0 5079.0
1880 16050.0 5097.0
1881 16063.0 5097.0
1882 16079.0 5082.0
1883 16074.0 5094.0
1884 16077.0 5100.0
1885 16088.0 5097.0
1886 16073.0 5103.0
1887 16078.0 5106.0
1888 16074.0 5103.0
1889 16055.0 5112.0
1890 16054.0 5091.0
1891 16063.0 5091.0
1892 16066.0 5094.0
1893 16070.0 5091.0
1894 16080.0 5100.0
1895 16057.0 5088.0
1896 16081.0 5082.0
1897 16067.0 5082.0
1898 16070.0 5079.0
1899 16061.0 5088.0
1900 16077.0 5085.0
1901 16061.0 5076.0
1902 16053.0 5055.0
1903 16035.0 5061.0
1904 16046.0 5070.0
1905 16067.0 5094.0
1906 16082.0 5118.0
1907 16081.0 5130.0
1908 16096.0 5133.0
1909 16102.0 5136.0
1910 16102.0 5121.0
1911 16116.0 5133.0
1912 16112.0 5142.0
1913 16138.0 5136.0
1914 16179.0 5154.0
1915 16159.0 5133.0
1916 16149.0 5118.0
1917 16155.0 5100.0
1918 16159.0 5088.0
1919 16150.0 5103.0
1920 16131.0 5106.0
1921 16126.0 5124.0
1922 16119.0 5130.0
1923 16127.0 5115.0
1924 16125.0 5100.0
1925 16098.0 5112.0
1926 16110.0 5103.0
1927 16109.0 5118.0
1928 16094.0 5109.0
1929 16085.0 5127.0
1930 16067.0 5130.0
1931 16064.0 5133.0
1932 16099.0 5127.0
1933 16067.0 5127.0
1934 16081.0 5145.0
1935 16075.0 5142.0
1936 16076.0 5133.0
1937 16076.0 5127.0
1938 16093.0 5130.0
1939 16087.0 5118.0
1940 16084.0 5130.0
1941 16092.0 5142.0
1942 16101.0 5154.0
1943 16092.0 5148.0
1944 16099.0 5145.0
1945 16119.0 5148.0
1946 16092.0 5145.0
1947 16111.0 5124.0
1948 16117.0 5133.0
1949 16126.0 5145.0
1950 16120.0 5139.0
1951 16133.0 5145.0
1952 16118.0 5151.0
1953 16108.0 5151.0
1954 16107.0 5160.0
1955 16107.0 5151.0
1956 16110.0 5142.0
1957 16118.0 5148.0
1958 16133.0 5154.0
1959 16133.0 5157.0
1960 16131.0 5157.0
1961 16141.0 5166.0
1962 16133.0 5175.0
1963 16127.0 5169.0
1964 16134.0 5166.0
1965 16140.0 5160.0
1966 16134.0 5175.0
1967 16134.0 5175.0
1968 16137.0 5181.0
1969 16124.0 5178.0
1970 16141.0 5190.0
1971 16143.0 5184.0
1972 16124.0 5184.0
1973 16114.0 5202.0
1974 16116.0 5196.0
1975 16104.0 5181.0
1976 16102.0 5193.0
1977 16098.0 5187.0
1978 16077.0 5178.0
1979 16084.0 5157.0
1980 16076.0 5172.0
1981 16067.0 5175.0
1982 16075.0 5163.0
1983 16075.0 5175.0
1984 16069.0 5169.0
1985 16084.0 5163.0
1986 16096.0 5166.0
1987 16104.0 5169.0
1988 16102.0 5169.0
1989 16089.0 5166.0
1990 16067.0 5160.0
1991 16062.0 5169.0
1992 16059.0 5190.0
1993 16073.0 5181.0
1994 16067.0 5187.0
1995 16063.0 5193.0
1996 16077.0 5169.0
1997 16091.0 5184.0
1998 16080.0 5187.0
1999 16077.0 5187.0
2000 16090.0 5163.0
2001 16064.0 5151.0
2002 16119.0 5154.0
2003 16119.0 5157.0
2004 16131.0 5151.0
2005 16154.0 5184.0
2006 16158.0 5196.0
2007 16167.0 5199.0
2008 16165.0 5193.0
2009 16172.0 5181.0
2010 16180.0 5163.0
2011 16194.0 5178.0
2012 16163.0 5166.0
2013 16177.0 5172.0
2014 16160.0 5160.0
2015 16173.0 5157.0
2016 16165.0 5154.0
2017 16134.0 5133.0
2018 16141.0 5133.0
2019 16145.0 5148.0
2020 16165.0 5148.0
2021 16176.0 5160.0
2022 16173.0 5145.0
2023 16153.0 5154.0
2024 16156.0 5157.0
2025 16130.0 5169.0
2026 16123.0 5166.0
2027 16127.0 5193.0
2028 16123.0 5199.0
2029 16139.0 5211.0
2030 16147.0 5193.0
2031 16136.0 5199.0
2032 16155.0 5199.0
2033 16146.0 5187.0
2034 16172.0 5211.0
2035 16167.0 5181.0
2036 16167.0 5160.0
2037 16158.0 5178.0
2038 16163.0 5163.0
2039 16165.0 5160.0
2040 16162.0 5142.0
2041 16169.0 5139.0
2042 16170.0 5133.0
2043 16163.0 5151.0
2044 16145.0 5151.0
2045 16119.0 5133.0
2046 16101.0 5127.0
2047 16141.0 5136.0
2048 16127.0 5139.0
2049 16150.0 5127.0
2050 16137.0 5139.0
2051 16168.0 5130.0
2052 16164.0 5139.0
2053 16145.0 5148.0
2054 16160.0 5133.0
2055 16149.0 5118.0
2056 16153.0 5109.0
2057 16170.0 5115.0
2058 16165.0 5127.0
2059 16144.0 5100.0
2060 16171.0 5103.0
2061 16168.0 5094.0
2062 16162.0 5103.0
2063 16140.0 5094.0
2064 16127.0 5097.0
2065 16145.0 5076.0
2066 16160.0 5082.0
2067 16164.0 5079.0
2068 16171.0 5118.0
2069 16186.0 5109.0
2070 16185.0 5124.0
2071 16201.0 5127.0
2072 16166.0 5139.0
2073 16171.0 5139.0
2074 16178.0 5127.0
2075 16164.0 5151.0
2076 16151.0 5142.0
2077 16135.0 5151.0
2078 16138.0 5142.0
2079 16104.0 5139.0
2080 16117.0 5139.0
2081 16112.0 5142.0
2082 16110.0 5136.0
2083 16108.0 5148.0
2084 16111.0 5148.0
2085 16144.0 5127.0
2086 16144.0 5160.0
2087 16159.0 5190.0
2088 16179.0 5181.0
2089 16168.0 5178.0
2090 16171.0 5169.0
2091 16181.0 5163.0
2092 16164.0 5172.0
2093 16193.0 5187.0
2094 16205.0 5208.0
2095 16194.0 5214.0
2096 16164.0 5205.0
2097 16164.0 5214.0
2098 16196.0 5217.0
2099 16192.0 5217.0
2100 16186.0 5202.0
2101 16193.0 5190.0
2102 16227.0 5214.0
2103 16191.0 5214.0
2104 16179.0 5202.0
2105 16168.0 5190.0
2106 16168.0 5199.0
2107 16151.0 5196.0
2108 16153.0 5178.0
2109 16170.0 5163.0
2110 16178.0 5157.0
2111 16179.0 5190.0
2112 16186.0 5217.0
2113 16185.0 5226.0
2114 16171.0 5232.0
2115 16142.0 5214.0
2116 16119.0 5187.0
2117 16122.0 5184.0
2118 16139.0 5181.0
2119 16124.0 5193.0
2120 16113.0 5199.0
2121 16105.0 5196.0
2122 16132.0 5211.0
2123 16113.0 5190.0
2124 16117.0 5166.0
2125 16112.0 5163.0
2126 16120.0 5157.0
2127 16088.0 5163.0
2128 16073.0 5160.0
2129 16083.0 5145.0
2130 16069.0 5151.0
2131 16069.0 5148.0
2132 16078.0 5190.0
2133 16069.0 5202.0
2134 16078.0 5202.0
2135 16094.0 5205.0
2136 16107.0 5211.0
2137 16106.0 5208.0
2138 16107.0 5205.0
2139 16107.0 5211.0
2140 16111.0 5187.0
2141 16127.0 5202.0
2142 16141.0 5202.0
2143 16113.0 5199.0
2144 16136.0 5205.0
2145 16137.0 5175.0
2146 16123.0 5145.0
2147 16104.0 5142.0
2148 16101.0 5127.0
2149 16108.0 5112.0
2150 16111.0 5097.0
2151 16106.0 5106.0
2152 16090.0 5103.0
2153 16087.0 5094.0
2154 16095.0 5088.0
2155 16095.0 5082.0
2156 16083.0 5085.0
2157 16067.0 5103.0
2158 16076.0 5100.0
2159 16075.0 5112.0
2160 16076.0 5100.0
2161 16057.0 5103.0
2162 16037.0 5097.0
2163 16021.0 5103.0
2164 16037.0 5112.0
2165 16058.0 5118.0
2166 16068.0 5124.0
2167 16082.0 5127.0
2168 16104.0 5124.0
2169 16096.0 5124.0
2170 16115.0 5115.0
2171 16107.0 5109.0
2172 16084.0 5103.0
2173 16087.0 5109.0
2174 16115.0 5121.0
2175 16068.0 5121.0
2176 16073.0 5139.0
2177 16077.0 5136.0
2178 16083.0 5160.0
2179 16076.0 5169.0
2180 16084.0 5187.0
2181 16089.0 5187.0
2182 16074.0 5199.0
2183 16057.0 5184.0
2184 16051.0 5193.0
2185 16064.0 5214.0
2186 16101.0 5214.0
2187 16073.0 5235.0
2188 16094.0 5238.0
2189 16102.0 5238.0
2190 16103.0 5244.0
2191 16085.0 5253.0
2192 16084.0 5217.0
2193 16078.0 5202.0
2194 16094.0 5208.0
2195 16079.0 5205.0
2196 16076.0 5193.0
2197 16074.0 5187.0
2198 16088.0 5166.0
2199 16086.0 5178.0
2200 16102.0 5196.0
2201 16098.0 5205.0
2202 16100.0 5199.0
2203 16103.0 5205.0
2204 16108.0 5178.0
2205 16101.0 5193.0
2206 16108.0 5190.0
2207 16094.0 5190.0
2208 16129.0 5175.0
2209 16140.0 5178.0
2210 16131.0 5199.0
2211 16132.0 5199.0
2212 16150.0 5211.0
2213 16144.0 5184.0
2214 16153.0 5211.0
2215 16140.0 5208.0
2216 16152.0 5202.0
2217 16139.0 5193.0
2218 16112.0 5193.0
2219 16113.0 5184.0
2220 16106.0 5196.0
2221 16103.0 5181.0
2222 16105.0 5196.0
2223 16087.0 5202.0
2224 16097.0 5190.0
2225 16105.0 5181.0
2226 16123.0 5190.0
2227 16115.0 5208.0
2228 16129.0 5220.0
2229 16133.0 5229.0
2230 16139.0 5226.0
2231 16132.0 5229.0
2232 16142.0 5229.0
2233 16134.0 5223.0
2234 16130.0 5205.0
2235 16111.0 5202.0
2236 16113.0 5199.0
2237 16126.0 5223.0
2238 16136.0 5226.0
2239 16135.0 5217.0
2240 16138.0 5232.0
2241 16147.0 5226.0
2242 16171.0 5247.0
2243 16179.0 5247.0
2244 16179.0 5241.0
2245 16169.0 5220.0
2246 16165.0 5232.0
2247 16189.0 5253.0
2248 16211.0 5247.0
2249 16216.0 5259.0
2250 16199.0 5262.0
2251 16192.0 5244.0
2252 16194.0 5220.0
2253 16204.0 5196.0
2254 16195.0 5208.0
2255 16174.0 5214.0
2256 16161.0 5214.0
2257 16159.0 5238.0
2258 16152.0 5235.0
2259 16139.0 5217.0
2260 16134.0 5229.0
2261 16137.0 5250.0
2262 16128.0 5244.0
2263 16132.0 5253.0
2264 16143.0 5274.0
2265 16111.0 5238.0
2266 16131.0 5247.0
2267 16150.0 5259.0
2268 16162.0 5274.0
2269 16161.0 5280.0
2270 16154.0 5268.0
2271 16151.0 5271.0
2272 16155.0 5274.0
2273 16176.0 5259.0
2274 16190.0 5268.0
2275 16194.0 5271.0
2276 16201.0 5262.0
2277 16229.0 5253.0
2278 16231.0 5274.0
2279 16232.0 5265.0
2280 16214.0 5262.0
2281 16171.0 5265.0
2282 16150.0 5232.0
2283 16170.0 5232.0
2284 16181.0 5232.0
2285 16193.0 5208.0
2286 16169.0 5226.0
2287 16185.0 5229.0
2288 16203.0 5241.0
2289 16211.0 5235.0
2290 16216.0 5223.0
2291 16203.0 5217.0
2292 16205.0 5226.0
2293 16218.0 5244.0
2294 16206.0 5259.0
2295 16190.0 5262.0
2296 16191.0 5265.0
2297 16167.0 5232.0
2298 16192.0 5220.0
2299 16164.0 5235.0
2300 16172.0 5244.0
2301 16169.0 5253.0
2302 16126.0 5247.0
2303 16129.0 5256.0
2304 16091.0 5238.0
2305 16084.0 5268.0
2306 16084.0 5295.0
2307 16079.0 5277.0
2308 16095.0 5277.0
2309 16097.0 5292.0
2310 16092.0 5289.0
2311 16079.0 5286.0
2312 16078.0 5268.0
2313 16084.0 5268.0
2314 16100.0 5265.0
2315 16111.0 5286.0
2316 16117.0 5271.0
2317 16122.0 5259.0
2318 16132.0 5286.0
2319 16137.0 5274.0
2320 16122.0 5259.0
2321 16091.0 5259.0
2322 16091.0 5262.0
2323 16083.0 5253.0
2324 16059.0 5241.0
2325 16062.0 5256.0
2326 16060.0 5250.0
2327 16044.0 5259.0
2328 16035.0 5250.0
2329 16024.0 5250.0
2330 16032.0 5241.0
2331 16026.0 5253.0
2332 16054.0 5268.0
2333 16023.0 5283.0
2334 16026.0 5274.0
2335 16058.0 5277.0
2336 16035.0 5277.0
2337 16043.0 5277.0
2338 16022.0 5277.0
2339 16025.0 5271.0
2340 16013.0 5259.0
2341 16032.0 5232.0
2342 16057.0 5229.0
2343 16075.0 5253.0
2344 16054.0 5244.0
2345 16041.0 5247.0
2346 16030.0 5265.0
2347 16044.0 5289.0
2348 16044.0 5268.0
2349 16045.0 5265.0
2350 16030.0 5256.0
2351 16021.0 5238.0
2352 16047.0 5250.0
2353 16045.0 5244.0
2354 16051.0 5235.0
2355 16078.0 5247.0
2356 16071.0 5253.0
2357 16080.0 5262.0
2358 16092.0 5259.0
2359 16084.0 5277.0
2360 16075.0 5286.0
2361 16084.0 5271.0
2362 16076.0 5283.0
2363 16101.0 5304.0
2364 16092.0 5298.0
2365 16090.0 5310.0
2366 16080.0 5325.0
2367 16092.0 5337.0
2368 16092.0 5334.0
2369 16091.0 5346.0
2370 16095.0 5340.0
2371 16110.0 5352.0
2372 16106.0 5370.0
2373 16101.0 5361.0
2374 16085.0 5346.0
2375 16100.0 5355.0
2376 16117.0 5355.0
2377 16144.0 5361.0
2378 16153.0 5358.0
2379 16171.0 5379.0
2380 16151.0 5379.0
2381 16133.0 5361.0
2382 16124.0 5364.0
2383 16122.0 5364.0
2384 16135.0 5361.0
2385 16138.0 5364.0
2386 16135.0 5364.0
2387 16134.0 5367.0
2388 16144.0 5388.0
2389 16149.0 5409.0
2390 16140.0 5382.0
2391 16146.0 5388.0
2392 16164.0 5370.0
2393 16160.0 5376.0
2394 16142.0 5367.0
2395 16152.0 5367.0
2396 16161.0 5355.0
2397 16144.0 5361.0
2398 16123.0 5346.0
2399 16142.0 5334.0
2400 16115.0 5313.0
2401 16110.0 5304.0
2402 16121.0 5319.0
2403 16106.0 5316.0
2404 16117.0 5337.0
2405 16120.0 5337.0
2406 16107.0 5334.0
2407 16128.0 5322.0
2408 16133.0 5319.0
2409 16131.0 5319.0
2410 16112.0 5310.0
2411 16108.0 5310.0
2412 16111.0 5298.0
2413 16100.0 5301.0
2414 16087.0 5331.0
2415 16068.0 5331.0
2416 16076.0 5331.0
2417 16091.0 5328.0
2418 16103.0 5334.0
2419 16113.0 5328.0
2420 16091.0 5331.0
2421 16096.0 5343.0
2422 16102.0 5373.0
2423 16074.0 5349.0
2424 16087.0 5373.0
2425 16067.0 5370.0
2426 16061.0 5349.0
2427 16076.0 5346.0
2428 16078.0 5349.0
2429 16059.0 5352.0
2430 16056.0 5355.0
2431 16061.0 5319.0
2432 16050.0 5316.0
2433 16059.0 5316.0
2434 16090.0 5295.0
2435 16083.0 5301.0
2436 16065.0 5313.0
2437 16098.0 5322.0
2438 16114.0 5322.0
2439 16102.0 5319.0
2440 16084.0 5322.0
2441 16073.0 5331.0
2442 16071.0 5310.0
2443 16065.0 5331.0
2444 16054.0 5313.0
2445 16057.0 5304.0
2446 16074.0 5307.0
2447 16066.0 5295.0
2448 16073.0 5277.0
2449 16080.0 5274.0
2450 16103.0 5286.0
2451 16121.0 5277.0
2452 16129.0 5286.0
2453 16139.0 5289.0
2454 16163.0 5283.0
2455 16153.0 5283.0
2456 16165.0 5256.0
2457 16179.0 5268.0
2458 16195.0 5292.0
2459 16200.0 5310.0
2460 16197.0 5349.0
2461 16206.0 5328.0
2462 16225.0 5325.0
2463 16210.0 5349.0
2464 16202.0 5364.0
2465 16192.0 5355.0
2466 16181.0 5361.0
2467 16167.0 5361.0
2468 16184.0 5361.0
2469 16190.0 5370.0
2470 16176.0 5370.0
2471 16153.0 5379.0
2472 16136.0 5388.0
2473 16135.0 5385.0
2474 16156.0 5394.0
2475 16160.0 5409.0
2476 16142.0 5433.0
2477 16147.0 5403.0
2478 16159.0 5409.0
2479 16143.0 5391.0
2480 16182.0 5376.0
2481 16198.0 5385.0
2482 16209.0 5382.0
2483 16204.0 5382.0
2484 16197.0 5373.0
2485 16199.0 5370.0
2486 16183.0 5358.0
2487 16198.0 5367.0
2488 16182.0 5370.0
2489 16165.0 5370.0
2490 16170.0 5373.0
2491 16174.0 5358.0
2492 16168.0 5376.0
2493 16158.0 5382.0
2494 16138.0 5385.0
2495 16158.0 5400.0
2496 16183.0 5427.0
2497 16175.0 5403.0
2498 16175.0 5397.0
2499 16169.0 5415.0
2500 16179.0 5430.0
2501 16171.0 5427.0
2502 16167.0 5427.0
2503 16153.0 5424.0
2504 16145.0 5415.0
2505 16138.0 5394.0
2506 16151.0 5379.0
2507 16153.0 5370.0
2508 16150.0 5346.0
2509 16155.0 5379.0
2510 16160.0 5376.0
2511 16148.0 5373.0
2512 16144.0 5346.0
2513 16128.0 5319.0
2514 16116.0 5322.0
2515 16105.0 5343.0
2516 16088.0 5337.0
2517 16090.0 5319.0
2518 16092.0 5319.0
2519 16126.0 5331.0
2520 16126.0 5334.0
2521 16130.0 5328.0
2522 16092.0 5319.0
2523 16090.0 5304.0
2524 16093.0 5298.0
2525 16114.0 5304.0
2526 16097.0 5316.0
2527 16112.0 5301.0
2528 16105.0 5307.0
2529 16085.0 5322.0
2530 16108.0 5322.0
2531 16121.0 5343.0
2532 16119.0 5343.0
2533 16126.0 5334.0
2534 16120.0 5376.0
2535 16146.0 5361.0
2536 16145.0 5376.0
2537 16140.0 5397.0
2538 16164.0 5403.0
2539 16173.0 5403.0
2540 16153.0 5388.0
2541 16150.0 5382.0
2542 16145.0 5376.0
2543 16148.0 5361.0
2544 16140.0 5367.0
2545 16164.0 5376.0
2546 16143.0 5352.0
2547 16130.0 5346.0
2548 16149.0 5376.0
2549 16130.0 5346.0
2550 16134.0 5331.0
2551 16146.0 5343.0
2552 16130.0 5337.0
2553 16131.0 5331.0
2554 16104.0 5331.0
2555 16115.0 5331.0
2556 16123.0 5322.0
2557 16094.0 5316.0
2558 16118.0 5298.0
2559 16139.0 5307.0
2560 16149.0 5304.0
2561 16154.0 5322.0
2562 16175.0 5331.0
2563 16184.0 5322.0
2564 16177.0 5331.0
2565 16185.0 5334.0
2566 16166.0 5340.0
2567 16167.0 5340.0
2568 16189.0 5343.0
2569 16177.0 5352.0
2570 16151.0 5343.0
2571 16112.0 5349.0
2572 16105.0 5349.0
2573 16107.0 5364.0
2574 16107.0 5361.0
2575 16117.0 5349.0
2576 16100.0 5361.0
2577 16120.0 5343.0
2578 16123.0 5355.0
2579 16136.0 5358.0
2580 16126.0 5334.0
2581 16134.0 5331.0
2582 16120.0 5334.0
2583 16112.0 5358.0
2584 16104.0 5328.0
2585 16094.0 5328.0
2586 16089.0 5310.0
2587 16095.0 5301.0
2588 16111.0 5313.0
2589 16113.0 5334.0
2590 16100.0 5355.0
2591 16106.0 5355.0
2592 16093.0 5349.0
2593 16087.0 5322.0
2594 16068.0 5316.0
2595 16077.0 5316.0
2596 16083.0 5358.0
2597 16088.0 5367.0
2598 16073.0 5349.0
2599 16068.0 5337.0
2600 16056.0 5319.0
2601 16082.0 5304.0
2602 16091.0 5331.0
2603 16090.0 5328.0
2604 16105.0 5331.0
2605 16116.0 5337.0
2606 16108.0 5334.0
2607 16092.0 5346.0
2608 16077.0 5349.0
2609 16095.0 5367.0
2610 16103.0 5379.0
2611 16128.0 5382.0
2612 16113.0 5382.0
2613 16102.0 5373.0
2614 16064.0 5364.0
2615 16077.0 5358.0
2616 16079.0 5370.0
2617 16098.0 5367.0
2618 16083.0 5370.0
2619 16097.0 5382.0
2620 16102.0 5364.0
2621 16107.0 5355.0
2622 16091.0 5343.0
2623 16092.0 5349.0
2624 16083.0 5349.0
2625 16065.0 5349.0
2626 16079.0 5355.0
2627 16087.0 5343.0
2628 16101.0 5337.0
2629 16086.0 5349.0
2630 16096.0 5331.0
2631 16098.0 5334.0
2632 16104.0 5346.0
2633 16101.0 5340.0
2634 16098.0 5340.0
2635 16093.0 5337.0
2636 16092.0 5325.0
2637 16092.0 5334.0
2638 16068.0 5343.0
2639 16068.0 5349.0
2640 16084.0 5358.0
2641 16110.0 5367.0
2642 16102.0 5340.0
2643 16111.0 5331.0
2644 16108.0 5355.0
2645 16103.0 5352.0
2646 16090.0 5346.0
2647 16095.0 5343.0
2648 16100.0 5328.0
2649 16129.0 5334.0
2650 16136.0 5331.0
2651 16160.0 5340.0
2652 16138.0 5331.0
2653 16154.0 5367.0
2654 16134.0 5391.0
2655 16123.0 5382.0
2656 16105.0 5385.0
2657 16102.0 5385.0
2658 16098.0 5385.0
2659 16120.0 5397.0
2660 16117.0 5418.0
2661 16117.0 5442.0
2662 16099.0 5424.0
2663 16087.0 5418.0
2664 16086.0 5427.0
2665 16121.0 5460.0
2666 16132.0 5478.0
2667 16113.0 5472.0
2668 16116.0 5457.0
2669 16104.0 5457.0
2670 16117.0 5484.0
2671 16135.0 5463.0
2672 16145.0 5457.0
2673 16141.0 5475.0
2674 16136.0 5502.0
2675 16151.0 5508.0
2676 16143.0 5505.0
2677 16121.0 5496.0
2678 16121.0 5487.0
2679 16112.0 5475.0
2680 16083.0 5481.0
2681 16078.0 5478.0
2682 16079.0 5511.0
2683 16075.0 5493.0
2684 16078.0 5487.0
2685 16074.0 5493.0
2686 16079.0 5493.0
2687 16099.0 5499.0
2688 16108.0 5487.0
2689 16118.0 5472.0
2690 16115.0 5475.0
2691 16122.0 5472.0
2692 16140.0 5478.0
2693 16142.0 5466.0
2694 16159.0 5454.0
2695 16155.0 5433.0
2696 16154.0 5418.0
2697 16161.0 5424.0
2698 16188.0 5421.0
2699 16185.0 5436.0
2700 16160.0 5418.0
2701 16143.0 5418.0
2702 16143.0 5406.0
2703 16138.0 5421.0
2704 16141.0 5421.0
2705 16134.0 5406.0
2706 16129.0 5415.0
2707 16123.0 5415.0
2708 16145.0 5436.0
2709 16145.0 5457.0
2710 16128.0 5460.0
2711 16137.0 5448.0
2712 16127.0 5451.0
2713 16134.0 5451.0
2714 16139.0 5442.0
2715 16155.0 5445.0
2716 16152.0 5427.0
2717 16118.0 5427.0
2718 16124.0 5433.0
2719 16133.0 5445.0
2720 16133.0 5442.0
2721 16145.0 5436.0
2722 16162.0 5424.0
2723 16157.0 5436.0
2724 16156.0 5466.0
2725 16144.0 5466.0
2726 16149.0 5463.0
2727 16149.0 5451.0
2728 16113.0 5457.0
2729 16123.0 5463.0
2730 16095.0 5448.0
2731 16102.0 5469.0
2732 16086.0 5490.0
2733 16087.0 5490.0
2734 16083.0 5484.0
2735 16091.0 5484.0
2736 16099.0 5490.0
2737 16102.0 5466.0
2738 16123.0 5463.0
2739 16124.0 5454.0
2740 16109.0 5424.0
2741 16114.0 5415.0
2742 16105.0 5424.0
2743 16135.0 5412.0
2744 16160.0 5415.0
2745 16175.0 5415.0
2746 16189.0 5415.0
2747 16170.0 5400.0
2748 16163.0 5427.0
2749 16149.0 5436.0
2750 16151.0 5439.0
2751 16121.0 5427.0
2752 16124.0 5409.0
2753 16135.0 5403.0
2754 16132.0 5418.0
2755 16127.0 5418.0
2756 16121.0 5409.0
2757 16129.0 5427.0
2758 16137.0 5409.0
2759 16157.0 5415.0
2760 16149.0 5412.0
2761 16166.0 5421.0
2762 16169.0 5415.0
2763 16153.0 5400.0
2764 16141.0 5421.0
2765 16139.0 5415.0
2766 16139.0 5433.0
2767 16122.0 5436.0
2768 16129.0 5403.0
2769 16102.0 5394.0
2770 16099.0 5370.0
2771 16107.0 5379.0
2772 16113.0 5388.0
2773 16123.0 5376.0
2774 16129.0 5382.0
2775 16111.0 5385.0
2776 16102.0 5391.0
2777 16101.0 5400.0
2778 16109.0 5403.0
2779 16139.0 5412.0
2780 16146.0 5397.0
2781 16147.0 5409.0
2782 16144.0 5388.0
2783 16131.0 5400.0
2784 16145.0 5406.0
2785 16154.0 5394.0
2786 16177.0 5400.0
2787 16200.0 5406.0
2788 16211.0 5400.0
2789 16212.0 5412.0
2790 16202.0 5415.0
2791 16201.0 5409.0
2792 16199.0 5418.0
2793 16182.0 5415.0
2794 16175.0 5406.0
2795 16159.0 5406.0
2796 16163.0 5385.0
2797 16163.0 5376.0
2798 16184.0 5391.0
2799 16195.0 5400.0
2800 16204.0 5385.0
2801 16206.0 5379.0
2802 16191.0 5400.0
2803 16169.0 5382.0
2804 16162.0 5373.0
2805 16193.0 5376.0
2806 16186.0 5364.0
2807 16182.0 5373.0
2808 16183.0 5391.0
2809 16187.0 5397.0
2810 16168.0 5409.0
2811 16160.0 5388.0
2812 16179.0 5400.0
2813 16173.0 5409.0
2814 16173.0 5400.0
2815 16168.0 5400.0
2816 16167.0 5394.0
2817 16155.0 5394.0
2818 16137.0 5364.0
2819 16148.0 5370.0
2820 16137.0 5391.0
2821 16137.0 5400.0
2822 16154.0 5391.0
2823 16157.0 5385.0
2824 16161.0 5382.0
2825 16145.0 5361.0
2826 16109.0 5364.0
2827 16127.0 5379.0
2828 16142.0 5382.0
2829 16129.0 5373.0
2830 16140.0 5373.0
2831 16147.0 5367.0
2832 16159.0 5379.0
2833 16157.0 5367.0
2834 16167.0 5385.0
2835 16176.0 5376.0
2836 16170.0 5391.0
2837 16151.0 5376.0
2838 16152.0 5388.0
2839 16159.0 5406.0
2840 16145.0 5397.0
2841 16141.0 5385.0
2842 16150.0 5382.0
2843 16154.0 5382.0
2844 16166.0 5391.0
2845 16187.0 5391.0
2846 16164.0 5373.0
2847 16143.0 5364.0
2848 16162.0 5376.0
2849 16150.0 5376.0
2850 16182.0 5406.0
2851 16180.0 5430.0
2852 16167.0 5439.0
2853 16156.0 5391.0
2854 16166.0 5412.0
2855 16155.0 5391.0
2856 16150.0 5382.0
2857 16149.0 5379.0
2858 16151.0 5349.0
2859 16164.0 5358.0
2860 16163.0 5379.0
2861 16165.0 5385.0
2862 16133.0 5406.0
2863 16145.0 5385.0
2864 16135.0 5400.0
2865 16137.0 5388.0
2866 16119.0 5385.0
2867 16112.0 5397.0
2868 16117.0 5376.0
2869 16115.0 5376.0
2870 16126.0 5382.0
2871 16139.0 5373.0
2872 16135.0 5370.0
2873 16124.0 5373.0
2874 16110.0 5367.0
2875 16104.0 5349.0
2876 16123.0 5361.0
2877 16128.0 5367.0
2878 16092.0 5352.0
2879 16103.0 5361.0
2880 16079.0 5355.0
2881 16088.0 5361.0
2882 16089.0 5364.0
2883 16093.0 5373.0
2884 16125.0 5397.0
2885 16122.0 5397.0
2886 16123.0 5412.0
2887 16137.0 5406.0
2888 16092.0 5415.0
2889 16115.0 5415.0
2890 16083.0 5415.0
2891 16081.0 5427.0
2892 16086.0 5421.0
2893 16106.0 5415.0
2894 16095.0 5409.0
2895 16084.0 5424.0
2896 16118.0 5445.0
2897 16140.0 5442.0
2898 16147.0 5433.0
2899 16139.0 5427.0
2900 16138.0 5421.0
2901 16105.0 5427.0
2902 16108.0 5433.0
2903 16112.0 5412.0
2904 16114.0 5403.0
2905 16115.0 5409.0
2906 16110.0 5409.0
2907 16132.0 5406.0
2908 16106.0 5415.0
2909 16118.0 5424.0
2910 16121.0 5415.0
2911 16103.0 5379.0
2912 16090.0 5370.0
2913 16109.0 5376.0
2914 16106.0 5379.0
2915 16108.0 5379.0
2916 16138.0 5385.0
2917 16129.0 5385.0
2918 16120.0 5382.0
2919 16125.0 5373.0
2920 16134.0 5358.0
2921 16122.0 5346.0
2922 16131.0 5331.0
2923 16122.0 5322.0
2924 16114.0 5328.0
2925 16109.0 5313.0
2926 16095.0 5307.0
2927 16078.0 5304.0
2928 16074.0 5316.0
2929 16074.0 5319.0
2930 16068.0 5322.0
2931 16077.0 5313.0
2932 16076.0 5313.0
2933 16067.0 5313.0
2934 16065.0 5331.0
2935 16060.0 5337.0
2936 16065.0 5325.0
2937 16040.0 5316.0
2938 16031.0 5313.0
2939 16052.0 5322.0
2940 16051.0 5316.0
2941 16047.0 5325.0
2942 16066.0 5298.0
2943 16088.0 5298.0
2944 16079.0 5307.0
2945 16052.0 5295.0
2946 16053.0 5307.0
2947 16061.0 5304.0
2948 16060.0 5301.0
2949 16074.0 5322.0
2950 16076.0 5328.0
2951 16076.0 5343.0
2952 16056.0 5325.0
2953 16068.0 5313.0
2954 16078.0 5316.0
2955 16092.0 5334.0
2956 16104.0 5328.0
2957 16096.0 5319.0
2958 16095.0 5331.0
2959 16093.0 5334.0
2960 16110.0 5340.0
2961 16137.0 5325.0
2962 16149.0 5331.0
2963 16166.0 5310.0
2964 16163.0 5310.0
2965 16158.0 5325.0
2966 16137.0 5337.0
2967 16141.0 5343.0
2968 16110.0 5322.0
2969 16103.0 5322.0
2970 16103.0 5325.0
2971 16077.0 5337.0
2972 16109.0 5358.0
2973 16129.0 5355.0
2974 16137.0 5373.0
2975 16152.0 5355.0
2976 16149.0 5349.0
2977 16134.0 5322.0
2978 16125.0 5319.0
2979 16137.0 5328.0
2980 16131.0 5313.0
2981 16153.0 5328.0
2982 16133.0 5322.0
2983 16102.0 5334.0
2984 16106.0 5340.0
2985 16107.0 5346.0
2986 16078.0 5373.0
2987 16104.0 5397.0
2988 16097.0 5382.0
2989 16097.0 5388.0
2990 16100.0 5397.0
2991 16111.0 5394.0
2992 16113.0 5415.0
2993 16105.0 5427.0
2994 16102.0 5442.0
2995 16105.0 5433.0
2996 16132.0 5445.0
2997 16105.0 5433.0
2998 16110.0 5442.0
2999 16088.0 5454.0
3000 16087.0 5466.0
3001 16057.0 5451.0
3002 16038.0 5433.0
3003 16046.0 5436.0
3004 16052.0 5421.0
3005 16038.0 5433.0
3006 16036.0 5430.0
3007 16049.0 5412.0
3008 16059.0 5418.0
3009 16050.0 5418.0
3010 16060.0 5412.0
3011 16074.0 5442.0
3012 16065.0 5433.0
3013 16064.0 5424.0
3014 16081.0 5445.0
3015 16064.0 5466.0
3016 16060.0 5466.0
3017 16046.0 5463.0
3018 16029.0 5445.0
3019 16022.0 5451.0
3020 16042.0 5451.0
3021 16035.0 5439.0
3022 16029.0 5454.0
3023 16041.0 5463.0
3024 16024.0 5457.0
3025 16022.0 5463.0
3026 16026.0 5472.0
3027 16030.0 5466.0
3028 16017.0 5484.0
3029 15990.0 5469.0
3030 15976.0 5445.0
3031 16009.0 5439.0
3032 16010.0 5436.0
3033 16002.0 5439.0
3034 15991.0 5433.0
3035 16031.0 5439.0
3036 16033.0 5439.0
3037 16044.0 5451.0
3038 16091.0 5451.0
3039 16081.0 5433.0
3040 16107.0 5430.0
3041 16132.0 5442.0
3042 16148.0 5442.0
3043 16149.0 5418.0
3044 16159.0 5427.0
3045 16170.0 5433.0
3046 16165.0 5433.0
3047 16149.0 5436.0
3048 16147.0 5448.0
3049 16134.0 5433.0
3050 16162.0 5439.0
3051 16149.0 5454.0
3052 16168.0 5466.0
3053 16150.0 5463.0
3054 16136.0 5454.0
3055 16153.0 5448.0
3056 16157.0 5439.0
3057 16131.0 5445.0
3058 16130.0 5448.0
3059 16117.0 5421.0
3060 16113.0 5424.0
3061 16114.0 5421.0
3062 16108.0 5400.0
3063 16104.0 5406.0
3064 16084.0 5421.0
3065 16098.0 5406.0
3066 16125.0 5424.0
3067 16137.0 5427.0
3068 16131.0 5421.0
3069 16121.0 5427.0
3070 16146.0 5418.0
3071 16148.0 5418.0
3072 16123.0 5397.0
3073 16144.0 5388.0
3074 16113.0 5388.0
3075 16120.0 5385.0
3076 16112.0 5397.0
3077 16137.0 5385.0
3078 16141.0 5412.0
3079 16151.0 5421.0
3080 16144.0 5403.0
3081 16145.0 5400.0
3082 16124.0 5391.0
3083 16130.0 5397.0
3084 16125.0 5412.0
3085 16146.0 5406.0
3086 16166.0 5421.0
3087 16167.0 5424.0
3088 16147.0 5412.0
3089 16147.0 5412.0
3090 16132.0 5400.0
3091 16133.0 5376.0
3092 16116.0 5367.0
3093 16101.0 5382.0
3094 16094.0 5376.0
3095 16099.0 5379.0
3096 16085.0 5364.0
3097 16082.0 5373.0
3098 16081.0 5373.0
3099 16101.0 5370.0
3100 16103.0 5382.0
3101 16111.0 5385.0
3102 16101.0 5385.0
3103 16099.0 5373.0
3104 16136.0 5391.0
3105 16142.0 5352.0
3106 16123.0 5343.0
3107 16118.0 5346.0
3108 16125.0 5331.0
3109 16124.0 5304.0
3110 16139.0 5301.0
3111 16115.0 5304.0
3112 16115.0 5301.0
3113 16107.0 5319.0
3114 16098.0 5316.0
3115 16098.0 5319.0
3116 16098.0 5340.0
3117 16092.0 5328.0
3118 16093.0 5310.0
3119 16119.0 5334.0
3120 16114.0 5340.0
3121 16131.0 5343.0
3122 16137.0 5349.0
3123 16152.0 5325.0
3124 16125.0 5328.0
3125 16123.0 5328.0
3126 16127.0 5319.0
3127 16131.0 5343.0
3128 16133.0 5331.0
3129 16108.0 5334.0
3130 16117.0 5328.0
3131 16131.0 5325.0
3132 16125.0 5325.0
3133 16125.0 5316.0
3134 16113.0 5319.0
3135 16106.0 5343.0
3136 16102.0 5343.0
3137 16094.0 5349.0
3138 16077.0 5355.0
3139 16055.0 5367.0
3140 16083.0 5379.0
3141 16089.0 5382.0
3142 16075.0 5358.0
3143 16081.0 5370.0
3144 16106.0 5376.0
3145 16125.0 5385.0
3146 16147.0 5400.0
3147 16161.0 5397.0
3148 16177.0 5409.0
3149 16150.0 5397.0
3150 16135.0 5382.0
3151 16131.0 5373.0
3152 16136.0 5373.0
3153 16132.0 5382.0
3154 16129.0 5385.0
3155 16127.0 5382.0
3156 16110.0 5391.0
3157 16109.0 5364.0
3158 16109.0 5379.0
3159 16103.0 5364.0
3160 16099.0 5382.0
3161 16093.0 5394.0
3162 16111.0 5385.0
3163 16123.0 5376.0
3164 16119.0 5370.0
3165 16128.0 5379.0
3166 16132.0 5364.0
3167 16128.0 5382.0
3168 16149.0 5385.0
3169 16152.0 5388.0
3170 16164.0 5394.0
3171 16120.0 5376.0
3172 16116.0 5388.0
3173 16112.0 5385.0
3174 16118.0 5385.0
3175 16100.0 5373.0
3176 16132.0 5346.0
3177 16127.0 5352.0
3178 16135.0 5358.0
3179 16140.0 5349.0
3180 16152.0 5340.0
3181 16161.0 5340.0
3182 16164.0 5346.0
3183 16149.0 5349.0
3184 16169.0 5364.0
3185 16161.0 5358.0
3186 16185.0 5358.0
3187 16176.0 5376.0
3188 16169.0 5382.0
3189 16156.0 5358.0
3190 16145.0 5370.0
3191 16129.0 5376.0
3192 16147.0 5346.0
3193 16134.0 5343.0
3194 16132.0 5361.0
3195 16122.0 5349.0
3196 16133.0 5340.0
3197 16092.0 5322.0
3198 16098.0 5319.0
3199 16110.0 5337.0
3200 16100.0 5328.0
3201 16098.0 5334.0
3202 16086.0 5322.0
3203 16080.0 5340.0
3204 16058.0 5340.0
3205 16068.0 5355.0
3206 16081.0 5343.0
3207 16099.0 5349.0
3208 16090.0 5346.0
3209 16107.0 5337.0
3210 16095.0 5343.0
3211 16073.0 5328.0
3212 16083.0 5328.0
3213 16100.0 5340.0
3214 16100.0 5334.0
3215 16080.0 5343.0
3216 16093.0 5325.0
3217 16087.0 5334.0
3218 16095.0 5322.0
3219 16091.0 5310.0
3220 16079.0 5328.0
3221 16067.0 5328.0
3222 16088.0 5319.0
3223 16080.0 5316.0
3224 16094.0 5343.0
3225 16089.0 5334.0
3226 16074.0 5346.0
3227 16069.0 5325.0
3228 16058.0 5325.0
3229 16063.0 5346.0
3230 16040.0 5328.0
3231 16057.0 5337.0
3232 16060.0 5331.0
3233 16037.0 5322.0
3234 16041.0 5328.0
3235 16040.0 5328.0
3236 16033.0 5331.0
3237 16044.0 5340.0
3238 16025.0 5337.0
3239 16018.0 5313.0
3240 16022.0 5337.0
3241 16037.0 5349.0
3242 16039.0 5346.0
3243 16008.0 5343.0
3244 16027.0 5337.0
3245 16043.0 5331.0
3246 16030.0 5340.0
3247 16042.0 5340.0
3248 16022.0 5355.0
3249 16032.0 5334.0
3250 16041.0 5352.0
3251 16048.0 5370.0
3252 16051.0 5364.0
3253 16034.0 5364.0
3254 16026.0 5367.0
3255 16030.0 5355.0
3256 16051.0 5349.0
3257 16058.0 5343.0
3258 16035.0 5331.0
3259 16038.0 5331.0
3260 16024.0 5307.0
3261 16029.0 5322.0
3262 16051.0 5313.0
3263 16031.0 5319.0
3264 16028.0 5313.0
3265 16032.0 5343.0
3266 15998.0 5322.0
3267 15992.0 5328.0
3268 15999.0 5331.0
3269 16018.0 5337.0
3270 16025.0 5361.0
3271 16023.0 5364.0
3272 16052.0 5379.0
3273 16054.0 5379.0
3274 16066.0 5415.0
3275 16066.0 5406.0
3276 16071.0 5394.0
3277 16060.0 5400.0
3278 16070.0 5403.0
3279 16047.0 5412.0
3280 16070.0 5412.0
3281 16080.0 5403.0
3282 16089.0 5394.0
3283 16079.0 5394.0
3284 16076.0 5397.0
3285 16103.0 5397.0
3286 16105.0 5400.0
3287 16077.0 5394.0
3288 16079.0 5391.0
3289 16080.0 5391.0
3290 16066.0 5388.0
3291 16093.0 5379.0
3292 16079.0 5373.0
3293 16069.0 5382.0
3294 16067.0 5391.0
3295 16066.0 5367.0
3296 16045.0 5358.0
3297 16045.0 5352.0
3298 16069.0 5358.0
3299 16077.0 5367.0
3300 16099.0 5367.0
3301 16121.0 5382.0
3302 16128.0 5403.0
3303 16113.0 5397.0
3304 16087.0 5400.0
3305 16101.0 5418.0
3306 16135.0 5418.0
3307 16149.0 5415.0
3308 16134.0 5400.0
3309 16133.0 5412.0
3310 16132.0 5397.0
3311 16146.0 5385.0
3312 16153.0 5376.0
3313 16160.0 5379.0
3314 16129.0 5394.0
3315 16128.0 5382.0
3316 16127.0 5412.0
3317 16125.0 5412.0
3318 16132.0 5409.0
3319 16136.0 5409.0
3320 16152.0 5418.0
3321 16130.0 5412.0
3322 16117.0 5424.0
3323 16119.0 5406.0
3324 16128.0 5394.0
3325 16119.0 5379.0
3326 16146.0 5376.0
3327 16133.0 5376.0
3328 16140.0 5367.0
3329 16137.0 5379.0
3330 16135.0 5379.0
3331 16131.0 5391.0
3332 16137.0 5394.0
3333 16145.0 5391.0
3334 16131.0 5385.0
3335 16140.0 5382.0
3336 16131.0 5391.0
3337 16132.0 5403.0
3338 16140.0 5400.0
3339 16138.0 5400.0
3340 16132.0 5412.0
3341 16117.0 5430.0
3342 16126.0 5418.0
3343 16113.0 5400.0
3344 16118.0 5394.0
3345 16099.0 5385.0
3346 16104.0 5385.0
3347 16112.0 5391.0
3348 16096.0 5403.0
3349 16093.0 5406.0
3350 16067.0 5406.0
3351 16088.0 5421.0
3352 16071.0 5403.0
3353 16072.0 5388.0
3354 16088.0 5397.0
3355 16090.0 5394.0
3356 16125.0 5382.0
3357 16135.0 5391.0
3358 16149.0 5406.0
3359 16162.0 5406.0
3360 16188.0 5394.0
3361 16201.0 5376.0
3362 16195.0 5400.0
3363 16208.0 5385.0
3364 16202.0 5376.0
3365 16187.0 5382.0
3366 16181.0 5376.0
3367 16183.0 5388.0
3368 16190.0 5391.0
3369 16189.0 5403.0
3370 16163.0 5400.0
3371 16141.0 5382.0
3372 16139.0 5388.0
3373 16147.0 5394.0
3374 16142.0 5394.0
3375 16163.0 5391.0
3376 16173.0 5388.0
3377 16156.0 5397.0
3378 16156.0 5400.0
3379 16166.0 5394.0
3380 16144.0 5376.0
3381 16132.0 5382.0
3382 16111.0 5373.0
3383 16115.0 5394.0
3384 16113.0 5391.0
3385 16113.0 5382.0
3386 16129.0 5379.0
3387 16116.0 5382.0
3388 16130.0 5415.0
3389 16146.0 5409.0
3390 16142.0 5406.0
3391 16121.0 5400.0
3392 16100.0 5394.0
3393 16117.0 5400.0
3394 16122.0 5403.0
3395 16130.0 5403.0
3396 16119.0 5418.0
3397 16135.0 5406.0
3398 16125.0 5418.0
3399 16138.0 5409.0
3400 16141.0 5409.0
3401 16135.0 5403.0
3402 16151.0 5430.0
3403 16119.0 5433.0
3404 16121.0 5433.0
3405 16138.0 5448.0
3406 16131.0 5439.0
3407 16150.0 5454.0
3408 16165.0 5454.0
3409 16146.0 5454.0
3410 16122.0 5448.0
3411 16086.0 5433.0
3412 16089.0 5421.0
3413 16083.0 5418.0
3414 16065.0 5427.0
3415 16067.0 5430.0
3416 16103.0 5418.0
3417 16102.0 5424.0
3418 16075.0 5400.0
3419 16097.0 5409.0
3420 16089.0 5406.0
3421 16116.0 5409.0
3422 16100.0 5391.0
3423 16089.0 5406.0
3424 16078.0 5379.0
3425 16102.0 5373.0
3426 16080.0 5376.0
3427 16083.0 5376.0
3428 16065.0 5373.0
3429 16043.0 5379.0
3430 16055.0 5385.0
3431 16062.0 5397.0
3432 16067.0 5397.0
3433 16055.0 5406.0
3434 16056.0 5394.0
3435 16043.0 5412.0
3436 16040.0 5400.0
3437 16028.0 5379.0
3438 16056.0 5379.0
3439 16067.0 5376.0
3440 16069.0 5388.0
3441 16077.0 5409.0
3442 16078.0 5409.0
3443 16069.0 5403.0
3444 16065.0 5397.0
3445 16070.0 5388.0
3446 16031.0 5367.0
3447 16068.0 5385.0
3448 16066.0 5370.0
3449 16073.0 5373.0
3450 16071.0 5388.0
3451 16065.0 5385.0
3452 16083.0 5391.0
3453 16062.0 5400.0
3454 16058.0 5394.0
3455 16037.0 5397.0
3456 16052.0 5400.0
3457 16050.0 5409.0
3458 16040.0 5400.0
3459 16047.0 5400.0
3460 16056.0 5394.0
3461 16058.0 5397.0
3462 16049.0 5397.0
3463 16049.0 5391.0
3464 16055.0 5379.0
3465 16041.0 5370.0
3466 16051.0 5364.0
3467 16067.0 5388.0
3468 16072.0 5409.0
3469 16071.0 5406.0
3470 16076.0 5424.0
3471 16077.0 5409.0
3472 16088.0 5391.0
3473 16110.0 5373.0
3474 16111.0 5364.0
3475 16115.0 5361.0
3476 16119.0 5370.0
3477 16104.0 5373.0
3478 16106.0 5382.0
3479 16124.0 5373.0
3480 16151.0 5379.0
3481 16128.0 5376.0
3482 16156.0 5394.0
3483 16146.0 5412.0
3484 16146.0 5409.0
3485 16147.0 5430.0
3486 16128.0 5409.0
3487 16122.0 5394.0
3488 16132.0 5406.0
3489 16116.0 5391.0
3490 16146.0 5391.0
3491 16122.0 5397.0
3492 16128.0 5379.0
3493 16145.0 5382.0
3494 16152.0 5370.0
3495 16155.0 5367.0
3496 16146.0 5349.0
3497 16151.0 5367.0
3498 16141.0 5355.0
3499 16127.0 5349.0
3500 16121.0 5352.0
3501 16108.0 5343.0
3502 16113.0 5370.0
3503 16113.0 5379.0
3504 16101.0 5382.0
3505 16102.0 5382.0
3506 16107.0 5403.0
3507 16099.0 5421.0
3508 16097.0 5418.0
3509 16111.0 5427.0
3510 16090.0 5424.0
3511 16067.0 5439.0
3512 16080.0 5421.0
3513 16089.0 5427.0
3514 16073.0 5415.0
3515 16082.0 5388.0
3516 16070.0 5394.0
3517 16056.0 5403.0
3518 16043.0 5409.0
3519 16052.0 5436.0
3520 16058.0 5421.0
3521 16057.0 5427.0
3522 16065.0 5421.0
3523 16064.0 5433.0
3524 16038.0 5421.0
3525 16051.0 5412.0
3526 16047.0 5397.0
3527 16040.0 5397.0
3528 16052.0 5397.0
3529 16064.0 5403.0
3530 16073.0 5406.0
3531 16071.0 5430.0
3532 16082.0 5424.0
3533 16101.0 5409.0
3534 16084.0 5418.0
3535 16085.0 5424.0
3536 16073.0 5430.0
3537 16080.0 5424.0
3538 16076.0 5418.0
3539 16077.0 5427.0
3540 16082.0 5412.0
3541 16082.0 5421.0
3542 16096.0 5406.0
3543 16113.0 5418.0
3544 16075.0 5409.0
3545 16072.0 5394.0
3546 16062.0 5406.0
3547 16088.0 5418.0
3548 16067.0 5403.0
3549 16067.0 5403.0
3550 16066.0 5391.0
3551 16080.0 5388.0
3552 16103.0 5400.0
3553 16098.0 5418.0
3554 16087.0 5418.0
3555 16077.0 5388.0
3556 16092.0 5373.0
3557 16056.0 5394.0
3558 16061.0 5370.0
3559 16051.0 5364.0
3560 16045.0 5340.0
3561 16066.0 5364.0
3562 16058.0 5343.0
3563 16058.0 5349.0
3564 16061.0 5382.0
3565 16052.0 5397.0
3566 16051.0 5397.0
3567 16042.0 5376.0
3568 16034.0 5376.0
3569 16042.0 5370.0
3570 16044.0 5379.0
3571 16053.0 5391.0
3572 16078.0 5376.0
3573 16084.0 5385.0
3574 16078.0 5394.0
3575 16059.0 5385.0
3576 16052.0 5385.0
3577 16087.0 5397.0
3578 16113.0 5412.0
3579 16092.0 5394.0
3580 16099.0 5391.0
3581 16098.0 5391.0
3582 16085.0 5364.0
3583 16056.0 5367.0
3584 16077.0 5376.0
3585 16060.0 5373.0
3586 16091.0 5388.0
3587 16098.0 5376.0
3588 16112.0 5382.0
3589 16089.0 5367.0
3590 16080.0 5361.0
3591 16082.0 5355.0
3592 16062.0 5343.0
3593 16071.0 5361.0
3594 16059.0 5352.0
3595 16051.0 5334.0
3596 16067.0 5337.0
3597 16059.0 5325.0
3598 16067.0 5340.0
3599 16076.0 5334.0
3600 16069.0 5328.0
3601 16055.0 5331.0
3602 16080.0 5340.0
3603 16094.0 5316.0
3604 16124.0 5322.0
3605 16099.0 5325.0
3606 16090.0 5322.0
3607 16088.0 5322.0
3608 16071.0 5307.0
3609 16078.0 5316.0
3610 16085.0 5343.0
3611 16073.0 5352.0
3612 16042.0 5364.0
3613 16039.0 5370.0
3614 16037.0 5367.0
3615 16024.0 5382.0
3616 15995.0 5352.0
3617 15999.0 5358.0
3618 16024.0 5361.0
3619 16021.0 5355.0
3620 16029.0 5382.0
3621 16024.0 5367.0
3622 16023.0 5361.0
3623 16029.0 5364.0
3624 16036.0 5364.0
3625 16050.0 5361.0
3626 16043.0 5337.0
3627 16042.0 5325.0
3628 16065.0 5340.0
3629 16058.0 5322.0
3630 16082.0 5316.0
3631 16104.0 5307.0
3632 16114.0 5325.0
3633 16106.0 5325.0
3634 16085.0 5328.0
3635 16080.0 5337.0
3636 16082.0 5325.0
3637 16100.0 5334.0
3638 16106.0 5349.0
3639 16099.0 5334.0
3640 16083.0 5301.0
3641 16077.0 5301.0
3642 16070.0 5301.0
3643 16097.0 5295.0
3644 16076.0 5307.0
3645 16094.0 5304.0
3646 16095.0 5301.0
3647 16091.0 5307.0
3648 16085.0 5301.0
3649 16071.0 5274.0
3650 16078.0 5292.0
3651 16109.0 5310.0
3652 16117.0 5307.0
3653 16096.0 5310.0
3654 16105.0 5322.0
3655 16118.0 5325.0
3656 16118.0 5304.0
3657 16124.0 5295.0
3658 16112.0 5283.0
3659 16119.0 5280.0
3660 16106.0 5286.0
3661 16126.0 5283.0
3662 16102.0 5322.0
3663 16106.0 5331.0
3664 16098.0 5331.0
3665 16116.0 5343.0
3666 16109.0 5340.0
3667 16100.0 5355.0
3668 16098.0 5355.0
3669 16066.0 5334.0
3670 16074.0 5355.0
3671 16066.0 5337.0
3672 16078.0 5343.0
3673 16077.0 5334.0
3674 16056.0 5334.0
3675 16061.0 5322.0
3676 16068.0 5307.0
3677 16089.0 5322.0
3678 16096.0 5328.0
3679 16106.0 5310.0
3680 16120.0 5304.0
3681 16106.0 5295.0
3682 16115.0 5292.0
3683 16103.0 5295.0
3684 16126.0 5289.0
3685 16112.0 5295.0
3686 16131.0 5289.0
3687 16139.0 5301.0
3688 16133.0 5307.0
3689 16122.0 5301.0
3690 16093.0 5310.0
3691 16077.0 5310.0
3692 16084.0 5307.0
3693 16083.0 5307.0
3694 16091.0 5307.0
3695 16100.0 5298.0
3696 16113.0 5325.0
3697 16099.0 5331.0
3698 16090.0 5322.0
3699 16104.0 5301.0
3700 16117.0 5319.0
3701 16127.0 5322.0
3702 16107.0 5307.0
3703 16113.0 5307.0
3704 16104.0 5313.0
3705 16093.0 5304.0
3706 16116.0 5304.0
3707 16099.0 5286.0
3708 16074.0 5295.0
3709 16076.0 5307.0
3710 16063.0 5304.0
3711 16060.0 5307.0
3712 16067.0 5313.0
3713 16071.0 5304.0
3714 16081.0 5325.0
3715 16075.0 5301.0
3716 16068.0 5298.0
3717 16068.0 5316.0
3718 16067.0 5316.0
3719 16077.0 5298.0
3720 16070.0 5268.0
3721 16080.0 5277.0
3722 16065.0 5289.0
3723 16079.0 5298.0
3724 16063.0 5301.0
3725 16047.0 5289.0
3726 16014.0 5286.0
3727 16009.0 5295.0
3728 16005.0 5292.0
3729 16025.0 5304.0
3730 16040.0 5298.0
3731 16054.0 5289.0
3732 16052.0 5313.0
3733 16039.0 5307.0
3734 16053.0 5295.0
3735 16082.0 5304.0
3736 16081.0 5307.0
3737 16072.0 5292.0
3738 16059.0 5322.0
3739 16051.0 5346.0
3740 16066.0 5352.0
3741 16061.0 5376.0
3742 16058.0 5385.0
3743 16049.0 5361.0
3744 16070.0 5370.0
3745 16061.0 5340.0
3746 16081.0 5379.0
3747 16077.0 5385.0
3748 16049.0 5373.0
3749 16042.0 5379.0
3750 16048.0 5385.0
3751 16053.0 5379.0
3752 16063.0 5376.0
3753 16081.0 5376.0
3754 16086.0 5340.0
3755 16076.0 5349.0
3756 16065.0 5346.0
3757 16066.0 5334.0
3758 16057.0 5340.0
3759 16057.0 5343.0
3760 16051.0 5352.0
3761 16050.0 5364.0
3762 16060.0 5358.0
3763 16042.0 5340.0
3764 16040.0 5340.0
3765 16067.0 5346.0
3766 16069.0 5346.0
3767 16084.0 5334.0
3768 16101.0 5361.0
3769 16106.0 5382.0
3770 16105.0 5397.0
3771 16104.0 5424.0
3772 16090.0 5415.0
3773 16112.0 5418.0
3774 16117.0 5412.0
3775 16121.0 5424.0
3776 16121.0 5424.0
3777 16123.0 5436.0
3778 16118.0 5424.0
3779 16136.0 5430.0
3780 16161.0 5421.0
3781 16137.0 5424.0
3782 16156.0 5421.0
3783 16157.0 5424.0
3784 16137.0 5424.0
3785 16140.0 5418.0
3786 16162.0 5424.0
3787 16187.0 5409.0
3788 16181.0 5415.0
3789 16176.0 5403.0
3790 16164.0 5400.0
3791 16187.0 5394.0
3792 16192.0 5388.0
3793 16189.0 5400.0
3794 16158.0 5388.0
3795 16155.0 5379.0
3796 16138.0 5364.0
3797 16148.0 5364.0
3798 16163.0 5373.0
3799 16137.0 5367.0
3800 16128.0 5385.0
3801 16120.0 5376.0
3802 16118.0 5376.0
3803 16109.0 5367.0
3804 16091.0 5385.0
3805 16100.0 5385.0
3806 16113.0 5406.0
3807 16122.0 5391.0
3808 16132.0 5406.0
3809 16118.0 5394.0
3810 16127.0 5403.0
3811 16138.0 5382.0
3812 16100.0 5370.0
3813 16119.0 5382.0
3814 16122.0 5385.0
3815 16129.0 5391.0
3816 16129.0 5397.0
3817 16131.0 5379.0
3818 16128.0 5364.0
3819 16132.0 5352.0
3820 16133.0 5349.0
3821 16136.0 5358.0
3822 16147.0 5376.0
3823 16144.0 5394.0
3824 16117.0 5409.0
3825 16114.0 5409.0
3826 16120.0 5394.0
3827 16126.0 5376.0
3828 16126.0 5388.0
3829 16120.0 5382.0
3830 16130.0 5385.0
3831 16136.0 5376.0
3832 16120.0 5385.0
3833 16138.0 5388.0
3834 16142.0 5403.0
3835 16152.0 5430.0
3836 16128.0 5433.0
3837 16128.0 5448.0
3838 16081.0 5427.0
3839 16078.0 5436.0
3840 16101.0 5424.0
3841 16107.0 5394.0
3842 16096.0 5388.0
3843 16085.0 5406.0
3844 16106.0 5388.0
3845 16103.0 5370.0
3846 16077.0 5364.0
3847 16078.0 5379.0
3848 16082.0 5394.0
3849 16055.0 5397.0
3850 16041.0 5391.0
3851 16047.0 5397.0
3852 16036.0 5409.0
3853 16057.0 5421.0
3854 16054.0 5439.0
3855 16056.0 5421.0
3856 16058.0 5439.0
3857 16062.0 5439.0
3858 16072.0 5418.0
3859 16044.0 5409.0
3860 16054.0 5388.0
3861 16047.0 5370.0
3862 16067.0 5391.0
3863 16079.0 5391.0
3864 16066.0 5385.0
3865 16103.0 5400.0
3866 16094.0 5400.0
3867 16086.0 5418.0
3868 16077.0 5427.0
3869 16098.0 5448.0
3870 16103.0 5448.0
3871 16084.0 5463.0
3872 16081.0 5463.0
3873 16072.0 5451.0
3874 16069.0 5439.0
3875 16067.0 5448.0
3876 16070.0 5451.0
3877 16068.0 5424.0
3878 16068.0 5421.0
3879 16064.0 5403.0
3880 16082.0 5403.0
3881 16078.0 5421.0
3882 16073.0 5412.0
3883 16064.0 5385.0
3884 16079.0 5394.0
3885 16064.0 5415.0
3886 16053.0 5409.0
3887 16057.0 5412.0
3888 16044.0 5403.0
3889 16064.0 5451.0
3890 16079.0 5457.0
3891 16083.0 5472.0
3892 16063.0 5457.0
3893 16079.0 5463.0
3894 16080.0 5475.0
3895 16057.0 5472.0
3896 16061.0 5469.0
3897 16076.0 5451.0
3898 16102.0 5436.0
3899 16129.0 5445.0
3900 16110.0 5427.0
3901 16094.0 5421.0
3902 16093.0 5424.0
3903 16095.0 5427.0
3904 16086.0 5430.0
3905 16094.0 5427.0
3906 16096.0 5415.0
3907 16089.0 5421.0
3908 16093.0 5418.0
3909 16108.0 5445.0
3910 16105.0 5415.0
3911 16128.0 5439.0
3912 16145.0 5448.0
3913 16158.0 5451.0
3914 16139.0 5463.0
3915 16154.0 5457.0
3916 16142.0 5451.0
3917 16157.0 5478.0
3918 16164.0 5463.0
3919 16150.0 5445.0
3920 16134.0 5460.0
3921 16125.0 5484.0
3922 16136.0 5472.0
3923 16135.0 5478.0
3924 16133.0 5469.0
3925 16140.0 5466.0
3926 16133.0 5490.0
3927 16149.0 5466.0
3928 16162.0 5460.0
3929 16159.0 5469.0
3930 16161.0 5499.0
3931 16177.0 5502.0
3932 16178.0 5493.0
3933 16177.0 5496.0
3934 16171.0 5499.0
3935 16167.0 5493.0
3936 16193.0 5496.0
3937 16198.0 5514.0
3938 16190.0 5511.0
3939 16215.0 5502.0
3940 16180.0 5481.0
3941 16159.0 5466.0
3942 16155.0 5436.0
3943 16159.0 5451.0
3944 16178.0 5457.0
3945 16182.0 5436.0
3946 16174.0 5430.0
3947 16158.0 5409.0
3948 16170.0 5418.0
3949 16142.0 5424.0
3950 16149.0 5433.0
3951 16158.0 5442.0
3952 16164.0 5433.0
3953 16173.0 5433.0
3954 16172.0 5406.0
3955 16164.0 5400.0
3956 16140.0 5400.0
3957 16134.0 5394.0
3958 16107.0 5376.0
3959 16116.0 5400.0
3960 16123.0 5436.0
3961 16132.0 5448.0
3962 16143.0 5451.0
3963 16167.0 5445.0
3964 16155.0 5433.0
3965 16124.0 5421.0
3966 16128.0 5412.0
3967 16120.0 5403.0
3968 16123.0 5406.0
3969 16134.0 5424.0
3970 16150.0 5424.0
3971 16138.0 5436.0
3972 16131.0 5427.0
3973 16132.0 5433.0
3974 16142.0 5448.0
3975 16150.0 5439.0
3976 16164.0 5451.0
3977 16188.0 5457.0
3978 16195.0 5439.0
3979 16204.0 5430.0
3980 16200.0 5439.0
3981 16183.0 5436.0
3982 16180.0 5451.0
3983 16147.0 5421.0
3984 16142.0 5415.0
3985 16129.0 5427.0
3986 16111.0 5436.0
3987 16080.0 5460.0
3988 16059.0 5457.0
3989 16072.0 5454.0
3990 16083.0 5466.0
3991 16096.0 5457.0
3992 16084.0 5457.0
3993 16097.0 5451.0
3994 16112.0 5454.0
3995 16118.0 5433.0
3996 16120.0 5427.0
3997 16139.0 5442.0
3998 16135.0 5430.0
3999 16125.0 5442.0
4000 16149.0 5436.0
4001 16129.0 5442.0
4002 16135.0 5430.0
4003 16128.0 5442.0
4004 16124.0 5442.0
4005 16118.0 5427.0
4006 16098.0 5454.0
4007 16091.0 5457.0
4008 16116.0 5475.0
4009 16129.0 5463.0
4010 16131.0 5475.0
4011 16134.0 5484.0
4012 16141.0 5472.0
4013 16144.0 5472.0
4014 16127.0 5457.0
4015 16107.0 5418.0
4016 16088.0 5421.0
4017 16086.0 5397.0
4018 16068.0 5385.0
4019 16067.0 5373.0
4020 16069.0 5394.0
4021 16054.0 5400.0
4022 16046.0 5397.0
4023 16079.0 5418.0
4024 16062.0 5427.0
4025 16052.0 5412.0
4026 16070.0 5412.0
4027 16044.0 5403.0
4028 16039.0 5424.0
4029 16032.0 5409.0
4030 16039.0 5397.0
4031 16052.0 5415.0
4032 16067.0 5436.0
4033 16074.0 5415.0
4034 16072.0 5421.0
4035 16085.0 5415.0
4036 16082.0 5421.0
4037 16089.0 5430.0
4038 16085.0 5442.0
4039 16081.0 5409.0
4040 16082.0 5409.0
4041 16065.0 5409.0
4042 16072.0 5421.0
4043 16094.0 5421.0
4044 16068.0 5403.0
4045 16078.0 5403.0
4046 16076.0 5403.0
4047 16077.0 5424.0
4048 16092.0 5451.0
4049 16097.0 5457.0
4050 16099.0 5457.0
4051 16118.0 5460.0
4052 16119.0 5466.0
4053 16112.0 5472.0
4054 16093.0 5466.0
4055 16074.0 5439.0
4056 16065.0 5442.0
4057 16049.0 5445.0
4058 16052.0 5442.0
4059 16066.0 5460.0
4060 16071.0 5448.0
4061 16068.0 5460.0
4062 16064.0 5460.0
4063 16055.0 5439.0
4064 16046.0 5442.0
4065 16062.0 5448.0
4066 16067.0 5475.0
4067 16064.0 5463.0
4068 16085.0 5478.0
4069 16100.0 5487.0
4070 16110.0 5505.0
4071 16121.0 5505.0
4072 16101.0 5508.0
4073 16081.0 5508.0
4074 16099.0 5517.0
4075 16081.0 5505.0
4076 16102.0 5493.0
4077 16123.0 5493.0
4078 16135.0 5514.0
4079 16127.0 5508.0
4080 16099.0 5520.0
4081 16095.0 5523.0
4082 16111.0 5532.0
4083 16110.0 5526.0
4084 16114.0 5529.0
4085 16109.0 5526.0
4086 16083.0 5517.0
4087 16084.0 5514.0
4088 16094.0 5517.0
4089 16090.0 5502.0
4090 16101.0 5508.0
4091 16088.0 5499.0
4092 16062.0 5493.0
4093 16066.0 5502.0
4094 16044.0 5481.0
4095 16055.0 5475.0
4096 16034.0 5466.0
4097 16047.0 5469.0
4098 16046.0 5457.0
4099 16037.0 5445.0
4100 16061.0 5445.0
4101 16050.0 5424.0
4102 16065.0 5415.0
4103 16053.0 5436.0
4104 16082.0 5439.0
4105 16104.0 5418.0
4106 16123.0 5433.0
4107 16137.0 5424.0
4108 16132.0 5415.0
4109 16123.0 5409.0
4110 16102.0 5418.0
4111 16097.0 5424.0
4112 16104.0 5436.0
4113 16117.0 5451.0
4114 16112.0 5454.0
4115 16111.0 5469.0
4116 16114.0 5463.0
4117 16106.0 5463.0
4118 16092.0 5475.0
4119 16086.0 5478.0
4120 16079.0 5463.0
4121 16080.0 5442.0
4122 16062.0 5442.0
4123 16036.0 5442.0
4124 16017.0 5430.0
4125 16039.0 5433.0
4126 16017.0 5427.0
4127 16027.0 5424.0
4128 16038.0 5391.0
4129 16042.0 5400.0
4130 16032.0 5412.0
4131 16035.0 5406.0
4132 16041.0 5397.0
4133 16052.0 5421.0
4134 16070.0 5412.0
4135 16092.0 5406.0
4136 16101.0 5415.0
4137 16086.0 5433.0
4138 16065.0 5436.0
4139 16062.0 5433.0
4140 16079.0 5430.0
4141 16091.0 5421.0
4142 16078.0 5424.0
4143 16083.0 5442.0
4144 16124.0 5454.0
4145 16126.0 5442.0
4146 16125.0 5436.0
4147 16135.0 5421.0
4148 16122.0 5424.0
4149 16135.0 5412.0
4150 16117.0 5421.0
4151 16092.0 5409.0
4152 16116.0 5418.0
4153 16128.0 5430.0
4154 16109.0 5415.0
4155 16113.0 5412.0
4156 16106.0 5409.0
4157 16115.0 5433.0
4158 16106.0 5415.0
4159 16119.0 5409.0
4160 16105.0 5412.0
4161 16099.0 5418.0
4162 16092.0 5433.0
4163 16098.0 5445.0
4164 16104.0 5457.0
4165 16113.0 5451.0
4166 16084.0 5424.0
4167 16101.0 5427.0
4168 16091.0 5439.0
4169 16103.0 5415.0
4170 16104.0 5412.0
4171 16093.0 5406.0
4172 16112.0 5394.0
4173 16118.0 5412.0
4174 16146.0 5394.0
4175 16140.0 5385.0
4176 16135.0 5397.0
4177 16156.0 5394.0
4178 16150.0 5394.0
4179 16167.0 5400.0
4180 16186.0 5418.0
4181 16178.0 5421.0
4182 16180.0 5433.0
4183 16156.0 5406.0
4184 16167.0 5391.0
4185 16166.0 5403.0
4186 16155.0 5388.0
4187 16134.0 5403.0
4188 16153.0 5421.0
4189 16143.0 5430.0
4190 16158.0 5421.0
4191 16144.0 5394.0
4192 16120.0 5376.0
4193 16147.0 5376.0
4194 16134.0 5367.0
4195 16096.0 5379.0
4196 16095.0 5358.0
4197 16111.0 5343.0
4198 16127.0 5340.0
4199 16130.0 5358.0
4200 16140.0 5370.0
4201 16124.0 5361.0
4202 16111.0 5358.0
4203 16116.0 5379.0
4204 16134.0 5382.0
4205 16135.0 5385.0
4206 16145.0 5385.0
4207 16125.0 5379.0
4208 16142.0 5382.0
4209 16131.0 5376.0
4210 16140.0 5382.0
4211 16143.0 5373.0
4212 16156.0 5373.0
4213 16154.0 5361.0
4214 16159.0 5349.0
4215 16139.0 5346.0
4216 16131.0 5346.0
4217 16139.0 5340.0
4218 16136.0 5331.0
4219 16137.0 5337.0
4220 16161.0 5352.0
4221 16138.0 5358.0
4222 16128.0 5367.0
4223 16129.0 5367.0
4224 16134.0 5352.0
4225 16148.0 5376.0
4226 16151.0 5373.0
4227 16122.0 5373.0
4228 16123.0 5388.0
4229 16118.0 5397.0
4230 16116.0 5394.0
4231 16114.0 5391.0
4232 16115.0 5403.0
4233 16106.0 5388.0
4234 16108.0 5391.0
4235 16115.0 5385.0
4236 16136.0 5406.0
4237 16118.0 5394.0
4238 16122.0 5403.0
4239 16129.0 5409.0
4240 16147.0 5403.0
4241 16132.0 5403.0
4242 16123.0 5415.0
4243 16130.0 5415.0
4244 16110.0 5427.0
4245 16101.0 5412.0
4246 16103.0 5394.0
4247 16102.0 5418.0
4248 16105.0 5412.0
4249 16093.0 5400.0
4250 16103.0 5403.0
4251 16088.0 5418.0
4252 16083.0 5421.0
4253 16086.0 5427.0
4254 16107.0 5439.0
4255 16081.0 5439.0
4256 16094.0 5415.0
4257 16099.0 5424.0
4258 16110.0 5445.0
4259 16110.0 5445.0
4260 16094.0 5448.0
4261 16099.0 5433.0
4262 16093.0 5436.0
4263 16103.0 5436.0
4264 16105.0 5433.0
4265 16094.0 5424.0
4266 16116.0 5427.0
4267 16127.0 5436.0
4268 16124.0 5448.0
4269 16114.0 5460.0
4270 16109.0 5460.0
4271 16110.0 5457.0
4272 16092.0 5442.0
4273 16098.0 5460.0
4274 16093.0 5466.0
4275 16069.0 5451.0
4276 16100.0 5469.0
4277 16093.0 5463.0
4278 16069.0 5469.0
4279 16087.0 5454.0
4280 16131.0 5472.0
4281 16141.0 5448.0
4282 16141.0 5481.0
4283 16153.0 5478.0
4284 16134.0 5454.0
4285 16127.0 5457.0
4286 16127.0 5472.0
4287 16130.0 5472.0
4288 16125.0 5475.0
4289 16109.0 5472.0
4290 16100.0 5487.0
4291 16111.0 5487.0
4292 16093.0 5490.0
4293 16123.0 5496.0
4294 16110.0 5487.0
4295 16125.0 5457.0
4296 16142.0 5454.0
4297 16138.0 5451.0
4298 16153.0 5475.0
4299 16144.0 5460.0
4300 16146.0 5469.0
4301 16128.0 5463.0
4302 16115.0 5457.0
4303 16125.0 5454.0
4304 16114.0 5448.0
4305 16086.0 5445.0
4306 16081.0 5430.0
4307 16092.0 5427.0
4308 16091.0 5415.0
4309 16091.0 5403.0
4310 16080.0 5373.0
4311 16095.0 5382.0
4312 16108.0 5397.0
4313 16102.0 5400.0
4314 16093.0 5412.0
4315 16105.0 5403.0
4316 16090.0 5400.0
4317 16102.0 5391.0
4318 16089.0 5409.0
4319 16075.0 5385.0
4320 16087.0 5385.0
4321 16084.0 5361.0
4322 16061.0 5364.0
4323 16076.0 5370.0
4324 16076.0 5382.0
4325 16057.0 5361.0
4326 16034.0 5352.0
4327 16015.0 5367.0
4328 16020.0 5367.0
4329 16013.0 5388.0
4330 15988.0 5391.0
4331 15999.0 5382.0
4332 16004.0 5400.0
4333 16042.0 5421.0
4334 16036.0 5421.0
4335 16063.0 5421.0
4336 16041.0 5415.0
4337 16025.0 5409.0
4338 16032.0 5403.0
4339 16032.0 5409.0
4340 16071.0 5388.0
4341 16046.0 5385.0
