MCS Area Contacto
0 3880.0 300.0
1 4291.0 336.0
2 4790.0 387.0
3 5368.0 471.0
4 6035.0 570.0
5 6738.0 684.0
6 7445.0 816.0
7 8152.0 942.0
8 8861.0 1059.0
9 9511.0 1191.0
10 10126.0 1293.0
11 10684.0 1389.0
12 11200.0 1473.0
13 11697.0 1614.0
14 12125.0 1704.0
15 12503.0 1791.0
16 12832.0 1878.0
17 13133.0 1962.0
18 13364.0 1974.0
19 13573.0 2007.0
20 13758.0 2052.0
21 13915.0 2106.0
22 14052.0 2118.0
23 14161.0 2151.0
24 14260.0 2190.0
25 14359.0 2217.0
26 14428.0 2238.0
27 14514.0 2265.0
28 14567.0 2286.0
29 14634.0 2313.0
30 14687.0 2325.0
31 14740.0 2334.0
32 14786.0 2349.0
33 14828.0 2337.0
34 14849.0 2361.0
35 14900.0 2367.0
36 14927.0 2364.0
37 14947.0 2379.0
38 14988.0 2370.0
39 14998.0 2394.0
40 15047.0 2409.0
41 15052.0 2436.0
42 15061.0 2448.0
43 15054.0 2463.0
44 15074.0 2484.0
45 15090.0 2499.0
46 15098.0 2502.0
47 15099.0 2514.0
48 15118.0 2541.0
49 15139.0 2553.0
50 15143.0 2556.0
51 15159.0 2565.0
52 15186.0 2604.0
53 15197.0 2598.0
54 15214.0 2613.0
55 15216.0 2610.0
56 15242.0 2619.0
57 15260.0 2631.0
58 15273.0 2649.0
59 15300.0 2688.0
60 15309.0 2706.0
61 15335.0 2709.0
62 15352.0 2733.0
63 15300.0 2751.0
64 15314.0 2766.0
65 15318.0 2778.0
66 15318.0 2775.0
67 15336.0 2784.0
68 15342.0 2781.0
69 15350.0 2802.0
70 15343.0 2817.0
71 15346.0 2817.0
72 15319.0 2835.0
73 15311.0 2832.0
74 15293.0 2829.0
75 15304.0 2850.0
76 15311.0 2847.0
77 15314.0 2841.0
78 15325.0 2868.0
79 15328.0 2883.0
80 15348.0 2901.0
81 15370.0 2916.0
82 15372.0 2916.0
83 15356.0 2904.0
84 15338.0 2886.0
85 15325.0 2892.0
86 15332.0 2892.0
87 15333.0 2901.0
88 15336.0 2910.0
89 15324.0 2940.0
90 15309.0 2922.0
91 15328.0 2934.0
92 15316.0 2937.0
93 15324.0 2940.0
94 15326.0 2949.0
95 15356.0 2940.0
96 15359.0 2943.0
97 15350.0 2937.0
98 15342.0 2937.0
99 15355.0 2940.0
100 15332.0 2934.0
101 15327.0 2937.0
102 15349.0 2931.0
103 15354.0 2952.0
104 15351.0 2952.0
105 15344.0 2976.0
106 15335.0 2985.0
107 15332.0 2982.0
108 15359.0 2988.0
109 15353.0 3000.0
110 15359.0 3015.0
111 15332.0 3021.0
112 15340.0 3039.0
113 15380.0 3042.0
114 15380.0 3036.0
115 15394.0 3051.0
116 15379.0 3027.0
117 15361.0 3027.0
118 15356.0 3048.0
119 15360.0 3030.0
120 15361.0 3033.0
121 15351.0 3048.0
122 15352.0 3063.0
123 15375.0 3075.0
124 15363.0 3096.0
125 15357.0 3117.0
126 15351.0 3105.0
127 15323.0 3105.0
128 15351.0 3096.0
129 15374.0 3102.0
130 15359.0 3093.0
131 15380.0 3108.0
132 15389.0 3114.0
133 15422.0 3111.0
134 15419.0 3132.0
135 15402.0 3135.0
136 15406.0 3165.0
137 15405.0 3159.0
138 15413.0 3150.0
139 15401.0 3159.0
140 15394.0 3171.0
141 15396.0 3174.0
142 15361.0 3162.0
143 15375.0 3177.0
144 15366.0 3177.0
145 15359.0 3192.0
146 15378.0 3207.0
147 15371.0 3213.0
148 15372.0 3201.0
149 15377.0 3195.0
150 15380.0 3192.0
151 15385.0 3186.0
152 15384.0 3207.0
153 15381.0 3225.0
154 15394.0 3243.0
155 15396.0 3258.0
156 15396.0 3228.0
157 15403.0 3222.0
158 15397.0 3228.0
159 15418.0 3240.0
160 15428.0 3243.0
161 15461.0 3267.0
162 15454.0 3240.0
163 15441.0 3255.0
164 15447.0 3270.0
165 15470.0 3291.0
166 15466.0 3300.0
167 15434.0 3297.0
168 15460.0 3288.0
169 15434.0 3294.0
170 15418.0 3282.0
171 15443.0 3300.0
172 15430.0 3291.0
173 15425.0 3303.0
174 15435.0 3321.0
175 15435.0 3333.0
176 15433.0 3333.0
177 15428.0 3327.0
178 15440.0 3324.0
179 15414.0 3324.0
180 15421.0 3312.0
181 15423.0 3306.0
182 15416.0 3312.0
183 15451.0 3342.0
184 15444.0 3330.0
185 15425.0 3318.0
186 15396.0 3321.0
187 15418.0 3327.0
188 15454.0 3333.0
189 15452.0 3330.0
190 15441.0 3330.0
191 15431.0 3333.0
192 15438.0 3345.0
193 15462.0 3351.0
194 15447.0 3357.0
195 15419.0 3372.0
196 15419.0 3375.0
197 15395.0 3372.0
198 15381.0 3369.0
199 15385.0 3375.0
200 15383.0 3381.0
201 15347.0 3372.0
202 15353.0 3381.0
203 15394.0 3384.0
204 15400.0 3378.0
205 15405.0 3378.0
206 15395.0 3393.0
207 15397.0 3393.0
208 15397.0 3405.0
209 15425.0 3429.0
210 15436.0 3414.0
211 15475.0 3429.0
212 15466.0 3423.0
213 15474.0 3438.0
214 15455.0 3441.0
215 15450.0 3426.0
216 15434.0 3411.0
217 15437.0 3405.0
218 15448.0 3414.0
219 15452.0 3438.0
220 15438.0 3444.0
221 15419.0 3447.0
222 15404.0 3447.0
223 15368.0 3450.0
224 15371.0 3465.0
225 15361.0 3471.0
226 15374.0 3465.0
227 15355.0 3480.0
228 15370.0 3474.0
229 15386.0 3471.0
230 15380.0 3474.0
231 15386.0 3459.0
232 15401.0 3459.0
233 15415.0 3459.0
234 15403.0 3459.0
235 15430.0 3459.0
236 15418.0 3438.0
237 15436.0 3438.0
238 15422.0 3453.0
239 15426.0 3480.0
240 15437.0 3465.0
241 15428.0 3453.0
242 15440.0 3447.0
243 15408.0 3456.0
244 15406.0 3468.0
245 15382.0 3480.0
246 15349.0 3504.0
247 15360.0 3498.0
248 15361.0 3513.0
249 15372.0 3528.0
250 15377.0 3537.0
251 15353.0 3513.0
252 15369.0 3528.0
253 15390.0 3540.0
254 15383.0 3552.0
255 15353.0 3549.0
256 15323.0 3552.0
257 15315.0 3555.0
258 15302.0 3543.0
259 15311.0 3564.0
260 15300.0 3549.0
261 15290.0 3546.0
262 15294.0 3549.0
263 15283.0 3549.0
264 15278.0 3546.0
265 15271.0 3552.0
266 15285.0 3561.0
267 15284.0 3567.0
268 15299.0 3579.0
269 15288.0 3579.0
270 15311.0 3585.0
271 15307.0 3585.0
272 15318.0 3570.0
273 15354.0 3588.0
274 15350.0 3618.0
275 15354.0 3612.0
276 15350.0 3594.0
277 15344.0 3576.0
278 15340.0 3570.0
279 15327.0 3564.0
280 15339.0 3570.0
281 15338.0 3570.0
282 15313.0 3579.0
283 15335.0 3588.0
284 15325.0 3585.0
285 15352.0 3588.0
286 15364.0 3600.0
287 15379.0 3597.0
288 15401.0 3591.0
289 15429.0 3591.0
290 15426.0 3600.0
291 15419.0 3603.0
292 15413.0 3606.0
293 15415.0 3615.0
294 15418.0 3630.0
295 15395.0 3639.0
296 15397.0 3654.0
297 15425.0 3654.0
298 15415.0 3660.0
299 15423.0 3666.0
300 15425.0 3678.0
301 15429.0 3678.0
302 15421.0 3687.0
303 15427.0 3669.0
304 15432.0 3669.0
305 15445.0 3678.0
306 15446.0 3702.0
307 15439.0 3699.0
308 15446.0 3693.0
309 15439.0 3678.0
310 15451.0 3672.0
311 15448.0 3687.0
312 15440.0 3681.0
313 15428.0 3663.0
314 15408.0 3672.0
315 15412.0 3687.0
316 15416.0 3717.0
317 15425.0 3711.0
318 15427.0 3714.0
319 15411.0 3741.0
320 15410.0 3741.0
321 15405.0 3744.0
322 15390.0 3756.0
323 15394.0 3762.0
324 15400.0 3753.0
325 15412.0 3762.0
326 15400.0 3753.0
327 15410.0 3747.0
328 15408.0 3744.0
329 15410.0 3738.0
330 15409.0 3756.0
331 15401.0 3750.0
332 15390.0 3750.0
333 15380.0 3747.0
334 15368.0 3732.0
335 15358.0 3732.0
336 15365.0 3720.0
337 15387.0 3723.0
338 15397.0 3738.0
339 15418.0 3741.0
340 15440.0 3741.0
341 15450.0 3762.0
342 15428.0 3756.0
343 15440.0 3756.0
344 15442.0 3750.0
345 15438.0 3759.0
346 15435.0 3765.0
347 15455.0 3765.0
348 15474.0 3780.0
349 15470.0 3798.0
350 15470.0 3795.0
351 15461.0 3798.0
352 15462.0 3801.0
353 15443.0 3813.0
354 15447.0 3825.0
355 15453.0 3822.0
356 15445.0 3825.0
357 15452.0 3825.0
358 15434.0 3843.0
359 15440.0 3846.0
360 15463.0 3855.0
361 15442.0 3861.0
362 15452.0 3858.0
363 15454.0 3864.0
364 15460.0 3915.0
365 15469.0 3906.0
366 15485.0 3897.0
367 15477.0 3918.0
368 15476.0 3906.0
369 15492.0 3900.0
370 15481.0 3897.0
371 15470.0 3891.0
372 15484.0 3909.0
373 15484.0 3927.0
374 15477.0 3945.0
375 15466.0 3939.0
376 15437.0 3918.0
377 15431.0 3906.0
378 15433.0 3915.0
379 15405.0 3894.0
380 15410.0 3891.0
381 15396.0 3900.0
382 15426.0 3903.0
383 15415.0 3900.0
384 15422.0 3891.0
385 15424.0 3879.0
386 15445.0 3909.0
387 15445.0 3933.0
388 15466.0 3927.0
389 15480.0 3927.0
390 15479.0 3948.0
391 15494.0 3942.0
392 15486.0 3954.0
393 15505.0 3942.0
394 15474.0 3930.0
395 15471.0 3948.0
396 15468.0 3969.0
397 15458.0 3987.0
398 15444.0 3987.0
399 15454.0 3990.0
400 15449.0 3987.0
401 15462.0 3990.0
402 15487.0 3990.0
403 15451.0 4002.0
404 15470.0 4014.0
405 15463.0 4011.0
406 15450.0 4008.0
407 15425.0 3990.0
408 15439.0 3987.0
409 15427.0 3996.0
410 15425.0 4023.0
411 15370.0 4026.0
412 15367.0 4023.0
413 15385.0 4029.0
414 15400.0 4023.0
415 15386.0 4038.0
416 15379.0 4032.0
417 15389.0 4041.0
418 15409.0 4053.0
419 15410.0 4044.0
420 15421.0 4041.0
421 15407.0 4035.0
422 15412.0 4008.0
423 15403.0 4002.0
424 15423.0 4005.0
425 15439.0 4014.0
426 15434.0 4017.0
427 15425.0 4005.0
428 15423.0 4026.0
429 15431.0 4020.0
430 15421.0 4005.0
431 15429.0 4011.0
432 15429.0 4008.0
433 15437.0 4014.0
434 15471.0 4032.0
435 15451.0 4047.0
436 15465.0 4032.0
437 15456.0 4044.0
438 15450.0 4032.0
439 15426.0 4035.0
440 15409.0 4038.0
441 15406.0 4041.0
442 15412.0 4044.0
443 15446.0 4059.0
444 15450.0 4056.0
445 15465.0 4035.0
446 15476.0 4023.0
447 15492.0 4056.0
448 15479.0 4059.0
449 15473.0 4056.0
450 15471.0 4059.0
451 15484.0 4065.0
452 15461.0 4047.0
453 15472.0 4065.0
454 15461.0 4068.0
455 15460.0 4071.0
456 15452.0 4050.0
457 15436.0 4050.0
458 15441.0 4065.0
459 15434.0 4053.0
460 15413.0 4053.0
461 15383.0 4062.0
462 15379.0 4059.0
463 15391.0 4077.0
464 15393.0 4050.0
465 15415.0 4071.0
466 15409.0 4080.0
467 15398.0 4074.0
468 15385.0 4080.0
469 15392.0 4092.0
470 15415.0 4107.0
471 15415.0 4113.0
472 15403.0 4104.0
473 15396.0 4101.0
474 15397.0 4092.0
475 15383.0 4098.0
476 15370.0 4071.0
477 15366.0 4041.0
478 15367.0 4050.0
479 15375.0 4068.0
480 15392.0 4068.0
481 15415.0 4065.0
482 15420.0 4068.0
483 15435.0 4095.0
484 15447.0 4095.0
485 15447.0 4083.0
486 15455.0 4092.0
487 15463.0 4095.0
488 15464.0 4104.0
489 15484.0 4119.0
490 15468.0 4134.0
491 15471.0 4143.0
492 15483.0 4122.0
493 15490.0 4128.0
494 15495.0 4125.0
495 15490.0 4131.0
496 15507.0 4137.0
497 15477.0 4143.0
498 15479.0 4140.0
499 15488.0 4146.0
500 15474.0 4131.0
501 15443.0 4125.0
502 15434.0 4119.0
503 15431.0 4119.0
504 15445.0 4095.0
505 15406.0 4074.0
506 15398.0 4053.0
507 15401.0 4071.0
508 15411.0 4050.0
509 15425.0 4065.0
510 15411.0 4062.0
511 15398.0 4041.0
512 15377.0 4038.0
513 15383.0 4038.0
514 15370.0 4023.0
515 15377.0 4023.0
516 15402.0 4029.0
517 15380.0 4050.0
518 15388.0 4041.0
519 15364.0 4038.0
520 15368.0 4035.0
521 15377.0 4011.0
522 15370.0 4032.0
523 15355.0 4059.0
524 15370.0 4056.0
525 15379.0 4056.0
526 15382.0 4056.0
527 15394.0 4074.0
528 15400.0 4095.0
529 15410.0 4080.0
530 15402.0 4074.0
531 15387.0 4086.0
532 15380.0 4086.0
533 15396.0 4065.0
534 15381.0 4047.0
535 15399.0 4050.0
536 15411.0 4056.0
537 15406.0 4038.0
538 15414.0 4038.0
539 15403.0 4044.0
540 15393.0 4056.0
541 15378.0 4044.0
542 15394.0 4041.0
543 15397.0 4038.0
544 15373.0 4047.0
545 15359.0 4044.0
546 15370.0 4056.0
547 15398.0 4062.0
548 15399.0 4065.0
549 15361.0 4065.0
550 15361.0 4074.0
551 15325.0 4068.0
552 15339.0 4068.0
553 15368.0 4074.0
554 15385.0 4074.0
555 15391.0 4107.0
556 15384.0 4089.0
557 15396.0 4092.0
558 15407.0 4104.0
559 15399.0 4110.0
560 15382.0 4116.0
561 15415.0 4125.0
562 15396.0 4110.0
563 15395.0 4104.0
564 15411.0 4107.0
565 15421.0 4125.0
566 15416.0 4110.0
567 15437.0 4110.0
568 15459.0 4113.0
569 15447.0 4101.0
570 15467.0 4104.0
571 15459.0 4095.0
572 15473.0 4098.0
573 15442.0 4116.0
574 15449.0 4119.0
575 15443.0 4149.0
576 15442.0 4146.0
577 15424.0 4146.0
578 15417.0 4152.0
579 15419.0 4158.0
580 15419.0 4179.0
581 15436.0 4179.0
582 15407.0 4167.0
583 15399.0 4188.0
584 15410.0 4194.0
585 15422.0 4176.0
586 15397.0 4179.0
587 15402.0 4188.0
588 15391.0 4203.0
589 15407.0 4212.0
590 15428.0 4200.0
591 15435.0 4191.0
592 15427.0 4188.0
593 15417.0 4185.0
594 15424.0 4191.0
595 15428.0 4194.0
596 15426.0 4206.0
597 15388.0 4206.0
598 15373.0 4209.0
599 15363.0 4212.0
600 15368.0 4227.0
601 15392.0 4233.0
602 15385.0 4215.0
603 15364.0 4191.0
604 15406.0 4200.0
605 15405.0 4215.0
606 15401.0 4218.0
607 15426.0 4221.0
608 15449.0 4218.0
609 15452.0 4221.0
610 15438.0 4233.0
611 15433.0 4230.0
612 15456.0 4215.0
613 15447.0 4227.0
614 15442.0 4239.0
615 15398.0 4218.0
616 15399.0 4221.0
617 15391.0 4230.0
618 15394.0 4230.0
619 15377.0 4212.0
620 15386.0 4209.0
621 15398.0 4209.0
622 15397.0 4209.0
623 15408.0 4206.0
624 15395.0 4200.0
625 15391.0 4182.0
626 15416.0 4188.0
627 15446.0 4197.0
628 15426.0 4200.0
629 15434.0 4212.0
630 15454.0 4224.0
631 15443.0 4200.0
632 15442.0 4206.0
633 15451.0 4203.0
634 15438.0 4200.0
635 15442.0 4212.0
636 15422.0 4215.0
637 15436.0 4221.0
638 15416.0 4221.0
639 15418.0 4233.0
640 15413.0 4227.0
641 15423.0 4233.0
642 15406.0 4236.0
643 15409.0 4245.0
644 15406.0 4230.0
645 15414.0 4242.0
646 15411.0 4257.0
647 15408.0 4248.0
648 15412.0 4272.0
649 15415.0 4272.0
650 15401.0 4284.0
651 15392.0 4275.0
652 15391.0 4281.0
653 15406.0 4287.0
654 15419.0 4287.0
655 15444.0 4275.0
656 15436.0 4278.0
657 15415.0 4269.0
658 15408.0 4257.0
659 15387.0 4293.0
660 15422.0 4275.0
661 15431.0 4242.0
662 15434.0 4227.0
663 15444.0 4218.0
664 15443.0 4227.0
665 15455.0 4212.0
666 15464.0 4233.0
667 15472.0 4230.0
668 15482.0 4224.0
669 15480.0 4233.0
670 15465.0 4239.0
671 15448.0 4266.0
672 15451.0 4293.0
673 15446.0 4278.0
674 15472.0 4284.0
675 15472.0 4275.0
676 15471.0 4287.0
677 15464.0 4290.0
678 15474.0 4287.0
679 15486.0 4281.0
680 15482.0 4287.0
681 15473.0 4284.0
682 15475.0 4287.0
683 15489.0 4281.0
684 15522.0 4314.0
685 15535.0 4308.0
686 15533.0 4305.0
687 15529.0 4293.0
688 15522.0 4296.0
689 15502.0 4305.0
690 15477.0 4302.0
691 15480.0 4326.0
692 15477.0 4314.0
693 15481.0 4296.0
694 15489.0 4317.0
695 15507.0 4329.0
696 15524.0 4344.0
697 15508.0 4344.0
698 15505.0 4341.0
699 15504.0 4332.0
700 15503.0 4332.0
701 15468.0 4332.0
702 15500.0 4353.0
703 15487.0 4335.0
704 15481.0 4326.0
705 15472.0 4326.0
706 15471.0 4329.0
707 15483.0 4320.0
708 15484.0 4332.0
709 15504.0 4314.0
710 15504.0 4311.0
711 15492.0 4308.0
712 15482.0 4320.0
713 15471.0 4311.0
714 15480.0 4323.0
715 15459.0 4314.0
716 15462.0 4302.0
717 15461.0 4311.0
718 15483.0 4326.0
719 15462.0 4332.0
720 15460.0 4341.0
721 15486.0 4332.0
722 15478.0 4329.0
723 15501.0 4320.0
724 15477.0 4320.0
725 15484.0 4311.0
726 15481.0 4311.0
727 15474.0 4317.0
728 15488.0 4335.0
729 15472.0 4332.0
730 15467.0 4326.0
731 15471.0 4338.0
732 15492.0 4332.0
733 15493.0 4320.0
734 15488.0 4332.0
735 15472.0 4335.0
736 15484.0 4314.0
737 15492.0 4323.0
738 15505.0 4335.0
739 15520.0 4332.0
740 15506.0 4332.0
741 15489.0 4344.0
742 15502.0 4344.0
743 15501.0 4344.0
744 15500.0 4323.0
745 15516.0 4347.0
746 15503.0 4347.0
747 15476.0 4326.0
748 15473.0 4332.0
749 15470.0 4317.0
750 15474.0 4320.0
751 15497.0 4329.0
752 15480.0 4350.0
753 15462.0 4356.0
754 15485.0 4356.0
755 15485.0 4353.0
756 15480.0 4377.0
757 15483.0 4365.0
758 15482.0 4365.0
759 15485.0 4365.0
760 15463.0 4371.0
761 15482.0 4377.0
762 15502.0 4374.0
763 15493.0 4353.0
764 15470.0 4320.0
765 15497.0 4341.0
766 15507.0 4341.0
767 15500.0 4329.0
768 15504.0 4338.0
769 15515.0 4368.0
770 15499.0 4368.0
771 15474.0 4374.0
772 15482.0 4398.0
773 15465.0 4395.0
774 15466.0 4422.0
775 15448.0 4422.0
776 15428.0 4395.0
777 15432.0 4389.0
778 15441.0 4398.0
779 15433.0 4395.0
780 15443.0 4392.0
781 15467.0 4395.0
782 15467.0 4374.0
783 15447.0 4359.0
784 15446.0 4380.0
785 15476.0 4398.0
786 15483.0 4413.0
787 15481.0 4413.0
788 15462.0 4425.0
789 15439.0 4428.0
790 15426.0 4407.0
791 15431.0 4416.0
792 15419.0 4410.0
793 15414.0 4395.0
794 15422.0 4401.0
795 15440.0 4407.0
796 15486.0 4410.0
797 15470.0 4416.0
798 15464.0 4425.0
799 15446.0 4416.0
800 15463.0 4410.0
801 15471.0 4416.0
802 15485.0 4419.0
803 15472.0 4416.0
804 15449.0 4404.0
805 15438.0 4407.0
806 15432.0 4395.0
807 15458.0 4410.0
808 15454.0 4404.0
809 15475.0 4407.0
810 15456.0 4389.0
811 15445.0 4404.0
812 15466.0 4419.0
813 15461.0 4413.0
814 15464.0 4407.0
815 15423.0 4407.0
816 15420.0 4407.0
817 15439.0 4422.0
818 15444.0 4437.0
819 15438.0 4419.0
820 15434.0 4425.0
821 15421.0 4422.0
822 15439.0 4455.0
823 15434.0 4440.0
824 15423.0 4422.0
825 15417.0 4413.0
826 15442.0 4404.0
827 15455.0 4407.0
828 15445.0 4401.0
829 15455.0 4404.0
830 15452.0 4392.0
831 15450.0 4365.0
832 15466.0 4377.0
833 15462.0 4401.0
834 15462.0 4392.0
835 15460.0 4398.0
836 15470.0 4398.0
837 15473.0 4395.0
838 15463.0 4386.0
839 15477.0 4380.0
840 15475.0 4389.0
841 15490.0 4389.0
842 15491.0 4392.0
843 15472.0 4371.0
844 15474.0 4371.0
845 15461.0 4368.0
846 15469.0 4377.0
847 15460.0 4389.0
848 15457.0 4368.0
849 15435.0 4374.0
850 15443.0 4395.0
851 15446.0 4413.0
852 15415.0 4425.0
853 15414.0 4416.0
854 15427.0 4419.0
855 15444.0 4419.0
856 15444.0 4410.0
857 15462.0 4401.0
858 15444.0 4395.0
859 15452.0 4404.0
860 15447.0 4398.0
861 15453.0 4407.0
862 15446.0 4431.0
863 15425.0 4416.0
864 15414.0 4413.0
865 15393.0 4410.0
866 15394.0 4431.0
867 15426.0 4455.0
868 15460.0 4470.0
869 15458.0 4464.0
870 15437.0 4458.0
871 15415.0 4446.0
872 15419.0 4449.0
873 15423.0 4455.0
874 15435.0 4464.0
875 15444.0 4464.0
876 15450.0 4464.0
877 15455.0 4443.0
878 15463.0 4434.0
879 15472.0 4440.0
880 15456.0 4449.0
881 15473.0 4461.0
882 15457.0 4452.0
883 15460.0 4476.0
884 15475.0 4485.0
885 15485.0 4497.0
886 15502.0 4500.0
887 15467.0 4485.0
888 15472.0 4497.0
889 15458.0 4479.0
890 15456.0 4482.0
891 15453.0 4461.0
892 15441.0 4458.0
893 15444.0 4443.0
894 15435.0 4467.0
895 15432.0 4476.0
896 15419.0 4488.0
897 15418.0 4491.0
898 15444.0 4503.0
899 15428.0 4491.0
900 15445.0 4479.0
901 15450.0 4479.0
902 15456.0 4482.0
903 15467.0 4485.0
904 15455.0 4482.0
905 15458.0 4494.0
906 15453.0 4506.0
907 15421.0 4524.0
908 15429.0 4500.0
909 15421.0 4482.0
910 15431.0 4482.0
911 15429.0 4488.0
912 15429.0 4479.0
913 15443.0 4464.0
914 15444.0 4476.0
915 15476.0 4479.0
916 15478.0 4482.0
917 15454.0 4494.0
918 15440.0 4494.0
919 15437.0 4482.0
920 15457.0 4488.0
921 15451.0 4491.0
922 15474.0 4500.0
923 15499.0 4518.0
924 15507.0 4521.0
925 15491.0 4506.0
926 15513.0 4500.0
927 15505.0 4506.0
928 15501.0 4518.0
929 15488.0 4515.0
930 15483.0 4503.0
931 15472.0 4521.0
932 15471.0 4515.0
933 15468.0 4527.0
934 15460.0 4545.0
935 15467.0 4527.0
936 15457.0 4542.0
937 15460.0 4551.0
938 15480.0 4560.0
939 15515.0 4560.0
940 15497.0 4557.0
941 15463.0 4539.0
942 15474.0 4530.0
943 15502.0 4530.0
944 15513.0 4542.0
945 15485.0 4566.0
946 15456.0 4563.0
947 15458.0 4563.0
948 15463.0 4554.0
949 15464.0 4542.0
950 15466.0 4575.0
951 15446.0 4581.0
952 15441.0 4575.0
953 15454.0 4563.0
954 15454.0 4557.0
955 15455.0 4569.0
956 15463.0 4560.0
957 15472.0 4548.0
958 15467.0 4560.0
959 15454.0 4572.0
960 15438.0 4533.0
961 15440.0 4524.0
962 15454.0 4530.0
963 15471.0 4539.0
964 15486.0 4560.0
965 15482.0 4545.0
966 15470.0 4563.0
967 15475.0 4551.0
968 15475.0 4539.0
969 15449.0 4545.0
970 15459.0 4557.0
971 15427.0 4536.0
972 15457.0 4524.0
973 15463.0 4521.0
974 15478.0 4527.0
975 15460.0 4527.0
976 15446.0 4545.0
977 15432.0 4557.0
978 15431.0 4551.0
979 15434.0 4536.0
980 15419.0 4533.0
981 15412.0 4515.0
982 15417.0 4524.0
983 15412.0 4524.0
984 15427.0 4536.0
985 15430.0 4527.0
986 15425.0 4533.0
987 15443.0 4545.0
988 15447.0 4563.0
989 15423.0 4566.0
990 15466.0 4575.0
991 15468.0 4578.0
992 15465.0 4581.0
993 15472.0 4566.0
994 15474.0 4584.0
995 15465.0 4554.0
996 15458.0 4563.0
997 15489.0 4566.0
998 15472.0 4557.0
999 15490.0 4569.0
1000 15507.0 4572.0
1001 15510.0 4581.0
1002 15496.0 4593.0
1003 15508.0 4578.0
1004 15514.0 4560.0
1005 15518.0 4557.0
1006 15528.0 4575.0
1007 15527.0 4581.0
1008 15519.0 4593.0
1009 15519.0 4590.0
1010 15483.0 4587.0
1011 15465.0 4605.0
1012 15471.0 4608.0
1013 15472.0 4614.0
1014 15466.0 4590.0
1015 15463.0 4599.0
1016 15476.0 4599.0
1017 15470.0 4617.0
1018 15465.0 4629.0
1019 15490.0 4650.0
1020 15523.0 4632.0
1021 15527.0 4641.0
1022 15516.0 4644.0
1023 15514.0 4626.0
1024 15511.0 4620.0
1025 15523.0 4641.0
1026 15523.0 4626.0
1027 15522.0 4629.0
1028 15514.0 4605.0
1029 15483.0 4599.0
1030 15503.0 4620.0
1031 15500.0 4617.0
1032 15506.0 4620.0
1033 15505.0 4650.0
1034 15520.0 4650.0
1035 15519.0 4641.0
1036 15519.0 4647.0
1037 15521.0 4653.0
1038 15507.0 4638.0
1039 15492.0 4641.0
1040 15490.0 4638.0
1041 15518.0 4638.0
1042 15524.0 4668.0
1043 15525.0 4662.0
1044 15542.0 4641.0
1045 15536.0 4656.0
1046 15530.0 4653.0
1047 15522.0 4677.0
1048 15531.0 4677.0
1049 15538.0 4704.0
1050 15517.0 4692.0
1051 15515.0 4707.0
1052 15511.0 4689.0
1053 15499.0 4704.0
1054 15499.0 4716.0
1055 15529.0 4713.0
1056 15527.0 4710.0
1057 15535.0 4692.0
1058 15532.0 4689.0
1059 15528.0 4683.0
1060 15522.0 4695.0
1061 15541.0 4689.0
1062 15541.0 4695.0
1063 15549.0 4668.0
1064 15530.0 4674.0
1065 15535.0 4689.0
1066 15544.0 4683.0
1067 15544.0 4665.0
1068 15549.0 4707.0
1069 15515.0 4683.0
1070 15505.0 4677.0
1071 15497.0 4701.0
1072 15475.0 4689.0
1073 15484.0 4692.0
1074 15491.0 4680.0
1075 15503.0 4689.0
1076 15513.0 4713.0
1077 15489.0 4719.0
1078 15497.0 4707.0
1079 15518.0 4707.0
1080 15502.0 4713.0
1081 15485.0 4692.0
1082 15499.0 4692.0
1083 15496.0 4701.0
1084 15509.0 4707.0
1085 15510.0 4701.0
1086 15495.0 4707.0
1087 15518.0 4707.0
1088 15530.0 4737.0
1089 15532.0 4737.0
1090 15506.0 4713.0
1091 15508.0 4725.0
1092 15521.0 4743.0
1093 15513.0 4731.0
1094 15512.0 4746.0
1095 15523.0 4728.0
1096 15492.0 4713.0
1097 15498.0 4707.0
1098 15510.0 4725.0
1099 15517.0 4755.0
1100 15513.0 4764.0
1101 15505.0 4752.0
1102 15514.0 4758.0
1103 15532.0 4776.0
1104 15519.0 4764.0
1105 15527.0 4755.0
1106 15517.0 4761.0
1107 15499.0 4740.0
1108 15513.0 4728.0
1109 15489.0 4704.0
1110 15501.0 4695.0
1111 15504.0 4695.0
1112 15506.0 4674.0
1113 15510.0 4668.0
1114 15510.0 4674.0
1115 15515.0 4668.0
1116 15515.0 4665.0
1117 15520.0 4686.0
1118 15516.0 4704.0
1119 15515.0 4704.0
1120 15533.0 4731.0
1121 15536.0 4737.0
1122 15506.0 4743.0
1123 15511.0 4746.0
1124 15513.0 4740.0
1125 15502.0 4734.0
1126 15498.0 4731.0
1127 15492.0 4716.0
1128 15476.0 4689.0
1129 15477.0 4695.0
1130 15483.0 4695.0
1131 15495.0 4713.0
1132 15512.0 4716.0
1133 15513.0 4731.0
1134 15514.0 4734.0
1135 15497.0 4746.0
1136 15494.0 4740.0
1137 15479.0 4734.0
1138 15485.0 4740.0
1139 15488.0 4752.0
1140 15483.0 4719.0
1141 15470.0 4722.0
1142 15475.0 4719.0
1143 15465.0 4728.0
1144 15482.0 4725.0
1145 15486.0 4755.0
1146 15480.0 4758.0
1147 15465.0 4758.0
1148 15454.0 4770.0
1149 15469.0 4764.0
1150 15487.0 4773.0
1151 15491.0 4791.0
1152 15473.0 4788.0
1153 15476.0 4773.0
1154 15486.0 4785.0
1155 15491.0 4782.0
1156 15487.0 4770.0
1157 15522.0 4770.0
1158 15515.0 4785.0
1159 15512.0 4782.0
1160 15507.0 4785.0
1161 15508.0 4776.0
1162 15518.0 4767.0
1163 15506.0 4764.0
1164 15500.0 4764.0
1165 15503.0 4743.0
1166 15493.0 4740.0
1167 15480.0 4728.0
1168 15488.0 4740.0
1169 15493.0 4755.0
1170 15486.0 4764.0
1171 15505.0 4761.0
1172 15515.0 4761.0
1173 15509.0 4764.0
1174 15524.0 4773.0
1175 15524.0 4764.0
1176 15527.0 4767.0
1177 15511.0 4752.0
1178 15526.0 4776.0
1179 15486.0 4758.0
1180 15501.0 4782.0
1181 15552.0 4800.0
1182 15541.0 4779.0
1183 15538.0 4785.0
1184 15531.0 4788.0
1185 15533.0 4782.0
1186 15566.0 4809.0
1187 15564.0 4821.0
1188 15576.0 4812.0
1189 15561.0 4827.0
1190 15587.0 4827.0
1191 15576.0 4824.0
1192 15596.0 4851.0
1193 15559.0 4845.0
1194 15565.0 4869.0
1195 15575.0 4845.0
1196 15575.0 4866.0
1197 15575.0 4857.0
1198 15582.0 4839.0
1199 15561.0 4842.0
1200 15551.0 4857.0
1201 15541.0 4851.0
1202 15522.0 4869.0
1203 15514.0 4857.0
1204 15537.0 4857.0
1205 15546.0 4875.0
1206 15547.0 4875.0
1207 15537.0 4872.0
1208 15529.0 4872.0
1209 15511.0 4881.0
1210 15487.0 4878.0
1211 15499.0 4869.0
1212 15488.0 4884.0
1213 15496.0 4905.0
1214 15470.0 4917.0
1215 15457.0 4875.0
1216 15456.0 4878.0
1217 15438.0 4878.0
1218 15433.0 4872.0
1219 15429.0 4851.0
1220 15436.0 4857.0
1221 15434.0 4857.0
1222 15424.0 4866.0
1223 15421.0 4887.0
1224 15424.0 4845.0
1225 15421.0 4866.0
1226 15410.0 4863.0
1227 15413.0 4863.0
1228 15417.0 4839.0
1229 15407.0 4848.0
1230 15431.0 4833.0
1231 15450.0 4815.0
1232 15440.0 4818.0
1233 15437.0 4836.0
1234 15447.0 4812.0
1235 15466.0 4794.0
1236 15478.0 4806.0
1237 15483.0 4806.0
1238 15490.0 4812.0
1239 15486.0 4806.0
1240 15507.0 4809.0
1241 15512.0 4809.0
1242 15512.0 4824.0
1243 15533.0 4836.0
1244 15551.0 4845.0
1245 15576.0 4842.0
1246 15580.0 4839.0
1247 15598.0 4854.0
1248 15593.0 4842.0
1249 15599.0 4833.0
1250 15610.0 4836.0
1251 15619.0 4854.0
1252 15600.0 4848.0
1253 15594.0 4839.0
1254 15607.0 4854.0
1255 15583.0 4866.0
1256 15604.0 4875.0
1257 15591.0 4878.0
1258 15576.0 4875.0
1259 15573.0 4881.0
1260 15608.0 4887.0
1261 15576.0 4887.0
1262 15567.0 4875.0
1263 15565.0 4866.0
1264 15551.0 4866.0
1265 15528.0 4845.0
1266 15499.0 4851.0
1267 15497.0 4863.0
1268 15510.0 4896.0
1269 15499.0 4899.0
1270 15501.0 4902.0
1271 15517.0 4905.0
1272 15505.0 4908.0
1273 15535.0 4917.0
1274 15516.0 4920.0
1275 15529.0 4926.0
1276 15543.0 4923.0
1277 15533.0 4926.0
1278 15518.0 4956.0
1279 15542.0 4965.0
1280 15557.0 4962.0
1281 15537.0 4947.0
1282 15530.0 4950.0
1283 15551.0 4944.0
1284 15555.0 4956.0
1285 15551.0 4947.0
1286 15549.0 4926.0
1287 15532.0 4923.0
1288 15525.0 4929.0
1289 15535.0 4929.0
1290 15514.0 4917.0
1291 15511.0 4917.0
1292 15510.0 4929.0
1293 15514.0 4929.0
1294 15486.0 4917.0
1295 15466.0 4911.0
1296 15491.0 4905.0
1297 15499.0 4923.0
1298 15493.0 4917.0
1299 15481.0 4914.0
1300 15501.0 4908.0
1301 15530.0 4902.0
1302 15511.0 4902.0
1303 15504.0 4896.0
1304 15505.0 4908.0
1305 15514.0 4917.0
1306 15519.0 4908.0
1307 15516.0 4893.0
1308 15499.0 4899.0
1309 15475.0 4908.0
1310 15486.0 4899.0
1311 15457.0 4926.0
1312 15488.0 4926.0
1313 15463.0 4938.0
1314 15443.0 4932.0
1315 15478.0 4923.0
1316 15464.0 4923.0
1317 15445.0 4929.0
1318 15441.0 4929.0
1319 15449.0 4926.0
1320 15480.0 4932.0
1321 15491.0 4917.0
1322 15491.0 4920.0
1323 15494.0 4938.0
1324 15476.0 4941.0
1325 15481.0 4926.0
1326 15469.0 4914.0
1327 15462.0 4905.0
1328 15459.0 4887.0
1329 15464.0 4893.0
1330 15425.0 4887.0
1331 15431.0 4899.0
1332 15423.0 4893.0
1333 15414.0 4896.0
1334 15425.0 4875.0
1335 15420.0 4866.0
1336 15447.0 4860.0
1337 15453.0 4866.0
1338 15463.0 4866.0
1339 15466.0 4860.0
1340 15459.0 4878.0
1341 15452.0 4848.0
1342 15417.0 4872.0
1343 15425.0 4887.0
1344 15425.0 4869.0
1345 15474.0 4863.0
1346 15474.0 4860.0
1347 15488.0 4875.0
1348 15508.0 4860.0
1349 15506.0 4872.0
1350 15497.0 4863.0
1351 15500.0 4857.0
1352 15484.0 4845.0
1353 15482.0 4857.0
1354 15477.0 4839.0
1355 15474.0 4848.0
1356 15471.0 4836.0
1357 15462.0 4842.0
1358 15479.0 4839.0
1359 15492.0 4860.0
1360 15466.0 4827.0
1361 15486.0 4863.0
1362 15481.0 4869.0
1363 15481.0 4866.0
1364 15505.0 4884.0
1365 15497.0 4911.0
1366 15457.0 4929.0
1367 15463.0 4929.0
1368 15475.0 4929.0
1369 15503.0 4929.0
1370 15517.0 4914.0
1371 15522.0 4923.0
1372 15526.0 4929.0
1373 15548.0 4920.0
1374 15533.0 4926.0
1375 15515.0 4914.0
1376 15534.0 4920.0
1377 15528.0 4914.0
1378 15544.0 4890.0
1379 15523.0 4878.0
1380 15532.0 4884.0
1381 15546.0 4878.0
1382 15552.0 4896.0
1383 15526.0 4869.0
1384 15504.0 4854.0
1385 15501.0 4857.0
1386 15504.0 4863.0
1387 15507.0 4857.0
1388 15513.0 4866.0
1389 15496.0 4842.0
1390 15483.0 4842.0
1391 15481.0 4863.0
1392 15496.0 4869.0
1393 15495.0 4875.0
1394 15499.0 4875.0
1395 15467.0 4863.0
1396 15462.0 4851.0
1397 15452.0 4869.0
1398 15454.0 4878.0
1399 15437.0 4860.0
1400 15443.0 4851.0
1401 15431.0 4851.0
1402 15414.0 4854.0
1403 15420.0 4866.0
1404 15430.0 4875.0
1405 15444.0 4896.0
1406 15434.0 4902.0
1407 15451.0 4893.0
1408 15428.0 4881.0
1409 15427.0 4896.0
1410 15427.0 4881.0
1411 15437.0 4869.0
1412 15435.0 4875.0
1413 15454.0 4854.0
1414 15419.0 4851.0
1415 15420.0 4857.0
1416 15416.0 4836.0
1417 15419.0 4824.0
1418 15387.0 4815.0
1419 15372.0 4815.0
1420 15380.0 4803.0
1421 15383.0 4821.0
1422 15404.0 4818.0
1423 15389.0 4842.0
1424 15384.0 4857.0
1425 15330.0 4863.0
1426 15330.0 4860.0
1427 15360.0 4899.0
1428 15394.0 4920.0
1429 15393.0 4938.0
1430 15412.0 4929.0
1431 15407.0 4929.0
1432 15411.0 4926.0
1433 15436.0 4926.0
1434 15433.0 4920.0
1435 15455.0 4938.0
1436 15464.0 4974.0
1437 15446.0 4965.0
1438 15479.0 4974.0
1439 15468.0 4971.0
1440 15477.0 4980.0
1441 15478.0 4986.0
1442 15482.0 4950.0
1443 15481.0 4935.0
1444 15470.0 4944.0
1445 15483.0 4947.0
1446 15491.0 4938.0
1447 15507.0 4947.0
1448 15497.0 4947.0
1449 15509.0 4965.0
1450 15508.0 4974.0
1451 15498.0 4950.0
1452 15523.0 4950.0
1453 15517.0 4950.0
1454 15510.0 4953.0
1455 15502.0 4935.0
1456 15506.0 4938.0
1457 15511.0 4935.0
1458 15517.0 4947.0
1459 15498.0 4956.0
1460 15494.0 4950.0
1461 15511.0 4965.0
1462 15499.0 4992.0
1463 15497.0 5001.0
1464 15498.0 4998.0
1465 15504.0 4980.0
1466 15527.0 4977.0
1467 15533.0 4983.0
1468 15548.0 4992.0
1469 15552.0 5007.0
1470 15573.0 4983.0
1471 15563.0 5019.0
1472 15578.0 5022.0
1473 15567.0 5016.0
1474 15565.0 5007.0
1475 15548.0 5016.0
1476 15537.0 5031.0
1477 15503.0 5034.0
1478 15521.0 5022.0
1479 15516.0 5016.0
1480 15498.0 5010.0
1481 15513.0 5049.0
1482 15518.0 5058.0
1483 15527.0 5064.0
1484 15526.0 5070.0
1485 15528.0 5067.0
1486 15544.0 5094.0
1487 15539.0 5112.0
1488 15543.0 5097.0
1489 15551.0 5097.0
1490 15564.0 5085.0
1491 15572.0 5067.0
1492 15569.0 5061.0
1493 15569.0 5076.0
1494 15549.0 5076.0
1495 15558.0 5082.0
1496 15530.0 5094.0
1497 15541.0 5103.0
1498 15544.0 5094.0
1499 15537.0 5109.0
1500 15516.0 5109.0
1501 15522.0 5106.0
1502 15525.0 5106.0
1503 15515.0 5112.0
1504 15520.0 5079.0
1505 15514.0 5073.0
1506 15508.0 5067.0
1507 15503.0 5073.0
1508 15476.0 5061.0
1509 15462.0 5049.0
1510 15469.0 5040.0
1511 15464.0 5043.0
1512 15473.0 5043.0
1513 15500.0 5049.0
1514 15479.0 5055.0
1515 15446.0 5043.0
1516 15470.0 5049.0
1517 15487.0 5064.0
1518 15464.0 5073.0
1519 15479.0 5085.0
1520 15451.0 5070.0
1521 15421.0 5052.0
1522 15406.0 5043.0
1523 15418.0 5043.0
1524 15430.0 5058.0
1525 15427.0 5058.0
1526 15421.0 5034.0
1527 15404.0 5034.0
1528 15402.0 5055.0
1529 15408.0 5058.0
1530 15398.0 5019.0
1531 15409.0 5004.0
1532 15427.0 5031.0
1533 15437.0 5031.0
1534 15432.0 5022.0
1535 15412.0 5010.0
1536 15415.0 5019.0
1537 15427.0 5010.0
1538 15460.0 5016.0
1539 15436.0 5007.0
1540 15459.0 5010.0
1541 15448.0 5001.0
1542 15449.0 5010.0
1543 15439.0 5004.0
1544 15444.0 5019.0
1545 15432.0 4998.0
1546 15459.0 5001.0
1547 15453.0 5010.0
1548 15451.0 5007.0
1549 15437.0 4983.0
1550 15443.0 4995.0
1551 15422.0 4989.0
1552 15428.0 4980.0
1553 15434.0 4983.0
1554 15410.0 4986.0
1555 15408.0 4977.0
1556 15411.0 4974.0
1557 15438.0 4983.0
1558 15448.0 4977.0
1559 15441.0 4974.0
1560 15446.0 4986.0
1561 15448.0 4992.0
1562 15447.0 4998.0
1563 15468.0 5001.0
1564 15459.0 5007.0
1565 15486.0 5007.0
1566 15502.0 5028.0
1567 15521.0 5037.0
1568 15536.0 5046.0
1569 15540.0 5031.0
1570 15532.0 5031.0
1571 15513.0 5013.0
1572 15511.0 5013.0
1573 15495.0 5013.0
1574 15500.0 5025.0
1575 15504.0 5016.0
1576 15485.0 5001.0
1577 15494.0 4998.0
1578 15495.0 4986.0
1579 15485.0 4989.0
1580 15473.0 5016.0
1581 15471.0 5034.0
1582 15473.0 5028.0
1583 15480.0 5034.0
1584 15487.0 5007.0
1585 15508.0 5019.0
1586 15499.0 5028.0
1587 15475.0 5019.0
1588 15485.0 5025.0
1589 15502.0 5031.0
1590 15517.0 5055.0
1591 15502.0 5055.0
1592 15527.0 5058.0
1593 15515.0 5070.0
1594 15500.0 5073.0
1595 15493.0 5064.0
1596 15484.0 5067.0
1597 15467.0 5064.0
1598 15458.0 5073.0
1599 15448.0 5067.0
1600 15450.0 5070.0
1601 15436.0 5076.0
1602 15421.0 5097.0
1603 15424.0 5088.0
1604 15431.0 5079.0
1605 15389.0 5073.0
1606 15418.0 5070.0
1607 15417.0 5055.0
1608 15419.0 5070.0
1609 15416.0 5076.0
1610 15412.0 5073.0
1611 15406.0 5070.0
1612 15409.0 5076.0
1613 15394.0 5052.0
1614 15393.0 5049.0
1615 15418.0 5067.0
1616 15421.0 5079.0
1617 15424.0 5103.0
1618 15415.0 5094.0
1619 15430.0 5097.0
1620 15414.0 5106.0
1621 15427.0 5106.0
1622 15416.0 5094.0
1623 15413.0 5115.0
1624 15421.0 5115.0
1625 15414.0 5100.0
1626 15399.0 5124.0
1627 15426.0 5121.0
1628 15427.0 5112.0
1629 15448.0 5103.0
1630 15437.0 5091.0
1631 15435.0 5085.0
1632 15438.0 5091.0
1633 15445.0 5097.0
1634 15457.0 5088.0
1635 15422.0 5082.0
1636 15425.0 5088.0
1637 15425.0 5070.0
1638 15423.0 5097.0
1639 15461.0 5100.0
1640 15444.0 5091.0
1641 15438.0 5082.0
1642 15435.0 5082.0
1643 15430.0 5094.0
1644 15429.0 5115.0
1645 15469.0 5121.0
1646 15442.0 5115.0
1647 15462.0 5106.0
1648 15443.0 5133.0
1649 15433.0 5154.0
1650 15434.0 5151.0
1651 15441.0 5187.0
1652 15429.0 5184.0
1653 15417.0 5175.0
1654 15410.0 5160.0
1655 15415.0 5163.0
1656 15421.0 5157.0
1657 15421.0 5157.0
1658 15422.0 5151.0
1659 15456.0 5163.0
1660 15474.0 5169.0
1661 15480.0 5154.0
1662 15472.0 5136.0
1663 15473.0 5127.0
1664 15469.0 5139.0
1665 15450.0 5142.0
1666 15464.0 5154.0
1667 15450.0 5151.0
1668 15437.0 5124.0
1669 15462.0 5121.0
1670 15473.0 5136.0
1671 15469.0 5124.0
1672 15453.0 5139.0
1673 15436.0 5154.0
1674 15438.0 5166.0
1675 15450.0 5175.0
1676 15464.0 5184.0
1677 15486.0 5187.0
1678 15518.0 5190.0
1679 15528.0 5193.0
1680 15503.0 5196.0
1681 15526.0 5208.0
1682 15554.0 5211.0
1683 15548.0 5217.0
1684 15517.0 5199.0
1685 15524.0 5229.0
1686 15504.0 5244.0
1687 15493.0 5220.0
1688 15496.0 5223.0
1689 15501.0 5235.0
1690 15509.0 5259.0
1691 15493.0 5244.0
1692 15466.0 5262.0
1693 15467.0 5250.0
1694 15472.0 5232.0
1695 15473.0 5232.0
1696 15461.0 5229.0
1697 15475.0 5220.0
1698 15470.0 5208.0
1699 15477.0 5196.0
1700 15476.0 5178.0
1701 15485.0 5166.0
1702 15475.0 5163.0
1703 15467.0 5190.0
1704 15447.0 5181.0
1705 15455.0 5175.0
1706 15462.0 5148.0
1707 15467.0 5169.0
1708 15474.0 5118.0
1709 15461.0 5124.0
1710 15469.0 5112.0
1711 15458.0 5091.0
1712 15462.0 5103.0
1713 15444.0 5097.0
1714 15444.0 5097.0
1715 15438.0 5088.0
1716 15415.0 5085.0
1717 15420.0 5097.0
1718 15429.0 5097.0
1719 15409.0 5085.0
1720 15413.0 5091.0
1721 15426.0 5094.0
1722 15418.0 5088.0
1723 15443.0 5085.0
1724 15444.0 5076.0
1725 15460.0 5088.0
1726 15449.0 5088.0
1727 15439.0 5094.0
1728 15470.0 5106.0
1729 15467.0 5100.0
1730 15491.0 5097.0
1731 15492.0 5118.0
1732 15495.0 5115.0
1733 15500.0 5115.0
1734 15496.0 5103.0
1735 15496.0 5100.0
1736 15511.0 5106.0
1737 15484.0 5100.0
1738 15503.0 5124.0
1739 15538.0 5109.0
1740 15553.0 5124.0
1741 15522.0 5106.0
1742 15532.0 5124.0
1743 15534.0 5133.0
1744 15539.0 5151.0
1745 15521.0 5157.0
1746 15543.0 5184.0
1747 15553.0 5196.0
1748 15569.0 5196.0
1749 15562.0 5208.0
1750 15522.0 5214.0
1751 15507.0 5211.0
1752 15511.0 5181.0
1753 15496.0 5178.0
1754 15509.0 5199.0
1755 15510.0 5202.0
1756 15526.0 5199.0
1757 15551.0 5190.0
1758 15546.0 5193.0
1759 15556.0 5202.0
1760 15557.0 5211.0
1761 15546.0 5208.0
1762 15555.0 5193.0
1763 15543.0 5205.0
1764 15545.0 5208.0
1765 15535.0 5184.0
1766 15539.0 5202.0
1767 15545.0 5187.0
1768 15539.0 5199.0
1769 15548.0 5199.0
1770 15543.0 5193.0
1771 15536.0 5211.0
1772 15562.0 5229.0
1773 15563.0 5235.0
1774 15566.0 5238.0
1775 15567.0 5235.0
1776 15589.0 5238.0
1777 15564.0 5205.0
1778 15564.0 5214.0
1779 15573.0 5217.0
1780 15558.0 5226.0
1781 15571.0 5229.0
1782 15572.0 5223.0
1783 15591.0 5217.0
1784 15605.0 5199.0
1785 15583.0 5193.0
1786 15566.0 5151.0
1787 15571.0 5148.0
1788 15568.0 5145.0
1789 15563.0 5169.0
1790 15583.0 5175.0
1791 15599.0 5199.0
1792 15584.0 5205.0
1793 15573.0 5205.0
1794 15544.0 5214.0
1795 15556.0 5223.0
1796 15577.0 5229.0
1797 15580.0 5262.0
1798 15583.0 5259.0
1799 15574.0 5247.0
1800 15561.0 5229.0
1801 15563.0 5232.0
1802 15550.0 5244.0
1803 15532.0 5232.0
1804 15535.0 5205.0
1805 15531.0 5226.0
1806 15549.0 5241.0
1807 15539.0 5232.0
1808 15545.0 5247.0
1809 15572.0 5253.0
1810 15585.0 5280.0
1811 15567.0 5277.0
1812 15575.0 5286.0
1813 15559.0 5256.0
1814 15562.0 5286.0
1815 15534.0 5253.0
1816 15511.0 5247.0
1817 15487.0 5238.0
1818 15485.0 5220.0
1819 15497.0 5211.0
1820 15519.0 5235.0
1821 15562.0 5259.0
1822 15549.0 5262.0
1823 15530.0 5238.0
1824 15536.0 5238.0
1825 15546.0 5253.0
1826 15545.0 5247.0
1827 15564.0 5241.0
1828 15550.0 5232.0
1829 15568.0 5259.0
1830 15576.0 5256.0
1831 15567.0 5259.0
1832 15556.0 5277.0
1833 15541.0 5280.0
1834 15526.0 5271.0
1835 15522.0 5259.0
1836 15530.0 5259.0
1837 15540.0 5259.0
1838 15516.0 5250.0
1839 15522.0 5250.0
1840 15533.0 5256.0
1841 15542.0 5298.0
1842 15549.0 5322.0
1843 15526.0 5292.0
1844 15521.0 5259.0
1845 15518.0 5241.0
1846 15517.0 5235.0
1847 15490.0 5217.0
1848 15475.0 5199.0
1849 15484.0 5196.0
1850 15450.0 5193.0
1851 15450.0 5205.0
1852 15421.0 5208.0
1853 15391.0 5202.0
1854 15381.0 5196.0
1855 15413.0 5181.0
1856 15406.0 5166.0
1857 15403.0 5148.0
1858 15426.0 5148.0
1859 15420.0 5133.0
1860 15439.0 5121.0
1861 15432.0 5157.0
1862 15429.0 5154.0
1863 15426.0 5181.0
1864 15429.0 5184.0
1865 15438.0 5178.0
1866 15428.0 5190.0
1867 15411.0 5199.0
1868 15417.0 5217.0
1869 15439.0 5202.0
1870 15468.0 5205.0
1871 15463.0 5205.0
1872 15463.0 5208.0
1873 15461.0 5211.0
1874 15462.0 5226.0
1875 15496.0 5226.0
1876 15495.0 5235.0
1877 15511.0 5229.0
1878 15503.0 5235.0
1879 15499.0 5259.0
1880 15493.0 5253.0
1881 15499.0 5268.0
1882 15502.0 5253.0
1883 15498.0 5259.0
1884 15486.0 5268.0
1885 15467.0 5244.0
1886 15461.0 5256.0
1887 15465.0 5265.0
1888 15471.0 5277.0
1889 15469.0 5268.0
1890 15488.0 5265.0
1891 15488.0 5298.0
1892 15491.0 5298.0
1893 15490.0 5298.0
1894 15465.0 5289.0
1895 15482.0 5271.0
1896 15472.0 5271.0
1897 15471.0 5268.0
1898 15470.0 5292.0
1899 15477.0 5289.0
1900 15451.0 5277.0
1901 15444.0 5286.0
1902 15450.0 5283.0
1903 15458.0 5295.0
1904 15450.0 5283.0
1905 15441.0 5271.0
1906 15478.0 5256.0
1907 15494.0 5259.0
1908 15518.0 5253.0
1909 15549.0 5268.0
1910 15562.0 5271.0
1911 15534.0 5256.0
1912 15532.0 5277.0
1913 15489.0 5262.0
1914 15516.0 5259.0
1915 15525.0 5244.0
1916 15533.0 5253.0
1917 15536.0 5244.0
1918 15531.0 5226.0
1919 15540.0 5235.0
1920 15507.0 5238.0
1921 15494.0 5229.0
1922 15482.0 5223.0
1923 15475.0 5214.0
1924 15499.0 5232.0
1925 15504.0 5232.0
1926 15487.0 5226.0
1927 15479.0 5217.0
1928 15481.0 5238.0
1929 15484.0 5235.0
1930 15495.0 5229.0
1931 15528.0 5244.0
1932 15531.0 5262.0
1933 15553.0 5283.0
1934 15524.0 5265.0
1935 15545.0 5268.0
1936 15537.0 5247.0
1937 15538.0 5229.0
1938 15536.0 5217.0
1939 15505.0 5220.0
1940 15520.0 5250.0
1941 15497.0 5226.0
1942 15499.0 5226.0
1943 15465.0 5178.0
1944 15447.0 5178.0
1945 15469.0 5193.0
1946 15486.0 5205.0
1947 15493.0 5205.0
1948 15502.0 5193.0
1949 15491.0 5190.0
1950 15507.0 5205.0
1951 15516.0 5226.0
1952 15522.0 5238.0
1953 15522.0 5235.0
1954 15553.0 5238.0
1955 15575.0 5223.0
1956 15598.0 5235.0
1957 15594.0 5247.0
1958 15596.0 5262.0
1959 15583.0 5250.0
1960 15565.0 5259.0
1961 15581.0 5256.0
1962 15580.0 5229.0
1963 15585.0 5256.0
1964 15570.0 5253.0
1965 15572.0 5250.0
1966 15578.0 5244.0
1967 15576.0 5235.0
1968 15605.0 5220.0
1969 15603.0 5220.0
1970 15604.0 5208.0
1971 15573.0 5214.0
1972 15571.0 5220.0
1973 15574.0 5199.0
1974 15566.0 5190.0
1975 15562.0 5169.0
1976 15542.0 5178.0
1977 15533.0 5160.0
1978 15533.0 5166.0
1979 15555.0 5184.0
1980 15568.0 5208.0
1981 15561.0 5235.0
1982 15541.0 5226.0
1983 15532.0 5232.0
1984 15549.0 5229.0
1985 15540.0 5202.0
1986 15544.0 5202.0
1987 15513.0 5175.0
1988 15549.0 5166.0
1989 15554.0 5169.0
1990 15553.0 5169.0
1991 15573.0 5214.0
1992 15574.0 5226.0
1993 15577.0 5220.0
1994 15582.0 5232.0
1995 15561.0 5220.0
1996 15540.0 5223.0
1997 15521.0 5247.0
1998 15517.0 5238.0
1999 15510.0 5232.0
2000 15488.0 5229.0
2001 15474.0 5235.0
2002 15493.0 5244.0
2003 15494.0 5235.0
2004 15516.0 5241.0
2005 15515.0 5232.0
2006 15482.0 5214.0
2007 15496.0 5214.0
2008 15504.0 5205.0
2009 15473.0 5199.0
2010 15493.0 5190.0
2011 15505.0 5205.0
2012 15511.0 5226.0
2013 15537.0 5265.0
2014 15538.0 5274.0
2015 15542.0 5262.0
2016 15564.0 5268.0
2017 15554.0 5271.0
2018 15563.0 5277.0
2019 15569.0 5268.0
2020 15555.0 5262.0
2021 15556.0 5274.0
2022 15542.0 5286.0
2023 15551.0 5289.0
2024 15569.0 5298.0
2025 15543.0 5307.0
2026 15543.0 5328.0
2027 15539.0 5343.0
2028 15545.0 5349.0
2029 15533.0 5349.0
2030 15533.0 5361.0
2031 15527.0 5373.0
2032 15514.0 5361.0
2033 15535.0 5370.0
2034 15524.0 5370.0
2035 15521.0 5376.0
2036 15531.0 5382.0
2037 15516.0 5400.0
2038 15512.0 5376.0
2039 15483.0 5352.0
2040 15482.0 5349.0
2041 15525.0 5376.0
2042 15524.0 5355.0
2043 15549.0 5349.0
2044 15544.0 5346.0
2045 15535.0 5337.0
2046 15531.0 5322.0
2047 15515.0 5334.0
2048 15527.0 5346.0
2049 15522.0 5352.0
2050 15535.0 5373.0
2051 15552.0 5343.0
2052 15542.0 5328.0
2053 15549.0 5322.0
2054 15537.0 5295.0
2055 15537.0 5286.0
2056 15542.0 5292.0
2057 15570.0 5295.0
2058 15576.0 5304.0
2059 15588.0 5292.0
2060 15597.0 5259.0
2061 15577.0 5289.0
2062 15561.0 5265.0
2063 15566.0 5277.0
2064 15555.0 5280.0
2065 15566.0 5277.0
2066 15543.0 5286.0
2067 15585.0 5265.0
2068 15590.0 5280.0
2069 15601.0 5298.0
2070 15607.0 5274.0
2071 15593.0 5256.0
2072 15589.0 5247.0
2073 15568.0 5250.0
2074 15572.0 5259.0
2075 15555.0 5253.0
2076 15590.0 5277.0
2077 15584.0 5283.0
2078 15583.0 5283.0
2079 15584.0 5289.0
2080 15571.0 5283.0
2081 15575.0 5283.0
2082 15561.0 5268.0
2083 15535.0 5277.0
2084 15556.0 5301.0
2085 15557.0 5310.0
2086 15553.0 5313.0
2087 15562.0 5319.0
2088 15565.0 5313.0
2089 15553.0 5295.0
2090 15572.0 5316.0
2091 15569.0 5328.0
2092 15550.0 5319.0
2093 15532.0 5313.0
2094 15532.0 5301.0
2095 15533.0 5298.0
2096 15539.0 5292.0
2097 15516.0 5289.0
2098 15513.0 5310.0
2099 15513.0 5292.0
2100 15522.0 5268.0
2101 15529.0 5295.0
2102 15538.0 5310.0
2103 15534.0 5307.0
2104 15544.0 5313.0
2105 15559.0 5295.0
2106 15537.0 5301.0
2107 15502.0 5283.0
2108 15512.0 5301.0
2109 15534.0 5304.0
2110 15539.0 5310.0
2111 15514.0 5319.0
2112 15530.0 5328.0
2113 15528.0 5319.0
2114 15515.0 5301.0
2115 15518.0 5304.0
2116 15524.0 5322.0
2117 15517.0 5367.0
2118 15533.0 5355.0
2119 15545.0 5337.0
2120 15533.0 5343.0
2121 15536.0 5358.0
2122 15548.0 5346.0
2123 15538.0 5346.0
2124 15533.0 5328.0
2125 15507.0 5319.0
2126 15503.0 5295.0
2127 15488.0 5277.0
2128 15522.0 5283.0
2129 15530.0 5280.0
2130 15550.0 5268.0
2131 15521.0 5274.0
2132 15488.0 5268.0
2133 15490.0 5268.0
2134 15506.0 5289.0
2135 15509.0 5277.0
2136 15482.0 5289.0
2137 15517.0 5295.0
2138 15502.0 5292.0
2139 15517.0 5307.0
2140 15517.0 5310.0
2141 15538.0 5334.0
2142 15524.0 5319.0
2143 15527.0 5310.0
2144 15505.0 5301.0
2145 15520.0 5322.0
2146 15513.0 5340.0
2147 15537.0 5340.0
2148 15556.0 5358.0
2149 15548.0 5343.0
2150 15551.0 5346.0
2151 15543.0 5325.0
2152 15550.0 5325.0
2153 15545.0 5337.0
2154 15526.0 5343.0
2155 15523.0 5343.0
2156 15518.0 5349.0
2157 15523.0 5340.0
2158 15515.0 5319.0
2159 15491.0 5301.0
2160 15507.0 5319.0
2161 15502.0 5313.0
2162 15485.0 5319.0
2163 15476.0 5316.0
2164 15487.0 5325.0
2165 15498.0 5343.0
2166 15493.0 5334.0
2167 15506.0 5322.0
2168 15527.0 5310.0
2169 15542.0 5319.0
2170 15543.0 5328.0
2171 15518.0 5346.0
2172 15536.0 5352.0
2173 15536.0 5334.0
2174 15543.0 5361.0
2175 15535.0 5328.0
2176 15520.0 5316.0
2177 15529.0 5328.0
2178 15547.0 5322.0
2179 15565.0 5328.0
2180 15567.0 5313.0
2181 15569.0 5322.0
2182 15569.0 5319.0
2183 15543.0 5304.0
2184 15527.0 5298.0
2185 15535.0 5307.0
2186 15535.0 5295.0
2187 15538.0 5310.0
2188 15530.0 5307.0
2189 15530.0 5313.0
2190 15527.0 5322.0
2191 15530.0 5325.0
2192 15544.0 5325.0
2193 15509.0 5319.0
2194 15517.0 5319.0
2195 15514.0 5319.0
2196 15526.0 5316.0
2197 15544.0 5319.0
2198 15530.0 5322.0
2199 15524.0 5325.0
2200 15533.0 5325.0
2201 15523.0 5313.0
2202 15525.0 5328.0
2203 15547.0 5346.0
2204 15570.0 5355.0
2205 15555.0 5334.0
2206 15549.0 5319.0
2207 15543.0 5331.0
2208 15545.0 5340.0
2209 15534.0 5349.0
2210 15534.0 5337.0
2211 15545.0 5343.0
2212 15580.0 5367.0
2213 15571.0 5364.0
2214 15568.0 5361.0
2215 15582.0 5352.0
2216 15577.0 5358.0
2217 15577.0 5370.0
2218 15559.0 5358.0
2219 15549.0 5337.0
2220 15560.0 5352.0
2221 15569.0 5361.0
2222 15541.0 5358.0
2223 15562.0 5367.0
2224 15541.0 5373.0
2225 15555.0 5367.0
2226 15554.0 5382.0
2227 15557.0 5406.0
2228 15542.0 5418.0
2229 15554.0 5427.0
2230 15548.0 5412.0
2231 15572.0 5421.0
2232 15570.0 5400.0
2233 15558.0 5394.0
2234 15541.0 5385.0
2235 15570.0 5400.0
2236 15554.0 5394.0
2237 15542.0 5394.0
2238 15530.0 5403.0
2239 15520.0 5394.0
2240 15524.0 5388.0
2241 15522.0 5373.0
2242 15510.0 5355.0
2243 15520.0 5346.0
2244 15530.0 5376.0
2245 15549.0 5373.0
2246 15525.0 5388.0
2247 15542.0 5382.0
2248 15538.0 5376.0
2249 15519.0 5394.0
2250 15519.0 5403.0
2251 15504.0 5412.0
2252 15483.0 5421.0
2253 15485.0 5409.0
2254 15477.0 5412.0
2255 15523.0 5415.0
2256 15526.0 5397.0
2257 15513.0 5388.0
2258 15514.0 5379.0
2259 15500.0 5403.0
2260 15523.0 5415.0
2261 15579.0 5421.0
2262 15580.0 5415.0
2263 15569.0 5433.0
2264 15557.0 5418.0
2265 15577.0 5418.0
2266 15589.0 5421.0
2267 15572.0 5403.0
2268 15561.0 5415.0
2269 15553.0 5412.0
2270 15535.0 5418.0
2271 15507.0 5412.0
2272 15500.0 5388.0
2273 15507.0 5400.0
2274 15527.0 5409.0
2275 15547.0 5436.0
2276 15551.0 5409.0
2277 15542.0 5421.0
2278 15541.0 5409.0
2279 15565.0 5430.0
2280 15568.0 5430.0
2281 15571.0 5439.0
2282 15575.0 5454.0
2283 15567.0 5457.0
2284 15575.0 5454.0
2285 15561.0 5454.0
2286 15569.0 5460.0
2287 15540.0 5448.0
2288 15540.0 5430.0
2289 15533.0 5418.0
2290 15537.0 5394.0
2291 15529.0 5400.0
2292 15568.0 5406.0
2293 15599.0 5418.0
2294 15590.0 5382.0
2295 15593.0 5382.0
2296 15579.0 5373.0
2297 15538.0 5388.0
2298 15517.0 5382.0
2299 15545.0 5385.0
2300 15573.0 5364.0
2301 15593.0 5388.0
2302 15588.0 5388.0
2303 15579.0 5400.0
2304 15580.0 5406.0
2305 15577.0 5403.0
2306 15576.0 5400.0
2307 15572.0 5403.0
2308 15575.0 5403.0
2309 15555.0 5391.0
2310 15530.0 5376.0
2311 15538.0 5370.0
2312 15531.0 5373.0
2313 15535.0 5379.0
2314 15504.0 5373.0
2315 15512.0 5364.0
2316 15507.0 5364.0
2317 15495.0 5364.0
2318 15493.0 5346.0
2319 15510.0 5325.0
2320 15516.0 5295.0
2321 15541.0 5307.0
2322 15543.0 5304.0
2323 15531.0 5298.0
2324 15547.0 5322.0
2325 15573.0 5340.0
2326 15595.0 5316.0
2327 15576.0 5310.0
2328 15573.0 5319.0
2329 15569.0 5343.0
2330 15563.0 5337.0
2331 15587.0 5343.0
2332 15582.0 5334.0
2333 15604.0 5346.0
2334 15588.0 5307.0
2335 15570.0 5298.0
2336 15570.0 5286.0
2337 15542.0 5277.0
2338 15560.0 5289.0
2339 15579.0 5334.0
2340 15573.0 5340.0
2341 15565.0 5346.0
2342 15567.0 5331.0
2343 15583.0 5337.0
2344 15572.0 5343.0
2345 15548.0 5364.0
2346 15558.0 5367.0
2347 15575.0 5385.0
2348 15589.0 5394.0
2349 15564.0 5355.0
2350 15585.0 5355.0
2351 15585.0 5370.0
2352 15557.0 5364.0
2353 15557.0 5367.0
2354 15566.0 5373.0
2355 15547.0 5385.0
2356 15548.0 5385.0
2357 15540.0 5373.0
2358 15546.0 5361.0
2359 15569.0 5373.0
2360 15568.0 5358.0
2361 15572.0 5370.0
2362 15548.0 5367.0
2363 15564.0 5379.0
2364 15545.0 5373.0
2365 15567.0 5355.0
2366 15596.0 5340.0
2367 15600.0 5334.0
2368 15605.0 5301.0
2369 15605.0 5286.0
2370 15611.0 5292.0
2371 15625.0 5298.0
2372 15594.0 5316.0
2373 15597.0 5313.0
2374 15615.0 5310.0
2375 15610.0 5292.0
2376 15580.0 5274.0
2377 15579.0 5286.0
2378 15579.0 5289.0
2379 15588.0 5292.0
2380 15588.0 5295.0
2381 15580.0 5310.0
2382 15566.0 5295.0
2383 15591.0 5280.0
2384 15573.0 5292.0
2385 15572.0 5295.0
2386 15580.0 5328.0
2387 15591.0 5337.0
2388 15591.0 5319.0
2389 15559.0 5337.0
2390 15543.0 5343.0
2391 15571.0 5355.0
2392 15584.0 5370.0
2393 15573.0 5394.0
2394 15553.0 5394.0
2395 15550.0 5379.0
2396 15550.0 5352.0
2397 15573.0 5376.0
2398 15552.0 5364.0
2399 15542.0 5343.0
2400 15539.0 5352.0
2401 15505.0 5346.0
2402 15506.0 5355.0
2403 15513.0 5325.0
2404 15526.0 5358.0
2405 15513.0 5325.0
2406 15525.0 5334.0
2407 15541.0 5340.0
2408 15563.0 5346.0
2409 15571.0 5346.0
2410 15560.0 5316.0
2411 15566.0 5352.0
2412 15568.0 5352.0
2413 15549.0 5355.0
2414 15543.0 5364.0
2415 15575.0 5352.0
2416 15568.0 5349.0
2417 15574.0 5346.0
2418 15557.0 5337.0
2419 15567.0 5343.0
2420 15570.0 5331.0
2421 15573.0 5352.0
2422 15573.0 5325.0
2423 15555.0 5304.0
2424 15560.0 5322.0
2425 15557.0 5313.0
2426 15564.0 5322.0
2427 15578.0 5316.0
2428 15606.0 5319.0
2429 15618.0 5328.0
2430 15623.0 5325.0
2431 15633.0 5337.0
2432 15619.0 5346.0
2433 15628.0 5352.0
2434 15645.0 5349.0
2435 15670.0 5340.0
2436 15652.0 5337.0
2437 15635.0 5355.0
2438 15613.0 5361.0
2439 15611.0 5355.0
2440 15590.0 5370.0
2441 15610.0 5379.0
2442 15602.0 5370.0
2443 15572.0 5367.0
2444 15568.0 5355.0
2445 15563.0 5355.0
2446 15517.0 5370.0
2447 15516.0 5355.0
2448 15499.0 5346.0
2449 15515.0 5352.0
2450 15528.0 5367.0
2451 15532.0 5370.0
2452 15534.0 5364.0
2453 15531.0 5376.0
2454 15527.0 5364.0
2455 15555.0 5391.0
2456 15551.0 5382.0
2457 15552.0 5385.0
2458 15561.0 5370.0
2459 15545.0 5385.0
2460 15536.0 5367.0
2461 15540.0 5364.0
2462 15532.0 5343.0
2463 15529.0 5379.0
2464 15556.0 5379.0
2465 15560.0 5391.0
2466 15538.0 5367.0
2467 15544.0 5379.0
2468 15539.0 5379.0
2469 15550.0 5388.0
2470 15557.0 5409.0
2471 15566.0 5388.0
2472 15585.0 5391.0
2473 15578.0 5376.0
2474 15572.0 5376.0
2475 15567.0 5355.0
2476 15577.0 5385.0
2477 15571.0 5370.0
2478 15588.0 5388.0
2479 15551.0 5364.0
2480 15550.0 5367.0
2481 15539.0 5370.0
2482 15522.0 5382.0
2483 15540.0 5379.0
2484 15550.0 5403.0
2485 15562.0 5391.0
2486 15545.0 5391.0
2487 15562.0 5400.0
2488 15545.0 5367.0
2489 15547.0 5358.0
2490 15526.0 5370.0
2491 15521.0 5364.0
2492 15504.0 5352.0
2493 15505.0 5334.0
2494 15478.0 5334.0
2495 15465.0 5340.0
2496 15487.0 5349.0
2497 15484.0 5346.0
2498 15473.0 5346.0
2499 15461.0 5337.0
2500 15448.0 5331.0
2501 15433.0 5337.0
2502 15426.0 5334.0
2503 15421.0 5328.0
2504 15428.0 5310.0
2505 15449.0 5310.0
2506 15446.0 5298.0
2507 15452.0 5313.0
2508 15450.0 5340.0
2509 15447.0 5316.0
2510 15434.0 5328.0
2511 15434.0 5340.0
2512 15450.0 5358.0
2513 15455.0 5364.0
2514 15475.0 5361.0
2515 15481.0 5370.0
2516 15461.0 5361.0
2517 15459.0 5358.0
2518 15464.0 5376.0
2519 15471.0 5373.0
2520 15455.0 5361.0
2521 15472.0 5376.0
2522 15481.0 5367.0
2523 15494.0 5382.0
2524 15478.0 5346.0
2525 15454.0 5322.0
2526 15448.0 5307.0
2527 15451.0 5322.0
2528 15444.0 5304.0
2529 15434.0 5304.0
2530 15426.0 5316.0
2531 15407.0 5283.0
2532 15404.0 5301.0
2533 15432.0 5319.0
2534 15426.0 5310.0
2535 15418.0 5307.0
2536 15432.0 5337.0
2537 15426.0 5325.0
2538 15436.0 5325.0
2539 15447.0 5328.0
2540 15446.0 5331.0
2541 15465.0 5328.0
2542 15494.0 5340.0
2543 15472.0 5343.0
2544 15477.0 5325.0
2545 15450.0 5316.0
2546 15463.0 5328.0
2547 15477.0 5325.0
2548 15510.0 5340.0
2549 15485.0 5322.0
2550 15480.0 5316.0
2551 15498.0 5322.0
2552 15515.0 5319.0
2553 15509.0 5304.0
2554 15490.0 5292.0
2555 15497.0 5286.0
2556 15490.0 5271.0
2557 15463.0 5280.0
2558 15489.0 5295.0
2559 15482.0 5262.0
2560 15481.0 5271.0
2561 15479.0 5283.0
2562 15511.0 5274.0
2563 15499.0 5256.0
2564 15485.0 5235.0
2565 15479.0 5250.0
2566 15469.0 5244.0
2567 15472.0 5262.0
2568 15439.0 5274.0
2569 15468.0 5268.0
2570 15480.0 5265.0
2571 15474.0 5271.0
2572 15475.0 5253.0
2573 15476.0 5253.0
2574 15489.0 5253.0
2575 15511.0 5262.0
2576 15500.0 5253.0
2577 15502.0 5247.0
2578 15519.0 5280.0
2579 15521.0 5307.0
2580 15510.0 5298.0
2581 15503.0 5295.0
2582 15511.0 5292.0
2583 15495.0 5289.0
2584 15482.0 5313.0
2585 15481.0 5328.0
2586 15510.0 5328.0
2587 15514.0 5331.0
2588 15517.0 5325.0
2589 15546.0 5316.0
2590 15520.0 5325.0
2591 15508.0 5331.0
2592 15519.0 5307.0
2593 15520.0 5328.0
2594 15532.0 5355.0
2595 15554.0 5361.0
2596 15549.0 5355.0
2597 15555.0 5361.0
2598 15546.0 5358.0
2599 15559.0 5355.0
2600 15578.0 5358.0
2601 15589.0 5334.0
2602 15587.0 5340.0
2603 15584.0 5343.0
2604 15584.0 5325.0
2605 15581.0 5340.0
2606 15570.0 5304.0
2607 15575.0 5298.0
2608 15564.0 5295.0
2609 15553.0 5274.0
2610 15542.0 5283.0
2611 15542.0 5268.0
2612 15542.0 5256.0
2613 15535.0 5259.0
2614 15569.0 5253.0
2615 15532.0 5235.0
2616 15533.0 5244.0
2617 15523.0 5247.0
2618 15522.0 5253.0
2619 15544.0 5223.0
2620 15547.0 5256.0
2621 15571.0 5271.0
2622 15559.0 5256.0
2623 15544.0 5259.0
2624 15547.0 5268.0
2625 15526.0 5271.0
2626 15520.0 5280.0
2627 15542.0 5301.0
2628 15566.0 5292.0
2629 15534.0 5298.0
2630 15546.0 5292.0
2631 15539.0 5283.0
2632 15559.0 5280.0
2633 15551.0 5292.0
2634 15551.0 5313.0
2635 15536.0 5304.0
2636 15536.0 5298.0
2637 15539.0 5301.0
2638 15538.0 5292.0
2639 15519.0 5289.0
2640 15529.0 5274.0
2641 15539.0 5298.0
2642 15539.0 5298.0
2643 15552.0 5271.0
2644 15554.0 5298.0
2645 15550.0 5277.0
2646 15542.0 5256.0
2647 15531.0 5265.0
2648 15553.0 5286.0
2649 15560.0 5289.0
2650 15552.0 5304.0
2651 15546.0 5310.0
2652 15530.0 5292.0
2653 15534.0 5289.0
2654 15533.0 5280.0
2655 15545.0 5274.0
2656 15557.0 5280.0
2657 15558.0 5253.0
2658 15547.0 5265.0
2659 15533.0 5277.0
2660 15542.0 5274.0
2661 15525.0 5280.0
2662 15510.0 5265.0
2663 15492.0 5271.0
2664 15496.0 5286.0
2665 15461.0 5286.0
2666 15441.0 5259.0
2667 15449.0 5265.0
2668 15444.0 5259.0
2669 15457.0 5262.0
2670 15443.0 5265.0
2671 15465.0 5283.0
2672 15471.0 5298.0
2673 15440.0 5295.0
2674 15452.0 5301.0
2675 15457.0 5319.0
2676 15440.0 5316.0
2677 15420.0 5301.0
2678 15423.0 5337.0
2679 15440.0 5307.0
2680 15462.0 5316.0
2681 15450.0 5325.0
2682 15447.0 5292.0
2683 15446.0 5289.0
2684 15461.0 5310.0
2685 15453.0 5307.0
2686 15470.0 5319.0
2687 15451.0 5304.0
2688 15481.0 5304.0
2689 15484.0 5316.0
2690 15495.0 5331.0
2691 15510.0 5337.0
2692 15523.0 5337.0
2693 15498.0 5328.0
2694 15511.0 5334.0
2695 15516.0 5343.0
2696 15502.0 5370.0
2697 15512.0 5385.0
2698 15552.0 5433.0
2699 15563.0 5418.0
2700 15575.0 5391.0
2701 15580.0 5400.0
2702 15596.0 5421.0
2703 15584.0 5400.0
2704 15593.0 5385.0
2705 15579.0 5403.0
2706 15580.0 5391.0
2707 15581.0 5400.0
2708 15598.0 5442.0
2709 15596.0 5433.0
2710 15593.0 5433.0
2711 15583.0 5415.0
2712 15591.0 5400.0
2713 15594.0 5391.0
2714 15571.0 5364.0
2715 15539.0 5370.0
2716 15545.0 5376.0
2717 15529.0 5370.0
2718 15495.0 5370.0
2719 15492.0 5379.0
2720 15513.0 5382.0
2721 15496.0 5364.0
2722 15511.0 5382.0
2723 15510.0 5376.0
2724 15510.0 5376.0
2725 15526.0 5376.0
2726 15515.0 5346.0
2727 15524.0 5346.0
2728 15551.0 5343.0
2729 15554.0 5343.0
2730 15576.0 5319.0
2731 15540.0 5328.0
2732 15521.0 5361.0
2733 15498.0 5358.0
2734 15503.0 5385.0
2735 15514.0 5394.0
2736 15518.0 5403.0
2737 15523.0 5400.0
2738 15510.0 5409.0
2739 15534.0 5409.0
2740 15524.0 5397.0
2741 15520.0 5397.0
2742 15520.0 5403.0
2743 15505.0 5373.0
2744 15515.0 5397.0
2745 15528.0 5388.0
2746 15527.0 5379.0
2747 15504.0 5349.0
2748 15492.0 5355.0
2749 15502.0 5370.0
2750 15522.0 5367.0
2751 15498.0 5379.0
2752 15500.0 5406.0
2753 15481.0 5406.0
2754 15465.0 5412.0
2755 15463.0 5397.0
2756 15481.0 5382.0
2757 15498.0 5403.0
2758 15448.0 5400.0
2759 15451.0 5415.0
2760 15464.0 5406.0
2761 15468.0 5400.0
2762 15459.0 5400.0
2763 15468.0 5385.0
2764 15475.0 5361.0
2765 15483.0 5382.0
2766 15463.0 5379.0
2767 15458.0 5388.0
2768 15503.0 5391.0
2769 15480.0 5382.0
2770 15472.0 5385.0
2771 15494.0 5406.0
2772 15489.0 5394.0
2773 15483.0 5379.0
2774 15474.0 5394.0
2775 15471.0 5394.0
2776 15463.0 5376.0
2777 15465.0 5379.0
2778 15464.0 5367.0
2779 15473.0 5388.0
2780 15493.0 5361.0
2781 15475.0 5358.0
2782 15467.0 5379.0
2783 15440.0 5367.0
2784 15474.0 5370.0
2785 15457.0 5352.0
2786 15426.0 5343.0
2787 15390.0 5352.0
2788 15393.0 5373.0
2789 15401.0 5373.0
2790 15412.0 5397.0
2791 15407.0 5394.0
2792 15417.0 5412.0
2793 15414.0 5418.0
2794 15403.0 5412.0
2795 15409.0 5415.0
2796 15429.0 5412.0
2797 15421.0 5391.0
2798 15406.0 5388.0
2799 15420.0 5400.0
2800 15427.0 5388.0
2801 15422.0 5376.0
2802 15437.0 5376.0
2803 15447.0 5358.0
2804 15467.0 5337.0
2805 15459.0 5349.0
2806 15444.0 5340.0
2807 15434.0 5349.0
2808 15471.0 5334.0
2809 15460.0 5346.0
2810 15472.0 5355.0
2811 15482.0 5358.0
2812 15480.0 5379.0
2813 15496.0 5391.0
2814 15521.0 5403.0
2815 15508.0 5388.0
2816 15532.0 5400.0
2817 15545.0 5406.0
2818 15542.0 5424.0
2819 15552.0 5424.0
2820 15533.0 5433.0
2821 15521.0 5421.0
2822 15507.0 5379.0
2823 15509.0 5382.0
2824 15504.0 5409.0
2825 15489.0 5415.0
2826 15499.0 5397.0
2827 15485.0 5409.0
2828 15488.0 5406.0
2829 15483.0 5397.0
2830 15497.0 5382.0
2831 15514.0 5385.0
2832 15470.0 5373.0
2833 15476.0 5361.0
2834 15463.0 5340.0
2835 15459.0 5346.0
2836 15473.0 5349.0
2837 15464.0 5394.0
2838 15448.0 5382.0
2839 15464.0 5400.0
2840 15469.0 5382.0
2841 15457.0 5391.0
2842 15450.0 5406.0
2843 15461.0 5409.0
2844 15476.0 5427.0
2845 15474.0 5406.0
2846 15473.0 5397.0
2847 15495.0 5406.0
2848 15482.0 5421.0
2849 15479.0 5391.0
2850 15490.0 5403.0
2851 15516.0 5412.0
2852 15508.0 5424.0
2853 15516.0 5472.0
2854 15506.0 5481.0
2855 15512.0 5463.0
2856 15527.0 5472.0
2857 15535.0 5436.0
2858 15511.0 5454.0
2859 15518.0 5475.0
2860 15522.0 5496.0
2861 15531.0 5502.0
2862 15548.0 5502.0
2863 15549.0 5505.0
2864 15531.0 5493.0
2865 15508.0 5493.0
2866 15497.0 5463.0
2867 15494.0 5472.0
2868 15483.0 5475.0
2869 15512.0 5484.0
2870 15521.0 5478.0
2871 15514.0 5472.0
2872 15512.0 5475.0
2873 15499.0 5466.0
2874 15495.0 5457.0
2875 15484.0 5445.0
2876 15492.0 5460.0
2877 15514.0 5472.0
2878 15484.0 5460.0
2879 15496.0 5460.0
2880 15507.0 5481.0
2881 15535.0 5490.0
2882 15525.0 5472.0
2883 15517.0 5466.0
2884 15510.0 5478.0
2885 15515.0 5466.0
2886 15514.0 5460.0
2887 15519.0 5460.0
2888 15528.0 5472.0
2889 15498.0 5475.0
2890 15512.0 5481.0
2891 15545.0 5496.0
2892 15533.0 5508.0
2893 15548.0 5502.0
2894 15572.0 5490.0
2895 15595.0 5484.0
2896 15593.0 5481.0
2897 15582.0 5451.0
2898 15595.0 5457.0
2899 15587.0 5442.0
2900 15577.0 5439.0
2901 15595.0 5454.0
2902 15584.0 5448.0
2903 15552.0 5457.0
2904 15530.0 5442.0
2905 15511.0 5475.0
2906 15520.0 5460.0
2907 15495.0 5445.0
2908 15509.0 5448.0
2909 15524.0 5457.0
2910 15502.0 5427.0
2911 15502.0 5415.0
2912 15509.0 5415.0
2913 15512.0 5424.0
2914 15515.0 5430.0
2915 15531.0 5439.0
2916 15548.0 5433.0
2917 15556.0 5427.0
2918 15551.0 5448.0
2919 15556.0 5448.0
2920 15555.0 5454.0
2921 15522.0 5457.0
2922 15526.0 5457.0
2923 15501.0 5469.0
2924 15492.0 5478.0
2925 15528.0 5490.0
2926 15511.0 5502.0
2927 15509.0 5481.0
2928 15521.0 5481.0
2929 15524.0 5451.0
2930 15536.0 5451.0
2931 15515.0 5481.0
2932 15492.0 5454.0
2933 15507.0 5460.0
2934 15506.0 5481.0
2935 15511.0 5469.0
2936 15507.0 5457.0
2937 15504.0 5454.0
2938 15476.0 5442.0
2939 15490.0 5442.0
2940 15471.0 5457.0
2941 15476.0 5436.0
2942 15484.0 5430.0
2943 15456.0 5436.0
2944 15447.0 5448.0
2945 15435.0 5445.0
2946 15434.0 5442.0
2947 15444.0 5460.0
2948 15457.0 5451.0
2949 15466.0 5451.0
2950 15454.0 5466.0
2951 15456.0 5466.0
2952 15481.0 5466.0
2953 15487.0 5451.0
2954 15468.0 5463.0
2955 15465.0 5457.0
2956 15458.0 5442.0
2957 15462.0 5445.0
2958 15455.0 5451.0
2959 15462.0 5448.0
2960 15438.0 5415.0
2961 15455.0 5427.0
2962 15461.0 5439.0
2963 15477.0 5439.0
2964 15473.0 5454.0
2965 15456.0 5439.0
2966 15440.0 5481.0
2967 15458.0 5469.0
2968 15485.0 5445.0
2969 15463.0 5427.0
2970 15458.0 5430.0
2971 15467.0 5418.0
2972 15451.0 5430.0
2973 15466.0 5430.0
2974 15462.0 5427.0
2975 15467.0 5439.0
2976 15471.0 5439.0
2977 15486.0 5460.0
2978 15510.0 5472.0
2979 15506.0 5442.0
2980 15523.0 5436.0
2981 15552.0 5424.0
2982 15552.0 5451.0
2983 15539.0 5436.0
2984 15559.0 5463.0
2985 15525.0 5436.0
2986 15508.0 5433.0
2987 15508.0 5421.0
2988 15517.0 5424.0
2989 15514.0 5448.0
2990 15518.0 5445.0
2991 15537.0 5430.0
2992 15539.0 5430.0
2993 15556.0 5439.0
2994 15552.0 5448.0
2995 15528.0 5427.0
2996 15533.0 5427.0
2997 15519.0 5403.0
2998 15532.0 5403.0
2999 15532.0 5406.0
3000 15503.0 5418.0
3001 15502.0 5430.0
3002 15478.0 5436.0
3003 15480.0 5433.0
3004 15476.0 5436.0
3005 15468.0 5415.0
3006 15492.0 5391.0
3007 15470.0 5400.0
3008 15464.0 5373.0
3009 15466.0 5385.0
3010 15460.0 5394.0
3011 15476.0 5397.0
3012 15461.0 5415.0
3013 15473.0 5439.0
3014 15464.0 5436.0
3015 15502.0 5436.0
3016 15478.0 5445.0
3017 15486.0 5463.0
3018 15456.0 5463.0
3019 15455.0 5481.0
3020 15451.0 5487.0
3021 15457.0 5487.0
3022 15468.0 5466.0
3023 15450.0 5463.0
3024 15449.0 5475.0
3025 15468.0 5502.0
3026 15473.0 5487.0
3027 15506.0 5481.0
3028 15481.0 5469.0
3029 15481.0 5484.0
3030 15469.0 5484.0
3031 15481.0 5475.0
3032 15477.0 5478.0
3033 15474.0 5460.0
3034 15478.0 5466.0
3035 15483.0 5445.0
3036 15497.0 5457.0
3037 15498.0 5457.0
3038 15498.0 5466.0
3039 15515.0 5457.0
3040 15526.0 5439.0
3041 15525.0 5436.0
3042 15533.0 5403.0
3043 15554.0 5394.0
3044 15556.0 5394.0
3045 15525.0 5382.0
3046 15541.0 5373.0
3047 15560.0 5379.0
3048 15574.0 5373.0
3049 15554.0 5370.0
3050 15538.0 5376.0
3051 15530.0 5394.0
3052 15534.0 5388.0
3053 15517.0 5406.0
3054 15481.0 5400.0
3055 15487.0 5409.0
3056 15479.0 5403.0
3057 15467.0 5406.0
3058 15453.0 5400.0
3059 15440.0 5400.0
3060 15443.0 5388.0
3061 15437.0 5394.0
3062 15459.0 5418.0
3063 15491.0 5436.0
3064 15498.0 5430.0
3065 15506.0 5424.0
3066 15519.0 5439.0
3067 15541.0 5448.0
3068 15516.0 5433.0
3069 15535.0 5433.0
3070 15532.0 5442.0
3071 15545.0 5445.0
3072 15566.0 5439.0
3073 15559.0 5469.0
3074 15568.0 5463.0
3075 15570.0 5466.0
3076 15545.0 5454.0
3077 15570.0 5454.0
3078 15565.0 5478.0
3079 15547.0 5469.0
3080 15534.0 5493.0
3081 15512.0 5481.0
3082 15498.0 5487.0
3083 15488.0 5478.0
3084 15509.0 5472.0
3085 15527.0 5466.0
3086 15505.0 5454.0
3087 15500.0 5463.0
3088 15496.0 5469.0
3089 15505.0 5454.0
3090 15524.0 5481.0
3091 15519.0 5460.0
3092 15519.0 5469.0
3093 15503.0 5481.0
3094 15512.0 5478.0
3095 15509.0 5469.0
3096 15510.0 5463.0
3097 15507.0 5442.0
3098 15496.0 5454.0
3099 15482.0 5454.0
3100 15457.0 5436.0
3101 15438.0 5442.0
3102 15421.0 5412.0
3103 15451.0 5430.0
3104 15455.0 5415.0
3105 15474.0 5415.0
3106 15467.0 5442.0
3107 15492.0 5427.0
3108 15475.0 5421.0
3109 15484.0 5427.0
3110 15490.0 5412.0
3111 15468.0 5394.0
3112 15442.0 5427.0
3113 15434.0 5418.0
3114 15439.0 5433.0
3115 15438.0 5421.0
3116 15477.0 5436.0
3117 15480.0 5442.0
3118 15503.0 5418.0
3119 15484.0 5436.0
3120 15468.0 5436.0
3121 15463.0 5436.0
3122 15488.0 5457.0
3123 15467.0 5454.0
3124 15453.0 5445.0
3125 15455.0 5463.0
3126 15493.0 5466.0
3127 15497.0 5439.0
3128 15501.0 5436.0
3129 15501.0 5451.0
3130 15510.0 5442.0
3131 15560.0 5472.0
3132 15564.0 5460.0
3133 15539.0 5460.0
3134 15548.0 5472.0
3135 15543.0 5460.0
3136 15545.0 5442.0
3137 15523.0 5439.0
3138 15505.0 5436.0
3139 15504.0 5430.0
3140 15510.0 5424.0
3141 15516.0 5442.0
3142 15508.0 5454.0
3143 15490.0 5460.0
3144 15488.0 5469.0
3145 15479.0 5478.0
3146 15475.0 5466.0
3147 15482.0 5472.0
3148 15511.0 5475.0
3149 15517.0 5475.0
3150 15526.0 5478.0
3151 15510.0 5469.0
3152 15525.0 5478.0
3153 15543.0 5478.0
3154 15526.0 5469.0
3155 15541.0 5481.0
3156 15531.0 5511.0
3157 15509.0 5511.0
3158 15500.0 5490.0
3159 15529.0 5505.0
3160 15490.0 5475.0
3161 15492.0 5454.0
3162 15523.0 5460.0
3163 15521.0 5460.0
3164 15531.0 5457.0
3165 15530.0 5493.0
3166 15537.0 5502.0
3167 15523.0 5511.0
3168 15527.0 5535.0
3169 15540.0 5529.0
3170 15526.0 5532.0
3171 15533.0 5520.0
3172 15508.0 5508.0
3173 15514.0 5493.0
3174 15525.0 5487.0
3175 15544.0 5502.0
3176 15547.0 5499.0
3177 15516.0 5478.0
3178 15525.0 5475.0
3179 15527.0 5472.0
3180 15514.0 5475.0
3181 15490.0 5463.0
3182 15492.0 5478.0
3183 15476.0 5466.0
3184 15483.0 5466.0
3185 15496.0 5484.0
3186 15466.0 5508.0
3187 15458.0 5493.0
3188 15464.0 5490.0
3189 15484.0 5496.0
3190 15473.0 5472.0
3191 15473.0 5463.0
3192 15434.0 5460.0
3193 15449.0 5448.0
3194 15453.0 5457.0
3195 15472.0 5448.0
3196 15475.0 5454.0
3197 15472.0 5457.0
3198 15487.0 5457.0
3199 15479.0 5457.0
3200 15492.0 5469.0
3201 15487.0 5475.0
3202 15483.0 5475.0
3203 15480.0 5484.0
3204 15472.0 5484.0
3205 15457.0 5508.0
3206 15470.0 5544.0
3207 15463.0 5544.0
3208 15488.0 5535.0
3209 15493.0 5526.0
3210 15497.0 5526.0
3211 15483.0 5532.0
3212 15477.0 5523.0
3213 15493.0 5523.0
3214 15474.0 5499.0
3215 15485.0 5502.0
3216 15496.0 5505.0
3217 15474.0 5484.0
3218 15506.0 5514.0
3219 15467.0 5505.0
3220 15470.0 5496.0
3221 15470.0 5478.0
3222 15478.0 5496.0
3223 15497.0 5514.0
3224 15505.0 5532.0
3225 15530.0 5544.0
3226 15535.0 5547.0
3227 15539.0 5550.0
3228 15556.0 5553.0
3229 15542.0 5559.0
3230 15555.0 5565.0
3231 15559.0 5556.0
3232 15572.0 5592.0
3233 15577.0 5607.0
3234 15568.0 5586.0
3235 15565.0 5613.0
3236 15582.0 5634.0
3237 15591.0 5622.0
3238 15598.0 5610.0
3239 15583.0 5601.0
3240 15554.0 5595.0
3241 15563.0 5610.0
3242 15556.0 5622.0
3243 15577.0 5634.0
3244 15605.0 5631.0
3245 15591.0 5622.0
3246 15604.0 5643.0
3247 15600.0 5628.0
3248 15606.0 5616.0
3249 15597.0 5622.0
3250 15583.0 5625.0
3251 15592.0 5604.0
3252 15574.0 5619.0
3253 15571.0 5619.0
3254 15560.0 5628.0
3255 15555.0 5592.0
3256 15567.0 5601.0
3257 15576.0 5607.0
3258 15585.0 5598.0
3259 15591.0 5592.0
3260 15601.0 5592.0
3261 15598.0 5610.0
3262 15567.0 5616.0
3263 15552.0 5610.0
3264 15555.0 5610.0
3265 15579.0 5601.0
3266 15576.0 5598.0
3267 15569.0 5595.0
3268 15567.0 5604.0
3269 15574.0 5595.0
3270 15569.0 5577.0
3271 15554.0 5562.0
3272 15545.0 5544.0
3273 15528.0 5526.0
3274 15531.0 5562.0
3275 15537.0 5565.0
3276 15541.0 5550.0
3277 15534.0 5571.0
3278 15553.0 5565.0
3279 15583.0 5556.0
3280 15596.0 5562.0
3281 15605.0 5553.0
3282 15587.0 5547.0
3283 15573.0 5541.0
3284 15571.0 5532.0
3285 15567.0 5523.0
3286 15560.0 5505.0
3287 15560.0 5493.0
3288 15566.0 5511.0
3289 15564.0 5505.0
3290 15550.0 5484.0
3291 15549.0 5499.0
3292 15549.0 5481.0
3293 15521.0 5466.0
3294 15489.0 5442.0
3295 15519.0 5469.0
3296 15507.0 5478.0
3297 15508.0 5454.0
3298 15493.0 5475.0
3299 15485.0 5487.0
3300 15486.0 5466.0
3301 15516.0 5475.0
3302 15519.0 5487.0
3303 15532.0 5481.0
3304 15552.0 5490.0
3305 15567.0 5481.0
3306 15540.0 5487.0
3307 15554.0 5496.0
3308 15562.0 5520.0
3309 15558.0 5493.0
3310 15555.0 5520.0
3311 15585.0 5532.0
3312 15580.0 5523.0
3313 15575.0 5529.0
3314 15573.0 5514.0
3315 15559.0 5538.0
3316 15551.0 5553.0
3317 15585.0 5580.0
3318 15580.0 5559.0
3319 15579.0 5562.0
3320 15592.0 5553.0
3321 15588.0 5559.0
3322 15560.0 5529.0
3323 15558.0 5520.0
3324 15530.0 5526.0
3325 15526.0 5517.0
3326 15515.0 5514.0
3327 15504.0 5502.0
3328 15491.0 5481.0
3329 15513.0 5505.0
3330 15512.0 5517.0
3331 15532.0 5553.0
3332 15562.0 5553.0
3333 15579.0 5553.0
3334 15586.0 5544.0
3335 15597.0 5553.0
3336 15605.0 5556.0
3337 15599.0 5550.0
3338 15594.0 5562.0
3339 15587.0 5553.0
3340 15584.0 5550.0
3341 15585.0 5550.0
3342 15571.0 5541.0
3343 15557.0 5568.0
3344 15566.0 5553.0
3345 15560.0 5547.0
3346 15587.0 5511.0
3347 15592.0 5514.0
3348 15584.0 5535.0
3349 15585.0 5538.0
3350 15579.0 5547.0
3351 15605.0 5541.0
3352 15628.0 5562.0
3353 15602.0 5568.0
3354 15614.0 5556.0
3355 15590.0 5520.0
3356 15594.0 5538.0
3357 15573.0 5535.0
3358 15573.0 5505.0
3359 15592.0 5496.0
3360 15602.0 5493.0
3361 15588.0 5514.0
3362 15610.0 5517.0
3363 15608.0 5499.0
3364 15604.0 5496.0
3365 15591.0 5493.0
3366 15597.0 5502.0
3367 15589.0 5508.0
3368 15586.0 5517.0
3369 15563.0 5547.0
3370 15558.0 5538.0
3371 15559.0 5547.0
3372 15568.0 5541.0
3373 15589.0 5532.0
3374 15582.0 5499.0
3375 15588.0 5484.0
3376 15598.0 5490.0
3377 15618.0 5505.0
3378 15623.0 5517.0
3379 15611.0 5514.0
3380 15618.0 5487.0
3381 15626.0 5496.0
3382 15622.0 5499.0
3383 15619.0 5511.0
3384 15634.0 5508.0
3385 15650.0 5520.0
3386 15629.0 5505.0
3387 15631.0 5526.0
3388 15639.0 5523.0
3389 15629.0 5517.0
3390 15627.0 5499.0
3391 15637.0 5514.0
3392 15633.0 5526.0
3393 15660.0 5532.0
3394 15651.0 5508.0
3395 15625.0 5493.0
3396 15646.0 5493.0
3397 15637.0 5466.0
3398 15624.0 5463.0
3399 15616.0 5472.0
3400 15621.0 5466.0
3401 15633.0 5463.0
3402 15648.0 5487.0
3403 15656.0 5481.0
3404 15647.0 5496.0
3405 15627.0 5493.0
3406 15630.0 5511.0
3407 15616.0 5517.0
3408 15632.0 5499.0
3409 15611.0 5496.0
3410 15601.0 5502.0
3411 15596.0 5514.0
3412 15574.0 5502.0
3413 15580.0 5520.0
3414 15596.0 5526.0
3415 15592.0 5556.0
3416 15595.0 5556.0
3417 15623.0 5568.0
3418 15618.0 5559.0
3419 15630.0 5547.0
3420 15632.0 5538.0
3421 15617.0 5544.0
3422 15625.0 5535.0
3423 15610.0 5553.0
3424 15593.0 5532.0
3425 15572.0 5529.0
3426 15585.0 5541.0
3427 15579.0 5562.0
3428 15566.0 5547.0
3429 15578.0 5535.0
3430 15551.0 5505.0
3431 15537.0 5523.0
3432 15547.0 5532.0
3433 15548.0 5505.0
3434 15562.0 5493.0
3435 15561.0 5487.0
3436 15578.0 5472.0
3437 15564.0 5472.0
3438 15573.0 5481.0
3439 15561.0 5490.0
3440 15559.0 5487.0
3441 15562.0 5505.0
3442 15558.0 5496.0
3443 15593.0 5520.0
3444 15587.0 5517.0
3445 15602.0 5541.0
3446 15618.0 5565.0
3447 15632.0 5580.0
3448 15623.0 5541.0
3449 15620.0 5535.0
3450 15615.0 5523.0
3451 15631.0 5538.0
3452 15616.0 5544.0
3453 15613.0 5541.0
3454 15577.0 5520.0
3455 15580.0 5520.0
3456 15591.0 5514.0
3457 15594.0 5532.0
3458 15590.0 5529.0
3459 15613.0 5550.0
3460 15619.0 5550.0
3461 15612.0 5553.0
3462 15603.0 5565.0
3463 15613.0 5532.0
3464 15599.0 5544.0
3465 15603.0 5556.0
3466 15616.0 5565.0
3467 15651.0 5571.0
3468 15647.0 5553.0
3469 15636.0 5541.0
3470 15646.0 5556.0
3471 15654.0 5556.0
3472 15652.0 5565.0
3473 15646.0 5586.0
3474 15635.0 5565.0
3475 15629.0 5568.0
3476 15619.0 5553.0
3477 15619.0 5583.0
3478 15612.0 5589.0
3479 15604.0 5589.0
3480 15576.0 5595.0
3481 15570.0 5568.0
3482 15558.0 5535.0
3483 15574.0 5529.0
3484 15586.0 5511.0
3485 15563.0 5526.0
3486 15536.0 5517.0
3487 15514.0 5502.0
3488 15546.0 5517.0
3489 15532.0 5502.0
3490 15496.0 5466.0
3491 15519.0 5475.0
3492 15502.0 5478.0
3493 15507.0 5457.0
3494 15508.0 5460.0
3495 15505.0 5469.0
3496 15493.0 5451.0
3497 15475.0 5472.0
3498 15488.0 5469.0
3499 15488.0 5478.0
3500 15505.0 5511.0
3501 15498.0 5493.0
3502 15507.0 5505.0
3503 15520.0 5496.0
3504 15532.0 5505.0
3505 15525.0 5499.0
3506 15503.0 5496.0
3507 15528.0 5490.0
3508 15532.0 5475.0
3509 15532.0 5493.0
3510 15558.0 5481.0
3511 15553.0 5487.0
3512 15559.0 5502.0
3513 15561.0 5514.0
3514 15583.0 5508.0
3515 15584.0 5499.0
3516 15578.0 5493.0
3517 15567.0 5496.0
3518 15561.0 5499.0
3519 15581.0 5520.0
3520 15586.0 5511.0
3521 15608.0 5523.0
3522 15592.0 5517.0
3523 15600.0 5532.0
3524 15579.0 5532.0
3525 15588.0 5520.0
3526 15618.0 5529.0
3527 15597.0 5514.0
3528 15612.0 5523.0
3529 15637.0 5523.0
3530 15643.0 5508.0
3531 15618.0 5523.0
3532 15614.0 5544.0
3533 15617.0 5532.0
3534 15625.0 5529.0
3535 15597.0 5514.0
3536 15608.0 5517.0
3537 15611.0 5517.0
3538 15608.0 5514.0
3539 15607.0 5517.0
3540 15629.0 5529.0
3541 15621.0 5523.0
3542 15629.0 5508.0
3543 15635.0 5508.0
3544 15618.0 5472.0
3545 15607.0 5475.0
3546 15576.0 5502.0
3547 15583.0 5505.0
3548 15564.0 5487.0
3549 15555.0 5490.0
3550 15559.0 5496.0
3551 15560.0 5505.0
3552 15572.0 5499.0
3553 15571.0 5502.0
3554 15553.0 5475.0
3555 15538.0 5481.0
3556 15569.0 5502.0
3557 15568.0 5502.0
3558 15554.0 5487.0
3559 15562.0 5493.0
3560 15562.0 5517.0
3561 15563.0 5511.0
3562 15546.0 5502.0
3563 15577.0 5496.0
3564 15567.0 5499.0
3565 15573.0 5517.0
3566 15558.0 5493.0
3567 15551.0 5502.0
3568 15535.0 5508.0
3569 15541.0 5520.0
3570 15516.0 5490.0
3571 15487.0 5469.0
3572 15479.0 5466.0
3573 15470.0 5463.0
3574 15457.0 5475.0
3575 15464.0 5469.0
3576 15453.0 5472.0
3577 15417.0 5457.0
3578 15434.0 5454.0
3579 15416.0 5451.0
3580 15412.0 5448.0
3581 15406.0 5436.0
3582 15412.0 5445.0
3583 15406.0 5448.0
3584 15415.0 5472.0
3585 15445.0 5475.0
3586 15459.0 5472.0
3587 15441.0 5472.0
3588 15438.0 5478.0
3589 15434.0 5484.0
3590 15429.0 5481.0
3591 15416.0 5487.0
3592 15430.0 5481.0
3593 15440.0 5481.0
3594 15483.0 5493.0
3595 15497.0 5481.0
3596 15503.0 5484.0
3597 15516.0 5487.0
3598 15510.0 5502.0
3599 15526.0 5499.0
3600 15522.0 5502.0
3601 15515.0 5502.0
3602 15508.0 5487.0
3603 15504.0 5481.0
3604 15511.0 5460.0
3605 15491.0 5454.0
3606 15494.0 5427.0
3607 15496.0 5415.0
3608 15499.0 5421.0
3609 15506.0 5436.0
3610 15526.0 5454.0
3611 15543.0 5448.0
3612 15524.0 5427.0
3613 15512.0 5442.0
3614 15509.0 5433.0
3615 15535.0 5457.0
3616 15540.0 5451.0
3617 15541.0 5433.0
3618 15543.0 5433.0
3619 15531.0 5418.0
3620 15534.0 5409.0
3621 15529.0 5415.0
3622 15528.0 5409.0
3623 15537.0 5427.0
3624 15559.0 5436.0
3625 15543.0 5439.0
3626 15556.0 5451.0
3627 15566.0 5436.0
3628 15573.0 5439.0
3629 15594.0 5454.0
3630 15598.0 5451.0
3631 15555.0 5448.0
3632 15538.0 5469.0
3633 15557.0 5448.0
3634 15571.0 5463.0
3635 15561.0 5448.0
3636 15548.0 5433.0
3637 15553.0 5439.0
3638 15538.0 5433.0
3639 15557.0 5439.0
3640 15548.0 5433.0
3641 15571.0 5439.0
3642 15552.0 5457.0
3643 15573.0 5451.0
3644 15585.0 5445.0
3645 15570.0 5466.0
3646 15532.0 5475.0
3647 15532.0 5490.0
3648 15525.0 5484.0
3649 15532.0 5460.0
3650 15531.0 5466.0
3651 15546.0 5478.0
3652 15548.0 5481.0
3653 15540.0 5493.0
3654 15528.0 5478.0
3655 15533.0 5484.0
3656 15550.0 5493.0
3657 15550.0 5484.0
3658 15529.0 5472.0
3659 15518.0 5478.0
3660 15495.0 5469.0
3661 15514.0 5463.0
3662 15522.0 5457.0
3663 15516.0 5454.0
3664 15518.0 5460.0
3665 15537.0 5475.0
3666 15565.0 5490.0
3667 15545.0 5505.0
3668 15554.0 5502.0
3669 15553.0 5511.0
3670 15538.0 5505.0
3671 15523.0 5505.0
3672 15514.0 5505.0
3673 15536.0 5499.0
3674 15550.0 5508.0
3675 15542.0 5514.0
3676 15535.0 5502.0
3677 15502.0 5487.0
3678 15517.0 5484.0
3679 15504.0 5469.0
3680 15539.0 5496.0
3681 15516.0 5490.0
3682 15525.0 5457.0
3683 15504.0 5427.0
3684 15523.0 5445.0
3685 15508.0 5427.0
3686 15534.0 5436.0
3687 15538.0 5454.0
3688 15537.0 5454.0
3689 15504.0 5445.0
3690 15519.0 5460.0
3691 15525.0 5457.0
3692 15541.0 5472.0
3693 15552.0 5478.0
3694 15517.0 5487.0
3695 15518.0 5469.0
3696 15519.0 5487.0
3697 15522.0 5499.0
3698 15523.0 5505.0
3699 15527.0 5505.0
3700 15521.0 5484.0
3701 15539.0 5478.0
3702 15548.0 5478.0
3703 15555.0 5469.0
3704 15537.0 5478.0
3705 15531.0 5463.0
3706 15516.0 5460.0
3707 15507.0 5460.0
3708 15515.0 5442.0
3709 15514.0 5442.0
3710 15517.0 5445.0
3711 15500.0 5430.0
3712 15476.0 5442.0
3713 15464.0 5445.0
3714 15467.0 5460.0
3715 15474.0 5460.0
3716 15481.0 5475.0
3717 15505.0 5475.0
3718 15495.0 5487.0
3719 15516.0 5487.0
3720 15519.0 5487.0
3721 15528.0 5487.0
3722 15510.0 5505.0
3723 15551.0 5535.0
3724 15542.0 5514.0
3725 15546.0 5523.0
3726 15518.0 5532.0
3727 15529.0 5544.0
3728 15523.0 5562.0
3729 15521.0 5550.0
3730 15519.0 5550.0
3731 15538.0 5544.0
3732 15518.0 5529.0
3733 15515.0 5532.0
3734 15509.0 5529.0
3735 15500.0 5517.0
3736 15520.0 5517.0
3737 15515.0 5514.0
3738 15517.0 5493.0
3739 15507.0 5502.0
3740 15521.0 5511.0
3741 15508.0 5508.0
3742 15493.0 5484.0
3743 15501.0 5496.0
3744 15506.0 5523.0
3745 15522.0 5535.0
3746 15506.0 5535.0
3747 15510.0 5502.0
3748 15528.0 5505.0
3749 15523.0 5481.0
3750 15541.0 5475.0
3751 15552.0 5445.0
3752 15559.0 5451.0
3753 15559.0 5439.0
3754 15566.0 5454.0
3755 15565.0 5463.0
3756 15561.0 5448.0
3757 15562.0 5469.0
3758 15566.0 5460.0
3759 15583.0 5463.0
3760 15587.0 5481.0
3761 15590.0 5472.0
3762 15606.0 5478.0
3763 15608.0 5469.0
3764 15583.0 5493.0
3765 15581.0 5493.0
3766 15564.0 5487.0
3767 15555.0 5487.0
3768 15540.0 5490.0
3769 15537.0 5472.0
3770 15541.0 5475.0
3771 15516.0 5481.0
3772 15506.0 5472.0
3773 15505.0 5505.0
3774 15505.0 5523.0
3775 15506.0 5529.0
3776 15508.0 5523.0
3777 15522.0 5526.0
3778 15527.0 5559.0
3779 15531.0 5544.0
3780 15543.0 5556.0
3781 15551.0 5541.0
3782 15555.0 5538.0
3783 15552.0 5544.0
3784 15545.0 5544.0
3785 15572.0 5556.0
3786 15612.0 5532.0
3787 15608.0 5523.0
3788 15613.0 5538.0
3789 15603.0 5553.0
3790 15602.0 5544.0
3791 15617.0 5556.0
3792 15608.0 5574.0
3793 15595.0 5559.0
3794 15578.0 5547.0
3795 15581.0 5568.0
3796 15604.0 5574.0
3797 15585.0 5547.0
3798 15561.0 5544.0
3799 15566.0 5520.0
3800 15538.0 5517.0
3801 15557.0 5523.0
3802 15568.0 5532.0
3803 15571.0 5529.0
3804 15560.0 5514.0
3805 15556.0 5511.0
3806 15538.0 5496.0
3807 15535.0 5490.0
3808 15513.0 5478.0
3809 15527.0 5463.0
3810 15546.0 5460.0
3811 15549.0 5436.0
3812 15515.0 5430.0
3813 15499.0 5427.0
3814 15520.0 5433.0
3815 15524.0 5445.0
3816 15545.0 5439.0
3817 15538.0 5436.0
3818 15537.0 5469.0
3819 15527.0 5460.0
3820 15506.0 5460.0
3821 15511.0 5445.0
3822 15553.0 5457.0
3823 15552.0 5469.0
3824 15546.0 5469.0
3825 15542.0 5472.0
3826 15564.0 5436.0
3827 15580.0 5439.0
3828 15604.0 5448.0
3829 15592.0 5445.0
3830 15598.0 5445.0
3831 15577.0 5475.0
3832 15568.0 5457.0
3833 15562.0 5442.0
3834 15556.0 5457.0
3835 15576.0 5478.0
3836 15585.0 5490.0
3837 15590.0 5478.0
3838 15590.0 5490.0
3839 15606.0 5508.0
3840 15612.0 5487.0
3841 15593.0 5469.0
3842 15585.0 5466.0
3843 15560.0 5463.0
3844 15574.0 5487.0
3845 15555.0 5484.0
3846 15562.0 5484.0
3847 15564.0 5487.0
3848 15566.0 5484.0
3849 15536.0 5487.0
3850 15512.0 5460.0
3851 15511.0 5460.0
3852 15518.0 5460.0
3853 15535.0 5469.0
3854 15521.0 5478.0
3855 15537.0 5481.0
3856 15530.0 5469.0
3857 15543.0 5457.0
3858 15529.0 5469.0
3859 15514.0 5502.0
3860 15527.0 5493.0
3861 15551.0 5499.0
3862 15551.0 5475.0
3863 15524.0 5472.0
3864 15542.0 5502.0
3865 15561.0 5487.0
3866 15559.0 5496.0
3867 15539.0 5484.0
3868 15508.0 5481.0
3869 15510.0 5463.0
3870 15507.0 5466.0
3871 15477.0 5472.0
3872 15498.0 5469.0
3873 15471.0 5475.0
3874 15472.0 5469.0
3875 15462.0 5457.0
3876 15481.0 5463.0
3877 15490.0 5439.0
3878 15505.0 5439.0
3879 15475.0 5451.0
3880 15461.0 5448.0
3881 15467.0 5466.0
3882 15438.0 5466.0
3883 15435.0 5448.0
3884 15422.0 5451.0
3885 15411.0 5433.0
3886 15403.0 5427.0
3887 15435.0 5430.0
3888 15435.0 5430.0
3889 15456.0 5427.0
3890 15466.0 5439.0
3891 15459.0 5451.0
3892 15450.0 5466.0
3893 15451.0 5460.0
3894 15478.0 5448.0
3895 15489.0 5436.0
3896 15470.0 5454.0
3897 15465.0 5466.0
3898 15461.0 5490.0
3899 15471.0 5484.0
3900 15467.0 5502.0
3901 15459.0 5514.0
3902 15469.0 5520.0
3903 15491.0 5523.0
3904 15501.0 5520.0
3905 15489.0 5517.0
3906 15481.0 5493.0
3907 15485.0 5481.0
3908 15464.0 5454.0
3909 15483.0 5457.0
3910 15493.0 5442.0
3911 15471.0 5451.0
3912 15488.0 5433.0
3913 15482.0 5412.0
3914 15487.0 5427.0
3915 15500.0 5418.0
3916 15532.0 5433.0
3917 15524.0 5433.0
3918 15527.0 5403.0
3919 15529.0 5397.0
3920 15526.0 5406.0
3921 15509.0 5388.0
3922 15499.0 5394.0
3923 15516.0 5388.0
3924 15503.0 5385.0
3925 15507.0 5415.0
3926 15518.0 5409.0
3927 15512.0 5424.0
3928 15533.0 5427.0
3929 15533.0 5415.0
3930 15524.0 5430.0
3931 15513.0 5442.0
3932 15525.0 5436.0
3933 15510.0 5436.0
3934 15533.0 5433.0
3935 15543.0 5451.0
3936 15546.0 5457.0
3937 15569.0 5451.0
3938 15584.0 5460.0
3939 15580.0 5481.0
3940 15588.0 5499.0
3941 15541.0 5469.0
3942 15552.0 5478.0
3943 15557.0 5451.0
3944 15566.0 5448.0
3945 15543.0 5439.0
3946 15535.0 5439.0
3947 15501.0 5430.0
3948 15507.0 5436.0
3949 15498.0 5436.0
3950 15466.0 5430.0
3951 15495.0 5424.0
3952 15510.0 5436.0
3953 15515.0 5424.0
3954 15540.0 5406.0
3955 15521.0 5406.0
3956 15535.0 5430.0
3957 15563.0 5445.0
3958 15558.0 5433.0
3959 15552.0 5430.0
3960 15539.0 5424.0
3961 15542.0 5409.0
3962 15529.0 5406.0
3963 15558.0 5412.0
3964 15568.0 5418.0
3965 15554.0 5442.0
3966 15563.0 5445.0
3967 15559.0 5454.0
3968 15551.0 5445.0
3969 15559.0 5439.0
3970 15549.0 5451.0
3971 15534.0 5445.0
3972 15534.0 5448.0
3973 15518.0 5454.0
3974 15535.0 5454.0
3975 15529.0 5430.0
3976 15517.0 5418.0
3977 15536.0 5433.0
3978 15547.0 5430.0
3979 15540.0 5448.0
3980 15524.0 5451.0
3981 15528.0 5460.0
3982 15521.0 5457.0
3983 15521.0 5454.0
3984 15512.0 5481.0
3985 15505.0 5475.0
3986 15487.0 5469.0
3987 15479.0 5463.0
3988 15461.0 5448.0
3989 15479.0 5442.0
3990 15488.0 5478.0
3991 15514.0 5475.0
3992 15533.0 5469.0
3993 15538.0 5460.0
3994 15529.0 5493.0
3995 15534.0 5505.0
3996 15539.0 5481.0
3997 15523.0 5484.0
3998 15554.0 5484.0
3999 15539.0 5463.0
4000 15534.0 5457.0
4001 15508.0 5448.0
4002 15515.0 5451.0
4003 15515.0 5460.0
4004 15525.0 5469.0
4005 15541.0 5490.0
4006 15538.0 5496.0
4007 15544.0 5484.0
4008 15515.0 5460.0
4009 15530.0 5478.0
4010 15531.0 5490.0
4011 15504.0 5460.0
4012 15480.0 5448.0
4013 15477.0 5448.0
4014 15474.0 5454.0
4015 15489.0 5442.0
4016 15495.0 5466.0
4017 15487.0 5472.0
4018 15508.0 5460.0
4019 15463.0 5460.0
4020 15501.0 5475.0
4021 15513.0 5499.0
4022 15516.0 5481.0
4023 15530.0 5487.0
4024 15553.0 5502.0
4025 15563.0 5535.0
4026 15571.0 5553.0
4027 15578.0 5529.0
4028 15568.0 5535.0
4029 15568.0 5538.0
4030 15581.0 5520.0
4031 15552.0 5529.0
4032 15560.0 5523.0
4033 15552.0 5502.0
4034 15558.0 5505.0
4035 15573.0 5490.0
4036 15594.0 5475.0
4037 15595.0 5484.0
4038 15580.0 5496.0
4039 15569.0 5493.0
4040 15572.0 5502.0
4041 15557.0 5478.0
4042 15571.0 5493.0
4043 15545.0 5460.0
4044 15556.0 5457.0
4045 15554.0 5469.0
4046 15580.0 5463.0
4047 15577.0 5454.0
4048 15577.0 5454.0
4049 15573.0 5436.0
4050 15587.0 5457.0
4051 15570.0 5469.0
4052 15553.0 5460.0
4053 15551.0 5436.0
4054 15544.0 5439.0
4055 15510.0 5427.0
4056 15494.0 5403.0
4057 15537.0 5409.0
4058 15528.0 5418.0
4059 15539.0 5424.0
4060 15534.0 5436.0
4061 15562.0 5439.0
4062 15581.0 5439.0
4063 15564.0 5433.0
4064 15538.0 5421.0
4065 15538.0 5418.0
4066 15542.0 5439.0
4067 15520.0 5406.0
4068 15515.0 5427.0
4069 15503.0 5418.0
4070 15513.0 5436.0
4071 15523.0 5439.0
4072 15545.0 5433.0
4073 15540.0 5433.0
4074 15522.0 5406.0
4075 15545.0 5385.0
4076 15556.0 5385.0
4077 15553.0 5382.0
4078 15535.0 5406.0
4079 15533.0 5412.0
4080 15527.0 5424.0
4081 15531.0 5439.0
4082 15520.0 5439.0
4083 15522.0 5436.0
4084 15536.0 5436.0
4085 15528.0 5436.0
4086 15512.0 5424.0
4087 15531.0 5430.0
4088 15518.0 5427.0
4089 15531.0 5451.0
4090 15521.0 5469.0
4091 15508.0 5460.0
4092 15511.0 5457.0
4093 15502.0 5454.0
4094 15501.0 5469.0
4095 15488.0 5478.0
4096 15487.0 5469.0
4097 15491.0 5478.0
4098 15500.0 5490.0
4099 15487.0 5484.0
4100 15506.0 5472.0
4101 15477.0 5481.0
4102 15485.0 5484.0
4103 15477.0 5475.0
4104 15479.0 5490.0
4105 15486.0 5493.0
4106 15471.0 5496.0
4107 15470.0 5484.0
4108 15469.0 5460.0
4109 15471.0 5448.0
4110 15466.0 5439.0
4111 15475.0 5451.0
4112 15493.0 5445.0
4113 15489.0 5460.0
4114 15504.0 5451.0
4115 15477.0 5436.0
4116 15461.0 5418.0
4117 15465.0 5412.0
4118 15473.0 5436.0
4119 15460.0 5430.0
4120 15468.0 5448.0
4121 15469.0 5436.0
4122 15495.0 5442.0
4123 15523.0 5460.0
4124 15505.0 5463.0
4125 15483.0 5481.0
4126 15504.0 5496.0
4127 15482.0 5496.0
4128 15509.0 5493.0
4129 15520.0 5490.0
4130 15511.0 5505.0
4131 15490.0 5484.0
4132 15505.0 5508.0
4133 15505.0 5514.0
4134 15532.0 5508.0
4135 15519.0 5490.0
4136 15526.0 5487.0
4137 15533.0 5520.0
4138 15552.0 5535.0
4139 15558.0 5508.0
4140 15550.0 5499.0
4141 15574.0 5508.0
4142 15588.0 5493.0
4143 15573.0 5481.0
4144 15579.0 5523.0
4145 15573.0 5523.0
4146 15577.0 5499.0
4147 15578.0 5484.0
4148 15620.0 5472.0
4149 15633.0 5493.0
4150 15641.0 5490.0
4151 15631.0 5478.0
4152 15608.0 5454.0
4153 15588.0 5442.0
4154 15580.0 5427.0
4155 15584.0 5442.0
4156 15562.0 5451.0
4157 15568.0 5451.0
4158 15567.0 5427.0
4159 15582.0 5406.0
4160 15552.0 5373.0
4161 15542.0 5373.0
4162 15552.0 5364.0
4163 15551.0 5364.0
4164 15546.0 5358.0
4165 15544.0 5370.0
4166 15534.0 5394.0
4167 15502.0 5403.0
4168 15513.0 5409.0
4169 15518.0 5409.0
4170 15521.0 5403.0
4171 15533.0 5427.0
4172 15539.0 5424.0
4173 15526.0 5406.0
4174 15532.0 5418.0
4175 15535.0 5424.0
4176 15513.0 5442.0
4177 15495.0 5436.0
4178 15500.0 5424.0
4179 15485.0 5421.0
4180 15497.0 5433.0
4181 15509.0 5448.0
4182 15493.0 5406.0
4183 15517.0 5397.0
4184 15502.0 5409.0
4185 15507.0 5430.0
4186 15503.0 5421.0
4187 15512.0 5448.0
4188 15529.0 5472.0
4189 15516.0 5490.0
4190 15515.0 5493.0
4191 15511.0 5475.0
4192 15532.0 5478.0
4193 15548.0 5487.0
4194 15527.0 5487.0
4195 15528.0 5472.0
4196 15571.0 5454.0
4197 15560.0 5445.0
4198 15562.0 5448.0
4199 15564.0 5442.0
4200 15543.0 5448.0
4201 15529.0 5466.0
4202 15540.0 5445.0
4203 15546.0 5442.0
4204 15550.0 5442.0
4205 15555.0 5439.0
4206 15535.0 5400.0
4207 15552.0 5424.0
4208 15548.0 5418.0
4209 15537.0 5430.0
4210 15526.0 5448.0
4211 15528.0 5448.0
4212 15538.0 5457.0
4213 15541.0 5466.0
4214 15550.0 5460.0
4215 15532.0 5475.0
4216 15534.0 5451.0
4217 15523.0 5463.0
4218 15543.0 5448.0
4219 15565.0 5463.0
4220 15549.0 5442.0
4221 15546.0 5451.0
4222 15554.0 5454.0
4223 15541.0 5436.0
4224 15532.0 5430.0
4225 15544.0 5433.0
4226 15519.0 5427.0
4227 15500.0 5409.0
4228 15490.0 5403.0
4229 15476.0 5415.0
4230 15481.0 5427.0
4231 15477.0 5433.0
4232 15509.0 5403.0
4233 15521.0 5445.0
4234 15521.0 5436.0
4235 15505.0 5430.0
4236 15493.0 5427.0
4237 15466.0 5448.0
4238 15465.0 5448.0
4239 15488.0 5445.0
4240 15488.0 5424.0
4241 15513.0 5442.0
4242 15524.0 5427.0
4243 15518.0 5415.0
4244 15546.0 5433.0
4245 15524.0 5445.0
4246 15522.0 5436.0
4247 15509.0 5433.0
4248 15531.0 5442.0
4249 15526.0 5472.0
4250 15542.0 5502.0
4251 15533.0 5496.0
4252 15527.0 5496.0
4253 15521.0 5481.0
4254 15551.0 5493.0
4255 15524.0 5487.0
4256 15542.0 5493.0
4257 15535.0 5517.0
4258 15521.0 5520.0
4259 15513.0 5520.0
4260 15526.0 5496.0
4261 15514.0 5481.0
4262 15558.0 5490.0
4263 15550.0 5475.0
4264 15568.0 5475.0
4265 15544.0 5463.0
4266 15540.0 5460.0
4267 15517.0 5457.0
4268 15538.0 5487.0
4269 15541.0 5496.0
4270 15572.0 5490.0
4271 15545.0 5496.0
4272 15520.0 5484.0
4273 15509.0 5442.0
4274 15524.0 5469.0
4275 15540.0 5451.0
4276 15537.0 5430.0
4277 15536.0 5427.0
4278 15534.0 5448.0
4279 15520.0 5424.0
4280 15550.0 5421.0
4281 15537.0 5427.0
4282 15547.0 5439.0
4283 15543.0 5451.0
4284 15535.0 5445.0
4285 15543.0 5472.0
4286 15556.0 5475.0
4287 15570.0 5469.0
4288 15584.0 5448.0
4289 15585.0 5448.0
4290 15553.0 5442.0
4291 15569.0 5466.0
4292 15559.0 5448.0
4293 15573.0 5445.0
4294 15546.0 5433.0
4295 15574.0 5454.0
4296 15585.0 5460.0
4297 15583.0 5451.0
4298 15578.0 5421.0
4299 15539.0 5415.0
4300 15533.0 5403.0
4301 15548.0 5409.0
4302 15521.0 5421.0
4303 15544.0 5418.0
4304 15583.0 5418.0
4305 15568.0 5421.0
4306 15569.0 5427.0
4307 15556.0 5445.0
4308 15553.0 5445.0
4309 15551.0 5433.0
4310 15545.0 5409.0
4311 15525.0 5388.0
4312 15532.0 5397.0
4313 15521.0 5397.0
4314 15519.0 5400.0
4315 15517.0 5415.0
4316 15507.0 5421.0
4317 15501.0 5433.0
4318 15497.0 5421.0
4319 15488.0 5430.0
4320 15462.0 5436.0
4321 15463.0 5439.0
4322 15493.0 5475.0
4323 15480.0 5490.0
4324 15488.0 5490.0
4325 15478.0 5493.0
4326 15491.0 5505.0
4327 15476.0 5481.0
4328 15473.0 5466.0
4329 15467.0 5484.0
4330 15472.0 5517.0
4331 15473.0 5505.0
4332 15472.0 5505.0
4333 15476.0 5493.0
4334 15476.0 5505.0
4335 15484.0 5511.0
4336 15476.0 5520.0
4337 15470.0 5526.0
4338 15453.0 5517.0
4339 15479.0 5502.0
4340 15480.0 5520.0
4341 15480.0 5523.0
