MCS Area Contacto
0 3880.0 300.0
1 4284.0 339.0
2 4825.0 372.0
3 5461.0 435.0
4 6242.0 564.0
5 7120.0 687.0
6 8095.0 774.0
7 9150.0 915.0
8 10243.0 1068.0
9 11437.0 1221.0
10 12745.0 1374.0
11 14070.0 1533.0
12 15442.0 1719.0
13 16852.0 1896.0
14 18287.0 2097.0
15 19730.0 2226.0
16 21155.0 2385.0
17 22600.0 2610.0
18 24074.0 2787.0
19 25472.0 3033.0
20 26764.0 3210.0
21 28011.0 3381.0
22 29115.0 3543.0
23 30266.0 3732.0
24 31279.0 3873.0
25 32160.0 4086.0
26 32925.0 4197.0
27 33559.0 4320.0
28 34099.0 4407.0
29 34516.0 4476.0
30 34876.0 4530.0
31 35195.0 4617.0
32 35457.0 4683.0
33 35688.0 4713.0
34 35854.0 4761.0
35 36034.0 4782.0
36 36197.0 4800.0
37 36359.0 4863.0
38 36477.0 4875.0
39 36563.0 4869.0
40 36692.0 4878.0
41 36787.0 4905.0
42 36842.0 4953.0
43 36928.0 4950.0
44 37015.0 4989.0
45 37129.0 4995.0
46 37163.0 5019.0
47 37240.0 5055.0
48 37319.0 5082.0
49 37367.0 5094.0
50 37445.0 5112.0
51 37493.0 5133.0
52 37537.0 5172.0
53 37571.0 5190.0
54 37603.0 5196.0
55 37643.0 5196.0
56 37682.0 5220.0
57 37701.0 5226.0
58 37750.0 5247.0
59 37795.0 5247.0
60 37819.0 5259.0
61 37890.0 5271.0
62 37909.0 5289.0
63 37923.0 5307.0
64 37939.0 5316.0
65 38002.0 5328.0
66 38019.0 5361.0
67 38039.0 5355.0
68 38068.0 5370.0
69 38109.0 5379.0
70 38125.0 5367.0
71 38128.0 5355.0
72 38147.0 5358.0
73 38148.0 5376.0
74 38145.0 5382.0
75 38186.0 5379.0
76 38196.0 5400.0
77 38187.0 5409.0
78 38213.0 5415.0
79 38232.0 5430.0
80 38260.0 5439.0
81 38311.0 5451.0
82 38315.0 5466.0
83 38375.0 5511.0
84 38397.0 5532.0
85 38423.0 5535.0
86 38435.0 5556.0
87 38462.0 5595.0
88 38476.0 5583.0
89 38474.0 5592.0
90 38485.0 5601.0
91 38454.0 5613.0
92 38470.0 5625.0
93 38451.0 5628.0
94 38473.0 5622.0
95 38455.0 5622.0
96 38459.0 5637.0
97 38453.0 5628.0
98 38483.0 5625.0
99 38500.0 5625.0
100 38541.0 5625.0
101 38538.0 5652.0
102 38536.0 5667.0
103 38531.0 5679.0
104 38538.0 5700.0
105 38547.0 5712.0
106 38548.0 5718.0
107 38511.0 5739.0
108 38495.0 5724.0
109 38490.0 5715.0
110 38497.0 5727.0
111 38494.0 5709.0
112 38524.0 5718.0
113 38513.0 5715.0
114 38530.0 5721.0
115 38544.0 5724.0
116 38536.0 5757.0
117 38524.0 5748.0
118 38537.0 5766.0
119 38529.0 5769.0
120 38539.0 5751.0
121 38538.0 5730.0
122 38543.0 5757.0
123 38555.0 5742.0
124 38570.0 5763.0
125 38570.0 5793.0
126 38578.0 5793.0
127 38548.0 5805.0
128 38592.0 5817.0
129 38593.0 5826.0
130 38618.0 5811.0
131 38607.0 5814.0
132 38586.0 5799.0
133 38593.0 5826.0
134 38606.0 5799.0
135 38612.0 5790.0
136 38622.0 5811.0
137 38624.0 5826.0
138 38615.0 5808.0
139 38639.0 5817.0
140 38691.0 5805.0
141 38704.0 5814.0
142 38710.0 5802.0
143 38699.0 5805.0
144 38678.0 5790.0
145 38685.0 5814.0
146 38660.0 5823.0
147 38675.0 5814.0
148 38682.0 5805.0
149 38669.0 5832.0
150 38694.0 5847.0
151 38696.0 5886.0
152 38683.0 5871.0
153 38652.0 5877.0
154 38623.0 5868.0
155 38654.0 5880.0
156 38632.0 5904.0
157 38643.0 5910.0
158 38652.0 5925.0
159 38653.0 5940.0
160 38671.0 5925.0
161 38671.0 5922.0
162 38664.0 5946.0
163 38684.0 5952.0
164 38687.0 5946.0
165 38670.0 5958.0
166 38641.0 5976.0
167 38677.0 5994.0
168 38710.0 5994.0
169 38706.0 6003.0
170 38688.0 6000.0
171 38685.0 5991.0
172 38662.0 5991.0
173 38655.0 5997.0
174 38675.0 5985.0
175 38681.0 5976.0
176 38629.0 5979.0
177 38619.0 5979.0
178 38612.0 5985.0
179 38602.0 6000.0
180 38575.0 5991.0
181 38557.0 6006.0
182 38541.0 6021.0
183 38536.0 6039.0
184 38549.0 6063.0
185 38562.0 6036.0
186 38564.0 6057.0
187 38548.0 6066.0
188 38529.0 6081.0
189 38519.0 6084.0
190 38547.0 6072.0
191 38538.0 6090.0
192 38538.0 6093.0
193 38550.0 6072.0
194 38544.0 6087.0
195 38529.0 6090.0
196 38531.0 6096.0
197 38520.0 6087.0
198 38524.0 6108.0
199 38534.0 6135.0
200 38553.0 6138.0
201 38540.0 6114.0
202 38532.0 6120.0
203 38551.0 6129.0
204 38544.0 6138.0
205 38548.0 6147.0
206 38539.0 6147.0
207 38540.0 6159.0
208 38547.0 6162.0
209 38578.0 6171.0
210 38575.0 6189.0
211 38560.0 6159.0
212 38587.0 6168.0
213 38609.0 6180.0
214 38592.0 6168.0
215 38586.0 6168.0
216 38557.0 6180.0
217 38583.0 6183.0
218 38566.0 6171.0
219 38593.0 6165.0
220 38642.0 6159.0
221 38651.0 6156.0
222 38642.0 6156.0
223 38629.0 6150.0
224 38598.0 6162.0
225 38593.0 6180.0
226 38604.0 6156.0
227 38606.0 6156.0
228 38614.0 6165.0
229 38607.0 6186.0
230 38625.0 6189.0
231 38626.0 6189.0
232 38629.0 6189.0
233 38656.0 6201.0
234 38642.0 6219.0
235 38633.0 6192.0
236 38603.0 6207.0
237 38619.0 6213.0
238 38611.0 6222.0
239 38636.0 6219.0
240 38641.0 6237.0
241 38619.0 6231.0
242 38618.0 6231.0
243 38614.0 6252.0
244 38620.0 6270.0
245 38637.0 6261.0
246 38654.0 6258.0
247 38655.0 6282.0
248 38665.0 6270.0
249 38624.0 6288.0
250 38636.0 6282.0
251 38666.0 6306.0
252 38606.0 6318.0
253 38628.0 6309.0
254 38601.0 6324.0
255 38566.0 6336.0
256 38583.0 6330.0
257 38589.0 6330.0
258 38608.0 6330.0
259 38625.0 6333.0
260 38645.0 6345.0
261 38642.0 6342.0
262 38649.0 6333.0
263 38648.0 6339.0
264 38643.0 6360.0
265 38680.0 6342.0
266 38651.0 6333.0
267 38676.0 6339.0
268 38686.0 6336.0
269 38690.0 6345.0
270 38673.0 6351.0
271 38680.0 6351.0
272 38645.0 6339.0
273 38632.0 6327.0
274 38608.0 6321.0
275 38609.0 6348.0
276 38625.0 6360.0
277 38636.0 6348.0
278 38648.0 6345.0
279 38653.0 6357.0
280 38655.0 6366.0
281 38658.0 6357.0
282 38667.0 6369.0
283 38651.0 6390.0
284 38647.0 6405.0
285 38675.0 6411.0
286 38674.0 6408.0
287 38670.0 6399.0
288 38640.0 6405.0
289 38661.0 6396.0
290 38656.0 6381.0
291 38638.0 6390.0
292 38643.0 6402.0
293 38642.0 6387.0
294 38614.0 6411.0
295 38623.0 6423.0
296 38624.0 6453.0
297 38587.0 6444.0
298 38598.0 6438.0
299 38571.0 6438.0
300 38546.0 6456.0
301 38527.0 6429.0
302 38528.0 6432.0
303 38513.0 6438.0
304 38517.0 6438.0
305 38526.0 6432.0
306 38557.0 6444.0
307 38545.0 6435.0
308 38549.0 6429.0
309 38587.0 6450.0
310 38606.0 6468.0
311 38605.0 6459.0
312 38616.0 6465.0
313 38584.0 6435.0
314 38597.0 6423.0
315 38604.0 6411.0
316 38596.0 6423.0
317 38567.0 6405.0
318 38566.0 6393.0
319 38577.0 6414.0
320 38573.0 6465.0
321 38576.0 6453.0
322 38594.0 6453.0
323 38569.0 6456.0
324 38573.0 6462.0
325 38591.0 6441.0
326 38573.0 6435.0
327 38590.0 6450.0
328 38586.0 6414.0
329 38603.0 6432.0
330 38631.0 6435.0
331 38618.0 6441.0
332 38627.0 6459.0
333 38641.0 6447.0
334 38636.0 6444.0
335 38627.0 6444.0
336 38615.0 6447.0
337 38631.0 6459.0
338 38623.0 6447.0
339 38619.0 6456.0
340 38588.0 6444.0
341 38600.0 6444.0
342 38583.0 6459.0
343 38563.0 6435.0
344 38569.0 6441.0
345 38546.0 6450.0
346 38562.0 6489.0
347 38568.0 6516.0
348 38566.0 6501.0
349 38592.0 6510.0
350 38595.0 6495.0
351 38597.0 6504.0
352 38612.0 6525.0
353 38603.0 6516.0
354 38595.0 6519.0
355 38603.0 6507.0
356 38593.0 6507.0
357 38625.0 6528.0
358 38626.0 6546.0
359 38645.0 6564.0
360 38634.0 6552.0
361 38636.0 6552.0
362 38631.0 6546.0
363 38635.0 6567.0
364 38612.0 6582.0
365 38601.0 6573.0
366 38580.0 6573.0
367 38558.0 6570.0
368 38546.0 6579.0
369 38548.0 6576.0
370 38543.0 6579.0
371 38557.0 6606.0
372 38568.0 6600.0
373 38583.0 6609.0
374 38590.0 6609.0
375 38608.0 6609.0
376 38586.0 6615.0
377 38620.0 6627.0
378 38619.0 6627.0
379 38613.0 6621.0
380 38599.0 6615.0
381 38611.0 6597.0
382 38590.0 6591.0
383 38604.0 6585.0
384 38609.0 6594.0
385 38596.0 6612.0
386 38589.0 6594.0
387 38578.0 6609.0
388 38570.0 6630.0
389 38579.0 6645.0
390 38583.0 6651.0
391 38577.0 6666.0
392 38570.0 6681.0
393 38530.0 6672.0
394 38556.0 6669.0
395 38550.0 6669.0
396 38519.0 6654.0
397 38501.0 6654.0
398 38484.0 6657.0
399 38478.0 6657.0
400 38504.0 6654.0
401 38486.0 6654.0
402 38491.0 6657.0
403 38489.0 6651.0
404 38463.0 6666.0
405 38469.0 6672.0
406 38496.0 6648.0
407 38493.0 6672.0
408 38483.0 6669.0
409 38486.0 6672.0
410 38487.0 6693.0
411 38460.0 6684.0
412 38490.0 6729.0
413 38500.0 6726.0
414 38478.0 6708.0
415 38478.0 6702.0
416 38471.0 6675.0
417 38475.0 6705.0
418 38488.0 6699.0
419 38521.0 6741.0
420 38530.0 6723.0
421 38532.0 6714.0
422 38554.0 6738.0
423 38558.0 6762.0
424 38561.0 6771.0
425 38573.0 6768.0
426 38564.0 6765.0
427 38542.0 6762.0
428 38550.0 6756.0
429 38554.0 6747.0
430 38565.0 6729.0
431 38566.0 6735.0
432 38564.0 6747.0
433 38555.0 6735.0
434 38548.0 6714.0
435 38580.0 6729.0
436 38567.0 6753.0
437 38580.0 6759.0
438 38560.0 6744.0
439 38544.0 6762.0
440 38543.0 6765.0
441 38518.0 6747.0
442 38562.0 6750.0
443 38565.0 6765.0
444 38586.0 6804.0
445 38578.0 6816.0
446 38565.0 6798.0
447 38559.0 6804.0
448 38522.0 6801.0
449 38539.0 6795.0
450 38537.0 6795.0
451 38536.0 6795.0
452 38518.0 6777.0
453 38516.0 6759.0
454 38527.0 6771.0
455 38505.0 6780.0
456 38508.0 6783.0
457 38478.0 6798.0
458 38452.0 6795.0
459 38461.0 6807.0
460 38430.0 6798.0
461 38438.0 6804.0
462 38451.0 6819.0
463 38447.0 6798.0
464 38452.0 6792.0
465 38443.0 6774.0
466 38472.0 6753.0
467 38463.0 6759.0
468 38443.0 6774.0
469 38437.0 6774.0
470 38443.0 6804.0
471 38429.0 6813.0
472 38421.0 6801.0
473 38415.0 6789.0
474 38416.0 6816.0
475 38418.0 6798.0
476 38439.0 6798.0
477 38434.0 6801.0
478 38442.0 6813.0
479 38497.0 6801.0
480 38502.0 6807.0
481 38482.0 6792.0
482 38504.0 6798.0
483 38496.0 6807.0
484 38524.0 6801.0
485 38542.0 6810.0
486 38519.0 6780.0
487 38511.0 6753.0
488 38515.0 6753.0
489 38510.0 6774.0
490 38525.0 6759.0
491 38523.0 6774.0
492 38524.0 6789.0
493 38547.0 6807.0
494 38548.0 6813.0
495 38549.0 6819.0
496 38504.0 6813.0
497 38493.0 6804.0
498 38505.0 6813.0
499 38502.0 6825.0
500 38472.0 6807.0
501 38484.0 6822.0
502 38482.0 6837.0
503 38463.0 6837.0
504 38505.0 6870.0
505 38499.0 6876.0
506 38512.0 6879.0
507 38510.0 6876.0
508 38499.0 6888.0
509 38516.0 6888.0
510 38537.0 6894.0
511 38536.0 6924.0
512 38558.0 6927.0
513 38552.0 6951.0
514 38549.0 6972.0
515 38558.0 6975.0
516 38552.0 6963.0
517 38563.0 6951.0
518 38561.0 6951.0
519 38546.0 6930.0
520 38555.0 6939.0
521 38562.0 6942.0
522 38577.0 6927.0
523 38549.0 6951.0
524 38569.0 6951.0
525 38586.0 6951.0
526 38591.0 6951.0
527 38605.0 6975.0
528 38603.0 6957.0
529 38601.0 6963.0
530 38624.0 6969.0
531 38602.0 6969.0
532 38588.0 6963.0
533 38586.0 6975.0
534 38572.0 6978.0
535 38565.0 6960.0
536 38541.0 6966.0
537 38542.0 6978.0
538 38537.0 6975.0
539 38519.0 6984.0
540 38519.0 6984.0
541 38534.0 6963.0
542 38519.0 6954.0
543 38533.0 6954.0
544 38542.0 6963.0
545 38535.0 6966.0
546 38550.0 6978.0
547 38561.0 6981.0
548 38555.0 6972.0
549 38535.0 6972.0
550 38561.0 6999.0
551 38555.0 6990.0
552 38566.0 7002.0
553 38569.0 7002.0
554 38570.0 7017.0
555 38598.0 7029.0
556 38573.0 7008.0
557 38551.0 6999.0
558 38562.0 7023.0
559 38555.0 7020.0
560 38549.0 7032.0
561 38561.0 7047.0
562 38600.0 7041.0
563 38569.0 7044.0
564 38558.0 7050.0
565 38555.0 7044.0
566 38553.0 7074.0
567 38539.0 7080.0
568 38527.0 7092.0
569 38531.0 7062.0
570 38528.0 7059.0
571 38548.0 7074.0
572 38557.0 7092.0
573 38586.0 7074.0
574 38595.0 7074.0
575 38596.0 7056.0
576 38572.0 7053.0
577 38562.0 7047.0
578 38544.0 7035.0
579 38532.0 7059.0
580 38537.0 7056.0
581 38541.0 7053.0
582 38494.0 7053.0
583 38500.0 7041.0
584 38507.0 7041.0
585 38487.0 7029.0
586 38469.0 7038.0
587 38467.0 7044.0
588 38455.0 7032.0
589 38493.0 7023.0
590 38510.0 7029.0
591 38516.0 7050.0
592 38531.0 7047.0
593 38521.0 7041.0
594 38539.0 7059.0
595 38538.0 7038.0
596 38545.0 7032.0
597 38548.0 7032.0
598 38560.0 7035.0
599 38560.0 7020.0
600 38612.0 7035.0
601 38591.0 7029.0
602 38591.0 7002.0
603 38595.0 7023.0
604 38602.0 7026.0
605 38614.0 7011.0
606 38604.0 7014.0
607 38621.0 7017.0
608 38616.0 7026.0
609 38647.0 7065.0
610 38661.0 7119.0
611 38667.0 7095.0
612 38662.0 7083.0
613 38649.0 7074.0
614 38623.0 7083.0
615 38633.0 7095.0
616 38603.0 7101.0
617 38600.0 7113.0
618 38597.0 7116.0
619 38615.0 7128.0
620 38629.0 7125.0
621 38636.0 7110.0
622 38663.0 7122.0
623 38656.0 7122.0
624 38682.0 7131.0
625 38669.0 7143.0
626 38690.0 7137.0
627 38686.0 7104.0
628 38684.0 7134.0
629 38672.0 7143.0
630 38678.0 7131.0
631 38656.0 7134.0
632 38653.0 7152.0
633 38665.0 7155.0
634 38674.0 7152.0
635 38654.0 7179.0
636 38693.0 7191.0
637 38651.0 7179.0
638 38663.0 7194.0
639 38681.0 7170.0
640 38718.0 7200.0
641 38743.0 7200.0
642 38722.0 7194.0
643 38708.0 7194.0
644 38715.0 7191.0
645 38711.0 7197.0
646 38714.0 7173.0
647 38726.0 7203.0
648 38724.0 7182.0
649 38694.0 7191.0
650 38716.0 7212.0
651 38710.0 7236.0
652 38722.0 7242.0
653 38718.0 7257.0
654 38669.0 7251.0
655 38675.0 7260.0
656 38677.0 7242.0
657 38691.0 7245.0
658 38695.0 7227.0
659 38674.0 7227.0
660 38677.0 7230.0
661 38687.0 7236.0
662 38678.0 7248.0
663 38686.0 7236.0
664 38663.0 7242.0
665 38672.0 7245.0
666 38661.0 7254.0
667 38635.0 7230.0
668 38611.0 7230.0
669 38621.0 7221.0
670 38617.0 7215.0
671 38631.0 7206.0
672 38642.0 7242.0
673 38645.0 7254.0
674 38645.0 7278.0
675 38623.0 7275.0
676 38623.0 7266.0
677 38616.0 7278.0
678 38618.0 7287.0
679 38638.0 7290.0
680 38630.0 7281.0
681 38628.0 7284.0
682 38635.0 7284.0
683 38614.0 7278.0
684 38634.0 7278.0
685 38639.0 7278.0
686 38667.0 7284.0
687 38687.0 7293.0
688 38708.0 7284.0
689 38674.0 7266.0
690 38691.0 7275.0
691 38659.0 7275.0
692 38699.0 7287.0
693 38688.0 7287.0
694 38649.0 7296.0
695 38668.0 7290.0
696 38693.0 7305.0
697 38712.0 7290.0
698 38684.0 7281.0
699 38705.0 7278.0
700 38735.0 7269.0
701 38721.0 7251.0
702 38731.0 7269.0
703 38746.0 7275.0
704 38723.0 7254.0
705 38726.0 7257.0
706 38700.0 7239.0
707 38685.0 7233.0
708 38682.0 7248.0
709 38689.0 7245.0
710 38703.0 7236.0
711 38702.0 7221.0
712 38696.0 7224.0
713 38695.0 7233.0
714 38671.0 7227.0
715 38675.0 7233.0
716 38664.0 7233.0
717 38676.0 7212.0
718 38688.0 7218.0
719 38690.0 7227.0
720 38706.0 7224.0
721 38705.0 7236.0
722 38679.0 7245.0
723 38669.0 7266.0
724 38654.0 7275.0
725 38653.0 7296.0
726 38652.0 7275.0
727 38654.0 7284.0
728 38647.0 7287.0
729 38659.0 7299.0
730 38621.0 7284.0
731 38637.0 7296.0
732 38621.0 7308.0
733 38613.0 7305.0
734 38590.0 7290.0
735 38600.0 7281.0
736 38617.0 7293.0
737 38621.0 7308.0
738 38617.0 7326.0
739 38610.0 7335.0
740 38625.0 7353.0
741 38637.0 7341.0
742 38639.0 7323.0
743 38652.0 7335.0
744 38631.0 7335.0
745 38638.0 7335.0
746 38639.0 7335.0
747 38631.0 7338.0
748 38615.0 7314.0
749 38598.0 7332.0
750 38606.0 7338.0
751 38573.0 7323.0
752 38596.0 7311.0
753 38599.0 7305.0
754 38592.0 7326.0
755 38613.0 7326.0
756 38600.0 7302.0
757 38598.0 7311.0
758 38611.0 7314.0
759 38620.0 7302.0
760 38610.0 7314.0
761 38598.0 7323.0
762 38593.0 7314.0
763 38588.0 7311.0
764 38588.0 7275.0
765 38587.0 7293.0
766 38597.0 7323.0
767 38587.0 7314.0
768 38581.0 7317.0
769 38586.0 7308.0
770 38584.0 7305.0
771 38542.0 7329.0
772 38556.0 7323.0
773 38577.0 7332.0
774 38594.0 7326.0
775 38572.0 7341.0
776 38560.0 7338.0
777 38574.0 7338.0
778 38550.0 7335.0
779 38562.0 7329.0
780 38544.0 7323.0
781 38554.0 7335.0
782 38558.0 7344.0
783 38569.0 7368.0
784 38573.0 7368.0
785 38587.0 7392.0
786 38599.0 7407.0
787 38570.0 7410.0
788 38565.0 7416.0
789 38574.0 7401.0
790 38576.0 7410.0
791 38576.0 7431.0
792 38566.0 7425.0
793 38597.0 7410.0
794 38597.0 7407.0
795 38606.0 7404.0
796 38613.0 7425.0
797 38604.0 7407.0
798 38619.0 7395.0
799 38601.0 7398.0
800 38595.0 7407.0
801 38640.0 7407.0
802 38640.0 7386.0
803 38647.0 7413.0
804 38636.0 7413.0
805 38634.0 7395.0
806 38644.0 7419.0
807 38636.0 7434.0
808 38649.0 7416.0
809 38648.0 7419.0
810 38664.0 7413.0
811 38643.0 7404.0
812 38631.0 7413.0
813 38624.0 7413.0
814 38621.0 7398.0
815 38616.0 7428.0
816 38605.0 7452.0
817 38605.0 7446.0
818 38588.0 7407.0
819 38610.0 7425.0
820 38592.0 7419.0
821 38609.0 7458.0
822 38599.0 7476.0
823 38614.0 7479.0
824 38621.0 7485.0
825 38627.0 7512.0
826 38626.0 7488.0
827 38589.0 7479.0
828 38627.0 7473.0
829 38632.0 7479.0
830 38616.0 7482.0
831 38616.0 7473.0
832 38637.0 7494.0
833 38620.0 7485.0
834 38639.0 7488.0
835 38621.0 7491.0
836 38648.0 7440.0
837 38640.0 7440.0
838 38667.0 7473.0
839 38660.0 7488.0
840 38699.0 7494.0
841 38740.0 7485.0
842 38728.0 7467.0
843 38719.0 7467.0
844 38708.0 7464.0
845 38697.0 7461.0
846 38692.0 7464.0
847 38689.0 7455.0
848 38700.0 7458.0
849 38669.0 7446.0
850 38647.0 7434.0
851 38659.0 7404.0
852 38671.0 7410.0
853 38684.0 7422.0
854 38717.0 7443.0
855 38699.0 7449.0
856 38678.0 7452.0
857 38659.0 7455.0
858 38694.0 7470.0
859 38695.0 7440.0
860 38704.0 7443.0
861 38717.0 7422.0
862 38738.0 7440.0
863 38712.0 7416.0
864 38719.0 7410.0
865 38703.0 7440.0
866 38672.0 7440.0
867 38677.0 7416.0
868 38707.0 7440.0
869 38688.0 7437.0
870 38667.0 7458.0
871 38651.0 7458.0
872 38649.0 7473.0
873 38649.0 7467.0
874 38650.0 7455.0
875 38681.0 7440.0
876 38697.0 7431.0
877 38722.0 7437.0
878 38733.0 7431.0
879 38733.0 7452.0
880 38715.0 7458.0
881 38717.0 7479.0
882 38720.0 7494.0
883 38697.0 7494.0
884 38699.0 7497.0
885 38706.0 7527.0
886 38732.0 7518.0
887 38701.0 7506.0
888 38691.0 7473.0
889 38714.0 7479.0
890 38719.0 7500.0
891 38716.0 7473.0
892 38727.0 7482.0
893 38715.0 7491.0
894 38717.0 7479.0
895 38662.0 7464.0
896 38663.0 7425.0
897 38676.0 7434.0
898 38659.0 7437.0
899 38693.0 7437.0
900 38679.0 7419.0
901 38661.0 7434.0
902 38659.0 7407.0
903 38646.0 7398.0
904 38637.0 7410.0
905 38641.0 7410.0
906 38643.0 7437.0
907 38632.0 7458.0
908 38623.0 7455.0
909 38654.0 7485.0
910 38684.0 7473.0
911 38684.0 7485.0
912 38714.0 7482.0
913 38704.0 7479.0
914 38710.0 7500.0
915 38681.0 7509.0
916 38690.0 7524.0
917 38666.0 7518.0
918 38683.0 7515.0
919 38669.0 7533.0
920 38654.0 7533.0
921 38705.0 7560.0
922 38691.0 7560.0
923 38659.0 7530.0
924 38648.0 7542.0
925 38655.0 7542.0
926 38638.0 7545.0
927 38626.0 7554.0
928 38629.0 7536.0
929 38624.0 7545.0
930 38630.0 7527.0
931 38636.0 7536.0
932 38659.0 7545.0
933 38633.0 7530.0
934 38612.0 7524.0
935 38590.0 7548.0
936 38594.0 7557.0
937 38629.0 7569.0
938 38608.0 7611.0
939 38612.0 7599.0
940 38590.0 7608.0
941 38575.0 7596.0
942 38569.0 7590.0
943 38561.0 7581.0
944 38579.0 7581.0
945 38554.0 7599.0
946 38564.0 7590.0
947 38557.0 7608.0
948 38569.0 7599.0
949 38586.0 7614.0
950 38569.0 7620.0
951 38555.0 7623.0
952 38537.0 7605.0
953 38562.0 7605.0
954 38561.0 7638.0
955 38569.0 7626.0
956 38595.0 7620.0
957 38612.0 7620.0
958 38614.0 7593.0
959 38604.0 7566.0
960 38614.0 7584.0
961 38628.0 7593.0
962 38616.0 7608.0
963 38659.0 7647.0
964 38670.0 7650.0
965 38676.0 7653.0
966 38671.0 7644.0
967 38639.0 7635.0
968 38610.0 7632.0
969 38611.0 7626.0
970 38622.0 7632.0
971 38617.0 7665.0
972 38587.0 7650.0
973 38600.0 7656.0
974 38589.0 7677.0
975 38595.0 7683.0
976 38564.0 7671.0
977 38584.0 7656.0
978 38592.0 7659.0
979 38596.0 7668.0
980 38569.0 7662.0
981 38545.0 7635.0
982 38505.0 7638.0
983 38508.0 7656.0
984 38518.0 7653.0
985 38534.0 7653.0
986 38542.0 7650.0
987 38550.0 7662.0
988 38534.0 7638.0
989 38538.0 7656.0
990 38509.0 7647.0
991 38505.0 7638.0
992 38544.0 7626.0
993 38567.0 7641.0
994 38578.0 7671.0
995 38609.0 7671.0
996 38605.0 7662.0
997 38610.0 7662.0
998 38626.0 7665.0
999 38647.0 7680.0
1000 38619.0 7689.0
1001 38628.0 7695.0
1002 38623.0 7692.0
1003 38660.0 7713.0
1004 38633.0 7734.0
1005 38624.0 7746.0
1006 38610.0 7761.0
1007 38617.0 7770.0
1008 38637.0 7752.0
1009 38585.0 7731.0
1010 38574.0 7728.0
1011 38588.0 7743.0
1012 38594.0 7725.0
1013 38614.0 7734.0
1014 38620.0 7758.0
1015 38612.0 7791.0
1016 38600.0 7767.0
1017 38589.0 7785.0
1018 38584.0 7788.0
1019 38623.0 7809.0
1020 38612.0 7821.0
1021 38638.0 7821.0
1022 38628.0 7824.0
1023 38608.0 7815.0
1024 38617.0 7839.0
1025 38601.0 7842.0
1026 38624.0 7854.0
1027 38653.0 7854.0
1028 38639.0 7860.0
1029 38615.0 7860.0
1030 38645.0 7842.0
1031 38646.0 7848.0
1032 38660.0 7842.0
1033 38629.0 7848.0
1034 38653.0 7839.0
1035 38667.0 7821.0
1036 38682.0 7833.0
1037 38665.0 7830.0
1038 38649.0 7842.0
1039 38644.0 7836.0
1040 38632.0 7845.0
1041 38612.0 7848.0
1042 38617.0 7863.0
1043 38600.0 7848.0
1044 38585.0 7818.0
1045 38584.0 7830.0
1046 38569.0 7812.0
1047 38576.0 7818.0
1048 38588.0 7794.0
1049 38599.0 7809.0
1050 38580.0 7758.0
1051 38579.0 7734.0
1052 38579.0 7743.0
1053 38569.0 7749.0
1054 38559.0 7788.0
1055 38568.0 7842.0
1056 38561.0 7848.0
1057 38580.0 7836.0
1058 38569.0 7839.0
1059 38577.0 7851.0
1060 38608.0 7842.0
1061 38591.0 7836.0
1062 38590.0 7839.0
1063 38600.0 7863.0
1064 38599.0 7839.0
1065 38585.0 7827.0
1066 38579.0 7839.0
1067 38624.0 7863.0
1068 38651.0 7890.0
1069 38638.0 7890.0
1070 38631.0 7884.0
1071 38607.0 7872.0
1072 38618.0 7878.0
1073 38615.0 7866.0
1074 38635.0 7875.0
1075 38620.0 7857.0
1076 38621.0 7836.0
1077 38630.0 7866.0
1078 38608.0 7854.0
1079 38646.0 7878.0
1080 38653.0 7875.0
1081 38656.0 7902.0
1082 38645.0 7890.0
1083 38637.0 7869.0
1084 38641.0 7896.0
1085 38620.0 7866.0
1086 38610.0 7845.0
1087 38609.0 7827.0
1088 38599.0 7830.0
1089 38586.0 7818.0
1090 38581.0 7830.0
1091 38602.0 7833.0
1092 38607.0 7842.0
1093 38602.0 7827.0
1094 38593.0 7863.0
1095 38569.0 7875.0
1096 38559.0 7881.0
1097 38551.0 7854.0
1098 38554.0 7875.0
1099 38568.0 7875.0
1100 38586.0 7908.0
1101 38580.0 7905.0
1102 38580.0 7926.0
1103 38557.0 7902.0
1104 38528.0 7893.0
1105 38554.0 7890.0
1106 38539.0 7896.0
1107 38542.0 7899.0
1108 38567.0 7884.0
1109 38530.0 7875.0
1110 38537.0 7881.0
1111 38550.0 7890.0
1112 38562.0 7920.0
1113 38554.0 7917.0
1114 38538.0 7920.0
1115 38540.0 7929.0
1116 38533.0 7929.0
1117 38569.0 7932.0
1118 38591.0 7929.0
1119 38594.0 7938.0
1120 38618.0 7953.0
1121 38608.0 7953.0
1122 38625.0 7950.0
1123 38632.0 7959.0
1124 38633.0 7974.0
1125 38632.0 7977.0
1126 38634.0 7965.0
1127 38638.0 7947.0
1128 38693.0 7971.0
1129 38687.0 7986.0
1130 38677.0 8004.0
1131 38701.0 7983.0
1132 38724.0 7974.0
1133 38738.0 7992.0
1134 38731.0 8004.0
1135 38730.0 7986.0
1136 38751.0 7995.0
1137 38754.0 7995.0
1138 38749.0 7974.0
1139 38727.0 7971.0
1140 38725.0 7965.0
1141 38713.0 7953.0
1142 38693.0 7977.0
1143 38696.0 8016.0
1144 38691.0 8046.0
1145 38639.0 8046.0
1146 38645.0 8052.0
1147 38647.0 8046.0
1148 38647.0 8067.0
1149 38693.0 8079.0
1150 38703.0 8097.0
1151 38711.0 8136.0
1152 38746.0 8142.0
1153 38715.0 8130.0
1154 38693.0 8094.0
1155 38723.0 8094.0
1156 38737.0 8082.0
1157 38756.0 8067.0
1158 38773.0 8052.0
1159 38790.0 8013.0
1160 38771.0 8025.0
1161 38731.0 8013.0
1162 38726.0 8034.0
1163 38731.0 8034.0
1164 38768.0 8040.0
1165 38770.0 8061.0
1166 38768.0 8025.0
1167 38761.0 8028.0
1168 38759.0 8028.0
1169 38734.0 8013.0
1170 38749.0 7992.0
1171 38758.0 7986.0
1172 38730.0 7977.0
1173 38723.0 8004.0
1174 38726.0 8001.0
1175 38725.0 8019.0
1176 38739.0 8019.0
1177 38719.0 7992.0
1178 38719.0 8043.0
1179 38717.0 8025.0
1180 38753.0 8028.0
1181 38734.0 8061.0
1182 38750.0 8073.0
1183 38757.0 8079.0
1184 38754.0 8052.0
1185 38736.0 8019.0
1186 38766.0 8046.0
1187 38754.0 8028.0
1188 38751.0 8037.0
1189 38738.0 8067.0
1190 38737.0 8067.0
1191 38722.0 8079.0
1192 38696.0 8073.0
1193 38684.0 8055.0
1194 38689.0 8049.0
1195 38684.0 8049.0
1196 38689.0 8037.0
1197 38649.0 8046.0
1198 38629.0 8067.0
1199 38633.0 8061.0
1200 38623.0 8049.0
1201 38643.0 8070.0
1202 38614.0 8052.0
1203 38629.0 8046.0
1204 38631.0 8034.0
1205 38639.0 8031.0
1206 38642.0 8040.0
1207 38636.0 8040.0
1208 38623.0 8043.0
1209 38684.0 8070.0
1210 38696.0 8055.0
1211 38687.0 8076.0
1212 38661.0 8067.0
1213 38659.0 8094.0
1214 38664.0 8079.0
1215 38649.0 8064.0
1216 38647.0 8052.0
1217 38653.0 8058.0
1218 38668.0 8064.0
1219 38688.0 8070.0
1220 38703.0 8082.0
1221 38740.0 8055.0
1222 38725.0 8031.0
1223 38723.0 8040.0
1224 38701.0 8052.0
1225 38680.0 8043.0
1226 38684.0 8031.0
1227 38690.0 8037.0
1228 38702.0 8040.0
1229 38713.0 8028.0
1230 38712.0 8031.0
1231 38698.0 8022.0
1232 38705.0 8004.0
1233 38669.0 8019.0
1234 38671.0 8028.0
1235 38682.0 8031.0
1236 38667.0 8019.0
1237 38672.0 8025.0
1238 38694.0 8040.0
1239 38714.0 8052.0
1240 38732.0 8043.0
1241 38753.0 8052.0
1242 38752.0 8067.0
1243 38782.0 8061.0
1244 38780.0 8082.0
1245 38764.0 8145.0
1246 38763.0 8157.0
1247 38786.0 8157.0
1248 38778.0 8190.0
1249 38805.0 8193.0
1250 38798.0 8199.0
1251 38803.0 8196.0
1252 38814.0 8199.0
1253 38821.0 8196.0
1254 38823.0 8184.0
1255 38813.0 8172.0
1256 38795.0 8184.0
1257 38767.0 8199.0
1258 38777.0 8196.0
1259 38763.0 8226.0
1260 38744.0 8232.0
1261 38748.0 8226.0
1262 38762.0 8235.0
1263 38747.0 8229.0
1264 38731.0 8250.0
1265 38743.0 8259.0
1266 38731.0 8274.0
1267 38767.0 8274.0
1268 38744.0 8265.0
1269 38737.0 8247.0
1270 38722.0 8229.0
1271 38682.0 8223.0
1272 38654.0 8208.0
1273 38654.0 8199.0
1274 38708.0 8217.0
1275 38725.0 8223.0
1276 38718.0 8214.0
1277 38740.0 8214.0
1278 38724.0 8205.0
1279 38728.0 8211.0
1280 38730.0 8196.0
1281 38727.0 8202.0
1282 38734.0 8208.0
1283 38737.0 8220.0
1284 38742.0 8220.0
1285 38740.0 8238.0
1286 38739.0 8256.0
1287 38752.0 8259.0
1288 38762.0 8277.0
1289 38781.0 8298.0
1290 38790.0 8337.0
1291 38789.0 8319.0
1292 38809.0 8319.0
1293 38779.0 8301.0
1294 38778.0 8304.0
1295 38761.0 8301.0
1296 38739.0 8319.0
1297 38734.0 8313.0
1298 38724.0 8325.0
1299 38719.0 8313.0
1300 38737.0 8313.0
1301 38728.0 8310.0
1302 38687.0 8316.0
1303 38691.0 8331.0
1304 38674.0 8328.0
1305 38657.0 8307.0
1306 38655.0 8307.0
1307 38665.0 8292.0
1308 38673.0 8304.0
1309 38666.0 8292.0
1310 38654.0 8289.0
1311 38644.0 8301.0
1312 38667.0 8292.0
1313 38671.0 8283.0
1314 38692.0 8271.0
1315 38711.0 8277.0
1316 38672.0 8274.0
1317 38660.0 8283.0
1318 38626.0 8280.0
1319 38638.0 8301.0
1320 38654.0 8319.0
1321 38669.0 8331.0
1322 38693.0 8325.0
1323 38692.0 8331.0
1324 38675.0 8313.0
1325 38660.0 8310.0
1326 38682.0 8307.0
1327 38640.0 8289.0
1328 38642.0 8292.0
1329 38659.0 8307.0
1330 38653.0 8301.0
1331 38672.0 8310.0
1332 38674.0 8295.0
1333 38698.0 8292.0
1334 38708.0 8307.0
1335 38695.0 8313.0
1336 38687.0 8343.0
1337 38678.0 8352.0
1338 38658.0 8319.0
1339 38652.0 8292.0
1340 38641.0 8280.0
1341 38594.0 8259.0
1342 38604.0 8268.0
1343 38610.0 8274.0
1344 38586.0 8262.0
1345 38597.0 8259.0
1346 38600.0 8247.0
1347 38631.0 8238.0
1348 38630.0 8232.0
1349 38658.0 8247.0
1350 38675.0 8268.0
1351 38647.0 8274.0
1352 38645.0 8277.0
1353 38643.0 8292.0
1354 38655.0 8304.0
1355 38671.0 8298.0
1356 38694.0 8286.0
1357 38683.0 8274.0
1358 38673.0 8271.0
1359 38649.0 8262.0
1360 38630.0 8271.0
1361 38605.0 8259.0
1362 38598.0 8262.0
1363 38603.0 8253.0
1364 38656.0 8280.0
1365 38651.0 8283.0
1366 38670.0 8280.0
1367 38677.0 8289.0
1368 38672.0 8298.0
1369 38690.0 8322.0
1370 38673.0 8322.0
1371 38692.0 8325.0
1372 38678.0 8325.0
1373 38664.0 8310.0
1374 38673.0 8316.0
1375 38729.0 8337.0
1376 38698.0 8361.0
1377 38676.0 8343.0
1378 38684.0 8325.0
1379 38676.0 8307.0
1380 38682.0 8340.0
1381 38650.0 8346.0
1382 38653.0 8364.0
1383 38646.0 8367.0
1384 38654.0 8379.0
1385 38643.0 8349.0
1386 38636.0 8358.0
1387 38641.0 8367.0
1388 38667.0 8355.0
1389 38686.0 8373.0
1390 38654.0 8391.0
1391 38676.0 8385.0
1392 38656.0 8394.0
1393 38620.0 8385.0
1394 38629.0 8391.0
1395 38615.0 8406.0
1396 38646.0 8373.0
1397 38656.0 8322.0
1398 38670.0 8301.0
1399 38686.0 8328.0
1400 38701.0 8331.0
1401 38704.0 8346.0
1402 38695.0 8358.0
1403 38682.0 8379.0
1404 38673.0 8373.0
1405 38710.0 8376.0
1406 38736.0 8394.0
1407 38724.0 8385.0
1408 38689.0 8397.0
1409 38722.0 8397.0
1410 38720.0 8409.0
1411 38705.0 8397.0
1412 38737.0 8427.0
1413 38734.0 8412.0
1414 38713.0 8424.0
1415 38737.0 8448.0
1416 38759.0 8442.0
1417 38764.0 8442.0
1418 38754.0 8433.0
1419 38751.0 8436.0
1420 38748.0 8454.0
1421 38784.0 8466.0
1422 38802.0 8469.0
1423 38783.0 8484.0
1424 38798.0 8484.0
1425 38810.0 8505.0
1426 38789.0 8496.0
1427 38776.0 8526.0
1428 38794.0 8538.0
1429 38799.0 8547.0
1430 38783.0 8544.0
1431 38753.0 8535.0
1432 38765.0 8559.0
1433 38765.0 8526.0
1434 38768.0 8526.0
1435 38768.0 8520.0
1436 38734.0 8514.0
1437 38716.0 8487.0
1438 38716.0 8487.0
1439 38724.0 8466.0
1440 38735.0 8466.0
1441 38742.0 8469.0
1442 38711.0 8460.0
1443 38725.0 8478.0
1444 38711.0 8457.0
1445 38706.0 8460.0
1446 38694.0 8490.0
1447 38689.0 8478.0
1448 38690.0 8478.0
1449 38725.0 8511.0
1450 38703.0 8499.0
1451 38707.0 8505.0
1452 38717.0 8499.0
1453 38701.0 8508.0
1454 38684.0 8499.0
1455 38697.0 8523.0
1456 38705.0 8529.0
1457 38701.0 8529.0
1458 38715.0 8538.0
1459 38700.0 8538.0
1460 38714.0 8547.0
1461 38690.0 8526.0
1462 38714.0 8529.0
1463 38709.0 8529.0
1464 38692.0 8544.0
1465 38715.0 8502.0
1466 38735.0 8487.0
1467 38740.0 8514.0
1468 38711.0 8511.0
1469 38697.0 8517.0
1470 38673.0 8478.0
1471 38682.0 8478.0
1472 38692.0 8475.0
1473 38689.0 8451.0
1474 38699.0 8457.0
1475 38733.0 8457.0
1476 38699.0 8493.0
1477 38684.0 8469.0
1478 38689.0 8466.0
1479 38680.0 8448.0
1480 38687.0 8445.0
1481 38704.0 8460.0
1482 38713.0 8472.0
1483 38732.0 8481.0
1484 38689.0 8511.0
1485 38685.0 8517.0
1486 38687.0 8502.0
1487 38698.0 8487.0
1488 38699.0 8478.0
1489 38688.0 8508.0
1490 38671.0 8502.0
1491 38684.0 8496.0
1492 38664.0 8478.0
1493 38677.0 8463.0
1494 38712.0 8478.0
1495 38731.0 8487.0
1496 38736.0 8496.0
1497 38712.0 8484.0
1498 38702.0 8502.0
1499 38716.0 8505.0
1500 38732.0 8523.0
1501 38752.0 8508.0
1502 38755.0 8514.0
1503 38754.0 8523.0
1504 38774.0 8514.0
1505 38797.0 8490.0
1506 38769.0 8478.0
1507 38737.0 8454.0
1508 38754.0 8502.0
1509 38735.0 8493.0
1510 38745.0 8490.0
1511 38762.0 8502.0
1512 38780.0 8499.0
1513 38753.0 8496.0
1514 38759.0 8502.0
1515 38766.0 8502.0
1516 38773.0 8496.0
1517 38785.0 8472.0
1518 38784.0 8478.0
1519 38786.0 8475.0
1520 38793.0 8472.0
1521 38809.0 8484.0
1522 38790.0 8496.0
1523 38779.0 8475.0
1524 38780.0 8472.0
1525 38778.0 8478.0
1526 38812.0 8475.0
1527 38783.0 8502.0
1528 38772.0 8502.0
1529 38767.0 8493.0
1530 38760.0 8481.0
1531 38784.0 8484.0
1532 38796.0 8499.0
1533 38759.0 8511.0
1534 38741.0 8514.0
1535 38732.0 8535.0
1536 38735.0 8529.0
1537 38734.0 8541.0
1538 38737.0 8553.0
1539 38737.0 8544.0
1540 38751.0 8553.0
1541 38737.0 8550.0
1542 38748.0 8547.0
1543 38738.0 8574.0
1544 38712.0 8583.0
1545 38708.0 8595.0
1546 38724.0 8580.0
1547 38732.0 8580.0
1548 38721.0 8583.0
1549 38707.0 8583.0
1550 38738.0 8598.0
1551 38714.0 8586.0
1552 38682.0 8565.0
1553 38683.0 8574.0
1554 38664.0 8571.0
1555 38629.0 8571.0
1556 38621.0 8547.0
1557 38627.0 8571.0
1558 38621.0 8589.0
1559 38629.0 8583.0
1560 38664.0 8565.0
1561 38686.0 8577.0
1562 38678.0 8571.0
1563 38695.0 8547.0
1564 38690.0 8550.0
1565 38703.0 8586.0
1566 38731.0 8577.0
1567 38718.0 8586.0
1568 38707.0 8580.0
1569 38695.0 8577.0
1570 38709.0 8568.0
1571 38733.0 8577.0
1572 38722.0 8577.0
1573 38741.0 8568.0
1574 38702.0 8565.0
1575 38704.0 8577.0
1576 38699.0 8556.0
1577 38691.0 8577.0
1578 38697.0 8574.0
1579 38703.0 8589.0
1580 38704.0 8613.0
1581 38672.0 8604.0
1582 38630.0 8622.0
1583 38623.0 8631.0
1584 38664.0 8619.0
1585 38661.0 8616.0
1586 38686.0 8580.0
1587 38697.0 8574.0
1588 38684.0 8571.0
1589 38699.0 8592.0
1590 38687.0 8589.0
1591 38687.0 8589.0
1592 38698.0 8601.0
1593 38707.0 8610.0
1594 38713.0 8604.0
1595 38695.0 8607.0
1596 38694.0 8613.0
1597 38715.0 8634.0
1598 38722.0 8640.0
1599 38710.0 8619.0
1600 38689.0 8613.0
1601 38650.0 8616.0
1602 38646.0 8595.0
1603 38660.0 8601.0
1604 38624.0 8598.0
1605 38628.0 8592.0
1606 38640.0 8577.0
1607 38611.0 8595.0
1608 38611.0 8598.0
1609 38631.0 8616.0
1610 38644.0 8610.0
1611 38661.0 8643.0
1612 38671.0 8619.0
1613 38655.0 8613.0
1614 38651.0 8613.0
1615 38671.0 8625.0
1616 38662.0 8625.0
1617 38677.0 8628.0
1618 38650.0 8625.0
1619 38660.0 8616.0
1620 38650.0 8598.0
1621 38665.0 8592.0
1622 38641.0 8592.0
1623 38609.0 8562.0
1624 38604.0 8553.0
1625 38603.0 8568.0
1626 38623.0 8577.0
1627 38625.0 8586.0
1628 38632.0 8589.0
1629 38639.0 8589.0
1630 38608.0 8607.0
1631 38611.0 8619.0
1632 38605.0 8634.0
1633 38622.0 8628.0
1634 38618.0 8631.0
1635 38601.0 8646.0
1636 38589.0 8652.0
1637 38612.0 8667.0
1638 38621.0 8670.0
1639 38663.0 8658.0
1640 38671.0 8661.0
1641 38649.0 8667.0
1642 38637.0 8649.0
1643 38635.0 8676.0
1644 38638.0 8700.0
1645 38643.0 8697.0
1646 38679.0 8670.0
1647 38693.0 8703.0
1648 38686.0 8697.0
1649 38668.0 8703.0
1650 38701.0 8697.0
1651 38723.0 8691.0
1652 38738.0 8694.0
1653 38702.0 8697.0
1654 38683.0 8679.0
1655 38681.0 8667.0
1656 38685.0 8682.0
1657 38693.0 8676.0
1658 38716.0 8673.0
1659 38683.0 8655.0
1660 38685.0 8676.0
1661 38671.0 8676.0
1662 38688.0 8670.0
1663 38649.0 8676.0
1664 38639.0 8685.0
1665 38621.0 8709.0
1666 38627.0 8706.0
1667 38604.0 8718.0
1668 38593.0 8718.0
1669 38602.0 8733.0
1670 38592.0 8706.0
1671 38563.0 8703.0
1672 38549.0 8685.0
1673 38563.0 8703.0
1674 38569.0 8694.0
1675 38612.0 8700.0
1676 38627.0 8718.0
1677 38613.0 8703.0
1678 38638.0 8706.0
1679 38618.0 8694.0
1680 38613.0 8706.0
1681 38644.0 8700.0
1682 38636.0 8709.0
1683 38630.0 8697.0
1684 38637.0 8733.0
1685 38636.0 8739.0
1686 38671.0 8757.0
1687 38678.0 8787.0
1688 38689.0 8823.0
1689 38713.0 8808.0
1690 38735.0 8778.0
1691 38737.0 8766.0
1692 38696.0 8763.0
1693 38738.0 8787.0
1694 38765.0 8796.0
1695 38769.0 8793.0
1696 38747.0 8793.0
1697 38764.0 8784.0
1698 38786.0 8787.0
1699 38794.0 8790.0
1700 38761.0 8799.0
1701 38755.0 8799.0
1702 38747.0 8793.0
1703 38737.0 8796.0
1704 38743.0 8811.0
1705 38761.0 8802.0
1706 38782.0 8832.0
1707 38770.0 8823.0
1708 38811.0 8835.0
1709 38847.0 8844.0
1710 38816.0 8853.0
1711 38816.0 8880.0
1712 38807.0 8868.0
1713 38820.0 8871.0
1714 38823.0 8838.0
1715 38808.0 8835.0
1716 38834.0 8841.0
1717 38846.0 8847.0
1718 38856.0 8835.0
1719 38843.0 8829.0
1720 38839.0 8835.0
1721 38860.0 8844.0
1722 38842.0 8838.0
1723 38834.0 8832.0
1724 38855.0 8832.0
1725 38879.0 8832.0
1726 38830.0 8829.0
1727 38833.0 8811.0
1728 38848.0 8838.0
1729 38883.0 8847.0
1730 38899.0 8832.0
1731 38931.0 8850.0
1732 38915.0 8859.0
1733 38876.0 8889.0
1734 38878.0 8892.0
1735 38852.0 8877.0
1736 38880.0 8868.0
1737 38860.0 8883.0
1738 38878.0 8859.0
1739 38862.0 8838.0
1740 38876.0 8808.0
1741 38857.0 8799.0
1742 38857.0 8799.0
1743 38865.0 8823.0
1744 38848.0 8811.0
1745 38834.0 8820.0
1746 38847.0 8814.0
1747 38848.0 8817.0
1748 38884.0 8826.0
1749 38916.0 8835.0
1750 38896.0 8856.0
1751 38888.0 8832.0
1752 38852.0 8799.0
1753 38819.0 8787.0
1754 38814.0 8781.0
1755 38827.0 8778.0
1756 38833.0 8802.0
1757 38849.0 8790.0
1758 38814.0 8760.0
1759 38831.0 8742.0
1760 38851.0 8712.0
1761 38842.0 8703.0
1762 38853.0 8706.0
1763 38831.0 8721.0
1764 38812.0 8730.0
1765 38818.0 8733.0
1766 38819.0 8742.0
1767 38835.0 8736.0
1768 38814.0 8736.0
1769 38824.0 8733.0
1770 38838.0 8742.0
1771 38827.0 8766.0
1772 38785.0 8757.0
1773 38796.0 8745.0
1774 38809.0 8736.0
1775 38780.0 8784.0
1776 38793.0 8766.0
1777 38816.0 8781.0
1778 38795.0 8772.0
1779 38811.0 8799.0
1780 38823.0 8829.0
1781 38833.0 8841.0
1782 38850.0 8826.0
1783 38839.0 8838.0
1784 38809.0 8835.0
1785 38782.0 8829.0
1786 38757.0 8841.0
1787 38775.0 8841.0
1788 38790.0 8847.0
1789 38814.0 8835.0
1790 38820.0 8835.0
1791 38812.0 8823.0
1792 38830.0 8814.0
1793 38822.0 8799.0
1794 38855.0 8820.0
1795 38863.0 8826.0
1796 38855.0 8853.0
1797 38853.0 8847.0
1798 38867.0 8871.0
1799 38864.0 8835.0
1800 38864.0 8832.0
1801 38832.0 8823.0
1802 38809.0 8802.0
1803 38819.0 8811.0
1804 38789.0 8793.0
1805 38770.0 8781.0
1806 38792.0 8760.0
1807 38788.0 8775.0
1808 38790.0 8790.0
1809 38784.0 8775.0
1810 38799.0 8769.0
1811 38769.0 8778.0
1812 38730.0 8772.0
1813 38759.0 8766.0
1814 38748.0 8775.0
1815 38747.0 8781.0
1816 38744.0 8784.0
1817 38749.0 8784.0
1818 38758.0 8772.0
1819 38747.0 8775.0
1820 38752.0 8775.0
1821 38728.0 8781.0
1822 38734.0 8772.0
1823 38728.0 8793.0
1824 38761.0 8778.0
1825 38766.0 8778.0
1826 38771.0 8790.0
1827 38762.0 8805.0
1828 38762.0 8814.0
1829 38761.0 8817.0
1830 38776.0 8832.0
1831 38786.0 8841.0
1832 38800.0 8811.0
1833 38785.0 8793.0
1834 38758.0 8820.0
1835 38750.0 8850.0
1836 38752.0 8883.0
1837 38744.0 8874.0
1838 38753.0 8871.0
1839 38742.0 8889.0
1840 38766.0 8898.0
1841 38756.0 8901.0
1842 38737.0 8925.0
1843 38760.0 8919.0
1844 38789.0 8913.0
1845 38794.0 8898.0
1846 38786.0 8874.0
1847 38798.0 8880.0
1848 38798.0 8874.0
1849 38812.0 8883.0
1850 38795.0 8883.0
1851 38808.0 8892.0
1852 38822.0 8931.0
1853 38832.0 8934.0
1854 38839.0 8952.0
1855 38824.0 8949.0
1856 38808.0 8946.0
1857 38808.0 8943.0
1858 38828.0 8934.0
1859 38832.0 8928.0
1860 38849.0 8904.0
1861 38841.0 8910.0
1862 38808.0 8910.0
1863 38817.0 8952.0
1864 38801.0 8979.0
1865 38749.0 8991.0
1866 38760.0 8970.0
1867 38769.0 8928.0
1868 38785.0 8928.0
1869 38764.0 8949.0
1870 38732.0 8928.0
1871 38741.0 8922.0
1872 38722.0 8919.0
1873 38735.0 8925.0
1874 38726.0 8916.0
1875 38723.0 8934.0
1876 38721.0 8952.0
1877 38715.0 8973.0
1878 38714.0 8970.0
1879 38698.0 8967.0
1880 38681.0 8946.0
1881 38649.0 8943.0
1882 38670.0 8937.0
1883 38618.0 8919.0
1884 38623.0 8910.0
1885 38658.0 8895.0
1886 38667.0 8886.0
1887 38692.0 8889.0
1888 38707.0 8895.0
1889 38741.0 8898.0
1890 38720.0 8901.0
1891 38705.0 8901.0
1892 38715.0 8895.0
1893 38721.0 8868.0
1894 38725.0 8880.0
1895 38747.0 8874.0
1896 38757.0 8892.0
1897 38764.0 8889.0
1898 38766.0 8889.0
1899 38760.0 8895.0
1900 38789.0 8898.0
1901 38807.0 8898.0
1902 38829.0 8898.0
1903 38771.0 8904.0
1904 38788.0 8913.0
1905 38784.0 8916.0
1906 38739.0 8916.0
1907 38731.0 8928.0
1908 38683.0 8916.0
1909 38658.0 8931.0
1910 38667.0 8919.0
1911 38660.0 8910.0
1912 38659.0 8928.0
1913 38646.0 8916.0
1914 38654.0 8913.0
1915 38677.0 8916.0
1916 38697.0 8907.0
1917 38675.0 8895.0
1918 38689.0 8883.0
1919 38687.0 8895.0
1920 38707.0 8880.0
1921 38674.0 8865.0
1922 38652.0 8886.0
1923 38622.0 8871.0
1924 38619.0 8889.0
1925 38643.0 8916.0
1926 38665.0 8919.0
1927 38677.0 8949.0
1928 38656.0 8931.0
1929 38671.0 8916.0
1930 38677.0 8931.0
1931 38645.0 8925.0
1932 38638.0 8946.0
1933 38643.0 8943.0
1934 38665.0 8949.0
1935 38691.0 8943.0
1936 38709.0 8955.0
1937 38710.0 8949.0
1938 38716.0 8943.0
1939 38720.0 8967.0
1940 38708.0 8961.0
1941 38715.0 8964.0
1942 38722.0 8961.0
1943 38725.0 8934.0
1944 38735.0 8916.0
1945 38719.0 8928.0
1946 38740.0 8913.0
1947 38714.0 8895.0
1948 38709.0 8934.0
1949 38715.0 8916.0
1950 38674.0 8901.0
1951 38676.0 8892.0
1952 38689.0 8877.0
1953 38662.0 8856.0
1954 38689.0 8832.0
1955 38678.0 8832.0
1956 38657.0 8838.0
1957 38652.0 8832.0
1958 38640.0 8841.0
1959 38617.0 8856.0
1960 38605.0 8877.0
1961 38622.0 8889.0
1962 38599.0 8895.0
1963 38589.0 8907.0
1964 38612.0 8937.0
1965 38634.0 8961.0
1966 38630.0 8973.0
1967 38625.0 8997.0
1968 38634.0 9006.0
1969 38612.0 8952.0
1970 38611.0 8949.0
1971 38617.0 8958.0
1972 38607.0 8949.0
1973 38604.0 8985.0
1974 38612.0 8997.0
1975 38565.0 8979.0
1976 38563.0 8952.0
1977 38563.0 8952.0
1978 38582.0 8955.0
1979 38575.0 8949.0
1980 38584.0 8970.0
1981 38584.0 8973.0
1982 38583.0 8961.0
1983 38551.0 8958.0
1984 38563.0 8934.0
1985 38598.0 8955.0
1986 38593.0 8985.0
1987 38616.0 8970.0
1988 38632.0 8970.0
1989 38630.0 9006.0
1990 38647.0 8973.0
1991 38638.0 8946.0
1992 38666.0 8976.0
1993 38627.0 8970.0
1994 38643.0 8976.0
1995 38627.0 8985.0
1996 38641.0 9018.0
1997 38651.0 9018.0
1998 38640.0 9015.0
1999 38643.0 9018.0
2000 38651.0 9003.0
2001 38634.0 9012.0
2002 38666.0 9000.0
2003 38655.0 9000.0
2004 38681.0 8961.0
2005 38680.0 8970.0
2006 38685.0 8985.0
2007 38706.0 8976.0
2008 38724.0 9015.0
2009 38741.0 9000.0
2010 38739.0 8991.0
2011 38747.0 8985.0
2012 38757.0 8979.0
2013 38774.0 9018.0
2014 38747.0 9024.0
2015 38760.0 9042.0
2016 38751.0 9048.0
2017 38757.0 9033.0
2018 38735.0 9003.0
2019 38748.0 8991.0
2020 38758.0 8982.0
2021 38766.0 8967.0
2022 38774.0 8937.0
2023 38780.0 8928.0
2024 38806.0 8946.0
2025 38836.0 8961.0
2026 38824.0 8988.0
2027 38795.0 8991.0
2028 38764.0 8976.0
2029 38755.0 9015.0
2030 38750.0 9009.0
2031 38744.0 9003.0
2032 38745.0 9030.0
2033 38755.0 9012.0
2034 38729.0 9000.0
2035 38721.0 9006.0
2036 38751.0 9015.0
2037 38778.0 9024.0
2038 38791.0 9033.0
2039 38775.0 9006.0
2040 38762.0 9024.0
2041 38785.0 9003.0
2042 38787.0 9018.0
2043 38780.0 8985.0
2044 38787.0 9009.0
2045 38802.0 9012.0
2046 38777.0 9003.0
2047 38782.0 8997.0
2048 38768.0 8997.0
2049 38798.0 9012.0
2050 38802.0 9006.0
2051 38809.0 8997.0
2052 38788.0 8985.0
2053 38806.0 8976.0
2054 38824.0 8994.0
2055 38840.0 8994.0
2056 38828.0 9015.0
2057 38828.0 9012.0
2058 38835.0 9012.0
2059 38833.0 9003.0
2060 38795.0 9000.0
2061 38821.0 8988.0
2062 38801.0 8973.0
2063 38807.0 8970.0
2064 38792.0 8979.0
2065 38794.0 8994.0
2066 38812.0 9027.0
2067 38777.0 9024.0
2068 38767.0 8991.0
2069 38783.0 9006.0
2070 38804.0 9006.0
2071 38798.0 9018.0
2072 38809.0 9009.0
2073 38786.0 9009.0
2074 38742.0 9021.0
2075 38738.0 9030.0
2076 38744.0 9018.0
2077 38742.0 9009.0
2078 38776.0 9009.0
2079 38785.0 9003.0
2080 38772.0 9021.0
2081 38779.0 9000.0
2082 38751.0 9021.0
2083 38732.0 9021.0
2084 38717.0 9012.0
2085 38702.0 9021.0
2086 38728.0 9030.0
2087 38703.0 9027.0
2088 38704.0 9030.0
2089 38705.0 9051.0
2090 38690.0 9033.0
2091 38694.0 9045.0
2092 38697.0 9060.0
2093 38717.0 9042.0
2094 38728.0 9054.0
2095 38730.0 9045.0
2096 38752.0 9030.0
2097 38714.0 9003.0
2098 38689.0 8964.0
2099 38699.0 8964.0
2100 38692.0 8958.0
2101 38720.0 8994.0
2102 38741.0 9009.0
2103 38749.0 9033.0
2104 38759.0 9021.0
2105 38771.0 9018.0
2106 38765.0 9060.0
2107 38765.0 9057.0
2108 38778.0 9039.0
2109 38769.0 9042.0
2110 38746.0 9036.0
2111 38774.0 9030.0
2112 38785.0 9036.0
2113 38820.0 9036.0
2114 38844.0 9060.0
2115 38828.0 9057.0
2116 38814.0 9033.0
2117 38819.0 9063.0
2118 38813.0 9042.0
2119 38831.0 9060.0
2120 38850.0 9054.0
2121 38855.0 9066.0
2122 38861.0 9060.0
2123 38836.0 9063.0
2124 38826.0 9069.0
2125 38815.0 9072.0
2126 38796.0 9081.0
2127 38786.0 9099.0
2128 38818.0 9105.0
2129 38851.0 9123.0
2130 38830.0 9117.0
2131 38864.0 9120.0
2132 38861.0 9132.0
2133 38854.0 9129.0
2134 38866.0 9123.0
2135 38894.0 9141.0
2136 38884.0 9132.0
2137 38883.0 9132.0
2138 38904.0 9117.0
2139 38907.0 9120.0
2140 38879.0 9114.0
2141 38877.0 9114.0
2142 38881.0 9102.0
2143 38895.0 9123.0
2144 38910.0 9123.0
2145 38948.0 9093.0
2146 38910.0 9081.0
2147 38929.0 9075.0
2148 38908.0 9069.0
2149 38906.0 9063.0
2150 38913.0 9051.0
2151 38925.0 9042.0
2152 38938.0 9042.0
2153 38927.0 9045.0
2154 38933.0 9063.0
2155 38929.0 9072.0
2156 38935.0 9075.0
2157 38917.0 9102.0
2158 38927.0 9075.0
2159 38880.0 9033.0
2160 38890.0 9027.0
2161 38880.0 9006.0
2162 38897.0 9006.0
2163 38913.0 8997.0
2164 38922.0 9036.0
2165 38909.0 9036.0
2166 38893.0 9015.0
2167 38884.0 9045.0
2168 38879.0 9036.0
2169 38854.0 9045.0
2170 38852.0 9048.0
2171 38824.0 9066.0
2172 38877.0 9057.0
2173 38876.0 9102.0
2174 38882.0 9102.0
2175 38859.0 9084.0
2176 38883.0 9063.0
2177 38887.0 9066.0
2178 38881.0 9036.0
2179 38869.0 9060.0
2180 38854.0 9072.0
2181 38862.0 9048.0
2182 38856.0 9051.0
2183 38854.0 9054.0
2184 38877.0 9078.0
2185 38799.0 9060.0
2186 38811.0 9033.0
2187 38818.0 9045.0
2188 38830.0 9051.0
2189 38811.0 9057.0
2190 38785.0 9051.0
2191 38792.0 9060.0
2192 38806.0 9060.0
2193 38866.0 9078.0
2194 38876.0 9081.0
2195 38862.0 9099.0
2196 38871.0 9078.0
2197 38884.0 9063.0
2198 38898.0 9081.0
2199 38881.0 9084.0
2200 38857.0 9099.0
2201 38839.0 9096.0
2202 38819.0 9072.0
2203 38797.0 9072.0
2204 38810.0 9069.0
2205 38807.0 9087.0
2206 38790.0 9033.0
2207 38772.0 9024.0
2208 38799.0 9045.0
2209 38799.0 9030.0
2210 38785.0 8988.0
2211 38745.0 8979.0
2212 38755.0 8982.0
2213 38755.0 8976.0
2214 38810.0 8976.0
2215 38809.0 8988.0
2216 38808.0 9015.0
2217 38796.0 9012.0
2218 38787.0 9033.0
2219 38754.0 9036.0
2220 38755.0 9045.0
2221 38783.0 9045.0
2222 38812.0 9066.0
2223 38816.0 9072.0
2224 38798.0 9069.0
2225 38773.0 9099.0
2226 38763.0 9111.0
2227 38750.0 9081.0
2228 38760.0 9072.0
2229 38759.0 9099.0
2230 38804.0 9123.0
2231 38804.0 9126.0
2232 38802.0 9135.0
2233 38813.0 9138.0
2234 38817.0 9150.0
2235 38820.0 9144.0
2236 38809.0 9117.0
2237 38820.0 9126.0
2238 38775.0 9126.0
2239 38776.0 9129.0
2240 38754.0 9135.0
2241 38757.0 9126.0
2242 38724.0 9120.0
2243 38735.0 9117.0
2244 38717.0 9129.0
2245 38746.0 9120.0
2246 38728.0 9132.0
2247 38702.0 9147.0
2248 38688.0 9144.0
2249 38660.0 9126.0
2250 38668.0 9138.0
2251 38679.0 9135.0
2252 38664.0 9111.0
2253 38675.0 9111.0
2254 38672.0 9102.0
2255 38683.0 9111.0
2256 38723.0 9114.0
2257 38713.0 9129.0
2258 38715.0 9135.0
2259 38715.0 9135.0
2260 38763.0 9129.0
2261 38772.0 9123.0
2262 38767.0 9114.0
2263 38741.0 9132.0
2264 38731.0 9105.0
2265 38721.0 9117.0
2266 38740.0 9108.0
2267 38718.0 9105.0
2268 38708.0 9087.0
2269 38734.0 9096.0
2270 38729.0 9135.0
2271 38730.0 9138.0
2272 38723.0 9171.0
2273 38733.0 9168.0
2274 38745.0 9180.0
2275 38744.0 9180.0
2276 38732.0 9198.0
2277 38758.0 9210.0
2278 38745.0 9213.0
2279 38738.0 9231.0
2280 38713.0 9228.0
2281 38733.0 9228.0
2282 38762.0 9222.0
2283 38767.0 9234.0
2284 38775.0 9237.0
2285 38761.0 9237.0
2286 38756.0 9240.0
2287 38766.0 9252.0
2288 38772.0 9231.0
2289 38765.0 9213.0
2290 38741.0 9216.0
2291 38752.0 9204.0
2292 38739.0 9201.0
2293 38703.0 9201.0
2294 38704.0 9198.0
2295 38732.0 9189.0
2296 38734.0 9192.0
2297 38729.0 9201.0
2298 38724.0 9201.0
2299 38722.0 9201.0
2300 38708.0 9189.0
2301 38695.0 9201.0
2302 38690.0 9210.0
2303 38687.0 9204.0
2304 38681.0 9183.0
2305 38706.0 9180.0
2306 38681.0 9180.0
2307 38707.0 9195.0
2308 38703.0 9186.0
2309 38704.0 9162.0
2310 38700.0 9174.0
2311 38712.0 9147.0
2312 38715.0 9150.0
2313 38693.0 9144.0
2314 38714.0 9144.0
2315 38747.0 9162.0
2316 38767.0 9156.0
2317 38781.0 9156.0
2318 38777.0 9192.0
2319 38793.0 9198.0
2320 38809.0 9177.0
2321 38817.0 9180.0
2322 38825.0 9207.0
2323 38844.0 9204.0
2324 38834.0 9216.0
2325 38840.0 9189.0
2326 38817.0 9171.0
2327 38802.0 9177.0
2328 38753.0 9159.0
2329 38751.0 9138.0
2330 38784.0 9162.0
2331 38771.0 9168.0
2332 38768.0 9138.0
2333 38754.0 9111.0
2334 38704.0 9141.0
2335 38696.0 9156.0
2336 38706.0 9159.0
2337 38729.0 9150.0
2338 38730.0 9171.0
2339 38740.0 9201.0
2340 38756.0 9204.0
2341 38741.0 9195.0
2342 38746.0 9189.0
2343 38715.0 9171.0
2344 38720.0 9165.0
2345 38726.0 9168.0
2346 38745.0 9138.0
2347 38723.0 9144.0
2348 38717.0 9153.0
2349 38679.0 9147.0
2350 38707.0 9162.0
2351 38697.0 9171.0
2352 38699.0 9183.0
2353 38702.0 9189.0
2354 38674.0 9186.0
2355 38681.0 9180.0
2356 38689.0 9198.0
2357 38732.0 9177.0
2358 38749.0 9156.0
2359 38772.0 9162.0
2360 38774.0 9150.0
2361 38779.0 9132.0
2362 38769.0 9162.0
2363 38765.0 9156.0
2364 38741.0 9144.0
2365 38722.0 9159.0
2366 38710.0 9177.0
2367 38704.0 9183.0
2368 38673.0 9165.0
2369 38700.0 9153.0
2370 38724.0 9171.0
2371 38741.0 9174.0
2372 38736.0 9177.0
2373 38718.0 9135.0
2374 38751.0 9147.0
2375 38713.0 9156.0
2376 38735.0 9159.0
2377 38723.0 9174.0
2378 38713.0 9177.0
2379 38711.0 9192.0
2380 38759.0 9195.0
2381 38759.0 9216.0
2382 38787.0 9246.0
2383 38786.0 9216.0
2384 38808.0 9219.0
2385 38803.0 9210.0
2386 38795.0 9222.0
2387 38774.0 9219.0
2388 38760.0 9207.0
2389 38803.0 9204.0
2390 38774.0 9219.0
2391 38759.0 9201.0
2392 38741.0 9204.0
2393 38791.0 9207.0
2394 38780.0 9219.0
2395 38782.0 9207.0
2396 38784.0 9210.0
2397 38785.0 9216.0
2398 38762.0 9204.0
2399 38767.0 9213.0
2400 38761.0 9198.0
2401 38778.0 9195.0
2402 38768.0 9165.0
2403 38752.0 9189.0
2404 38715.0 9201.0
2405 38742.0 9219.0
2406 38722.0 9192.0
2407 38709.0 9165.0
2408 38706.0 9174.0
2409 38727.0 9180.0
2410 38708.0 9183.0
2411 38701.0 9168.0
2412 38698.0 9147.0
2413 38703.0 9117.0
2414 38689.0 9138.0
2415 38711.0 9141.0
2416 38689.0 9123.0
2417 38727.0 9141.0
2418 38705.0 9138.0
2419 38671.0 9138.0
2420 38682.0 9123.0
2421 38678.0 9144.0
2422 38659.0 9150.0
2423 38655.0 9162.0
2424 38654.0 9147.0
2425 38664.0 9174.0
2426 38683.0 9147.0
2427 38673.0 9147.0
2428 38677.0 9171.0
2429 38677.0 9192.0
2430 38701.0 9207.0
2431 38685.0 9189.0
2432 38687.0 9195.0
2433 38721.0 9189.0
2434 38724.0 9189.0
2435 38720.0 9174.0
2436 38752.0 9177.0
2437 38754.0 9174.0
2438 38723.0 9183.0
2439 38724.0 9156.0
2440 38736.0 9168.0
2441 38754.0 9144.0
2442 38780.0 9150.0
2443 38763.0 9168.0
2444 38782.0 9141.0
2445 38760.0 9153.0
2446 38783.0 9159.0
2447 38768.0 9132.0
2448 38803.0 9147.0
2449 38829.0 9162.0
2450 38835.0 9171.0
2451 38809.0 9165.0
2452 38828.0 9186.0
2453 38838.0 9168.0
2454 38838.0 9168.0
2455 38851.0 9201.0
2456 38842.0 9192.0
2457 38859.0 9210.0
2458 38859.0 9231.0
2459 38844.0 9237.0
2460 38836.0 9246.0
2461 38801.0 9222.0
2462 38796.0 9240.0
2463 38770.0 9243.0
2464 38777.0 9243.0
2465 38805.0 9219.0
2466 38781.0 9210.0
2467 38757.0 9210.0
2468 38745.0 9216.0
2469 38745.0 9225.0
2470 38745.0 9204.0
2471 38741.0 9204.0
2472 38728.0 9195.0
2473 38721.0 9189.0
2474 38743.0 9189.0
2475 38740.0 9168.0
2476 38742.0 9177.0
2477 38754.0 9183.0
2478 38769.0 9204.0
2479 38770.0 9222.0
2480 38798.0 9237.0
2481 38804.0 9231.0
2482 38788.0 9231.0
2483 38742.0 9213.0
2484 38735.0 9210.0
2485 38723.0 9198.0
2486 38716.0 9207.0
2487 38721.0 9228.0
2488 38735.0 9210.0
2489 38722.0 9213.0
2490 38740.0 9222.0
2491 38750.0 9231.0
2492 38737.0 9219.0
2493 38739.0 9198.0
2494 38728.0 9168.0
2495 38729.0 9183.0
2496 38755.0 9162.0
2497 38770.0 9186.0
2498 38806.0 9189.0
2499 38787.0 9177.0
2500 38782.0 9165.0
2501 38754.0 9150.0
2502 38761.0 9174.0
2503 38744.0 9189.0
2504 38733.0 9186.0
2505 38721.0 9183.0
2506 38741.0 9201.0
2507 38733.0 9192.0
2508 38728.0 9192.0
2509 38703.0 9186.0
2510 38738.0 9180.0
2511 38764.0 9189.0
2512 38717.0 9183.0
2513 38746.0 9183.0
2514 38723.0 9159.0
2515 38739.0 9171.0
2516 38706.0 9141.0
2517 38675.0 9168.0
2518 38650.0 9186.0
2519 38654.0 9195.0
2520 38675.0 9219.0
2521 38700.0 9216.0
2522 38694.0 9234.0
2523 38692.0 9249.0
2524 38702.0 9252.0
2525 38687.0 9246.0
2526 38654.0 9225.0
2527 38609.0 9237.0
2528 38618.0 9258.0
2529 38608.0 9246.0
2530 38631.0 9255.0
2531 38651.0 9267.0
2532 38656.0 9234.0
2533 38671.0 9240.0
2534 38713.0 9246.0
2535 38717.0 9264.0
2536 38709.0 9261.0
2537 38727.0 9261.0
2538 38738.0 9255.0
2539 38728.0 9255.0
2540 38731.0 9231.0
2541 38697.0 9210.0
2542 38711.0 9219.0
2543 38728.0 9216.0
2544 38747.0 9213.0
2545 38752.0 9213.0
2546 38776.0 9210.0
2547 38754.0 9222.0
2548 38721.0 9222.0
2549 38719.0 9204.0
2550 38732.0 9213.0
2551 38736.0 9210.0
2552 38748.0 9234.0
2553 38754.0 9249.0
2554 38777.0 9261.0
2555 38774.0 9237.0
2556 38783.0 9234.0
2557 38768.0 9207.0
2558 38760.0 9210.0
2559 38726.0 9192.0
2560 38716.0 9183.0
2561 38706.0 9201.0
2562 38732.0 9198.0
2563 38728.0 9210.0
2564 38726.0 9231.0
2565 38697.0 9222.0
2566 38735.0 9249.0
2567 38745.0 9255.0
2568 38765.0 9243.0
2569 38758.0 9231.0
2570 38752.0 9243.0
2571 38761.0 9243.0
2572 38772.0 9255.0
2573 38765.0 9297.0
2574 38774.0 9312.0
2575 38753.0 9327.0
2576 38737.0 9327.0
2577 38698.0 9288.0
2578 38710.0 9327.0
2579 38707.0 9321.0
2580 38665.0 9318.0
2581 38694.0 9336.0
2582 38694.0 9339.0
2583 38681.0 9333.0
2584 38668.0 9345.0
2585 38688.0 9351.0
2586 38667.0 9351.0
2587 38641.0 9339.0
2588 38635.0 9342.0
2589 38645.0 9336.0
2590 38662.0 9342.0
2591 38675.0 9348.0
2592 38662.0 9336.0
2593 38665.0 9330.0
2594 38688.0 9300.0
2595 38680.0 9288.0
2596 38651.0 9303.0
2597 38659.0 9276.0
2598 38677.0 9288.0
2599 38676.0 9288.0
2600 38660.0 9291.0
2601 38657.0 9297.0
2602 38665.0 9285.0
2603 38662.0 9261.0
2604 38663.0 9252.0
2605 38689.0 9234.0
2606 38723.0 9249.0
2607 38738.0 9279.0
2608 38790.0 9291.0
2609 38812.0 9294.0
2610 38819.0 9288.0
2611 38852.0 9285.0
2612 38853.0 9288.0
2613 38844.0 9273.0
2614 38862.0 9267.0
2615 38858.0 9261.0
2616 38881.0 9255.0
2617 38908.0 9273.0
2618 38903.0 9270.0
2619 38891.0 9270.0
2620 38874.0 9264.0
2621 38888.0 9282.0
2622 38881.0 9276.0
2623 38900.0 9285.0
2624 38894.0 9285.0
2625 38901.0 9252.0
2626 38872.0 9237.0
2627 38884.0 9228.0
2628 38892.0 9231.0
2629 38892.0 9222.0
2630 38877.0 9225.0
2631 38866.0 9234.0
2632 38845.0 9222.0
2633 38862.0 9231.0
2634 38867.0 9222.0
2635 38881.0 9267.0
2636 38885.0 9282.0
2637 38853.0 9288.0
2638 38858.0 9315.0
2639 38862.0 9291.0
2640 38870.0 9285.0
2641 38871.0 9291.0
2642 38888.0 9312.0
2643 38872.0 9294.0
2644 38868.0 9300.0
2645 38846.0 9315.0
2646 38889.0 9321.0
2647 38839.0 9330.0
2648 38825.0 9333.0
2649 38803.0 9360.0
2650 38841.0 9354.0
2651 38835.0 9375.0
2652 38831.0 9393.0
2653 38855.0 9375.0
2654 38865.0 9354.0
2655 38817.0 9336.0
2656 38820.0 9348.0
2657 38820.0 9324.0
2658 38832.0 9309.0
2659 38853.0 9315.0
2660 38873.0 9333.0
2661 38853.0 9342.0
2662 38832.0 9339.0
2663 38833.0 9345.0
2664 38822.0 9336.0
2665 38796.0 9321.0
2666 38814.0 9327.0
2667 38845.0 9333.0
2668 38859.0 9342.0
2669 38860.0 9351.0
2670 38863.0 9354.0
2671 38862.0 9339.0
2672 38849.0 9324.0
2673 38863.0 9312.0
2674 38848.0 9312.0
2675 38830.0 9321.0
2676 38827.0 9291.0
2677 38835.0 9294.0
2678 38822.0 9273.0
2679 38852.0 9306.0
2680 38828.0 9309.0
2681 38831.0 9321.0
2682 38814.0 9330.0
2683 38818.0 9327.0
2684 38828.0 9315.0
2685 38809.0 9303.0
2686 38817.0 9318.0
2687 38819.0 9315.0
2688 38835.0 9324.0
2689 38840.0 9327.0
2690 38821.0 9333.0
2691 38821.0 9333.0
2692 38826.0 9354.0
2693 38821.0 9345.0
2694 38792.0 9357.0
2695 38763.0 9387.0
2696 38745.0 9387.0
2697 38731.0 9405.0
2698 38753.0 9429.0
2699 38754.0 9414.0
2700 38757.0 9432.0
2701 38795.0 9420.0
2702 38794.0 9414.0
2703 38807.0 9405.0
2704 38787.0 9402.0
2705 38761.0 9405.0
2706 38742.0 9399.0
2707 38787.0 9399.0
2708 38795.0 9390.0
2709 38786.0 9384.0
2710 38788.0 9402.0
2711 38798.0 9372.0
2712 38798.0 9390.0
2713 38768.0 9384.0
2714 38757.0 9369.0
2715 38802.0 9384.0
2716 38796.0 9393.0
2717 38782.0 9381.0
2718 38787.0 9351.0
2719 38787.0 9342.0
2720 38764.0 9330.0
2721 38784.0 9327.0
2722 38780.0 9330.0
2723 38794.0 9357.0
2724 38800.0 9354.0
2725 38808.0 9321.0
2726 38796.0 9315.0
2727 38802.0 9306.0
2728 38770.0 9318.0
2729 38761.0 9315.0
2730 38748.0 9333.0
2731 38725.0 9324.0
2732 38729.0 9318.0
2733 38742.0 9327.0
2734 38774.0 9324.0
2735 38785.0 9321.0
2736 38755.0 9309.0
2737 38736.0 9318.0
2738 38697.0 9300.0
2739 38731.0 9327.0
2740 38750.0 9345.0
2741 38760.0 9357.0
2742 38751.0 9372.0
2743 38743.0 9351.0
2744 38725.0 9327.0
2745 38711.0 9318.0
2746 38733.0 9318.0
2747 38738.0 9318.0
2748 38741.0 9330.0
2749 38738.0 9330.0
2750 38734.0 9324.0
2751 38729.0 9342.0
2752 38711.0 9345.0
2753 38668.0 9327.0
2754 38678.0 9315.0
2755 38659.0 9312.0
2756 38694.0 9312.0
2757 38697.0 9303.0
2758 38718.0 9330.0
2759 38707.0 9339.0
2760 38708.0 9342.0
2761 38674.0 9333.0
2762 38680.0 9336.0
2763 38716.0 9360.0
2764 38706.0 9399.0
2765 38695.0 9375.0
2766 38699.0 9396.0
2767 38728.0 9399.0
2768 38720.0 9366.0
2769 38725.0 9369.0
2770 38708.0 9363.0
2771 38730.0 9363.0
2772 38728.0 9357.0
2773 38678.0 9390.0
2774 38691.0 9399.0
2775 38708.0 9420.0
2776 38706.0 9429.0
2777 38722.0 9414.0
2778 38706.0 9372.0
2779 38710.0 9375.0
2780 38713.0 9369.0
2781 38698.0 9378.0
2782 38733.0 9363.0
2783 38745.0 9384.0
2784 38757.0 9411.0
2785 38743.0 9414.0
2786 38731.0 9399.0
2787 38722.0 9420.0
2788 38720.0 9396.0
2789 38732.0 9402.0
2790 38760.0 9420.0
2791 38735.0 9384.0
2792 38756.0 9387.0
2793 38777.0 9414.0
2794 38782.0 9402.0
2795 38790.0 9408.0
2796 38778.0 9432.0
2797 38810.0 9438.0
2798 38829.0 9471.0
2799 38852.0 9477.0
2800 38847.0 9474.0
2801 38857.0 9450.0
2802 38839.0 9450.0
2803 38819.0 9450.0
2804 38831.0 9444.0
2805 38830.0 9435.0
2806 38844.0 9456.0
2807 38825.0 9462.0
2808 38839.0 9417.0
2809 38841.0 9408.0
2810 38824.0 9375.0
2811 38817.0 9390.0
2812 38813.0 9381.0
2813 38781.0 9363.0
2814 38763.0 9375.0
2815 38769.0 9387.0
2816 38782.0 9387.0
2817 38771.0 9426.0
2818 38758.0 9429.0
2819 38733.0 9411.0
2820 38719.0 9432.0
2821 38729.0 9420.0
2822 38722.0 9399.0
2823 38693.0 9390.0
2824 38693.0 9387.0
2825 38714.0 9414.0
2826 38721.0 9438.0
2827 38743.0 9417.0
2828 38771.0 9417.0
2829 38772.0 9354.0
2830 38804.0 9327.0
2831 38799.0 9324.0
2832 38821.0 9327.0
2833 38804.0 9336.0
2834 38794.0 9339.0
2835 38781.0 9324.0
2836 38758.0 9327.0
2837 38751.0 9300.0
2838 38761.0 9318.0
2839 38800.0 9321.0
2840 38811.0 9318.0
2841 38819.0 9345.0
2842 38837.0 9345.0
2843 38833.0 9333.0
2844 38824.0 9330.0
2845 38823.0 9342.0
2846 38806.0 9348.0
2847 38812.0 9324.0
2848 38793.0 9297.0
2849 38785.0 9294.0
2850 38754.0 9327.0
2851 38749.0 9309.0
2852 38733.0 9336.0
2853 38739.0 9330.0
2854 38769.0 9345.0
2855 38800.0 9321.0
2856 38831.0 9327.0
2857 38840.0 9348.0
2858 38817.0 9321.0
2859 38809.0 9303.0
2860 38815.0 9318.0
2861 38826.0 9351.0
2862 38804.0 9339.0
2863 38810.0 9315.0
2864 38827.0 9312.0
2865 38827.0 9345.0
2866 38837.0 9354.0
2867 38864.0 9357.0
2868 38848.0 9378.0
2869 38853.0 9390.0
2870 38862.0 9372.0
2871 38858.0 9354.0
2872 38869.0 9381.0
2873 38877.0 9372.0
2874 38903.0 9399.0
2875 38929.0 9390.0
2876 38903.0 9375.0
2877 38917.0 9390.0
2878 38898.0 9390.0
2879 38892.0 9426.0
2880 38835.0 9411.0
2881 38809.0 9399.0
2882 38817.0 9402.0
2883 38803.0 9396.0
2884 38753.0 9411.0
2885 38748.0 9396.0
2886 38743.0 9375.0
2887 38732.0 9375.0
2888 38747.0 9384.0
2889 38774.0 9408.0
2890 38789.0 9423.0
2891 38768.0 9426.0
2892 38756.0 9420.0
2893 38787.0 9456.0
2894 38753.0 9432.0
2895 38750.0 9432.0
2896 38747.0 9447.0
2897 38737.0 9417.0
2898 38754.0 9426.0
2899 38761.0 9429.0
2900 38767.0 9396.0
2901 38782.0 9444.0
2902 38800.0 9444.0
2903 38781.0 9429.0
2904 38800.0 9420.0
2905 38798.0 9411.0
2906 38822.0 9456.0
2907 38814.0 9438.0
2908 38756.0 9447.0
2909 38762.0 9441.0
2910 38753.0 9450.0
2911 38750.0 9465.0
2912 38760.0 9441.0
2913 38756.0 9426.0
2914 38735.0 9438.0
2915 38726.0 9414.0
2916 38710.0 9411.0
2917 38730.0 9408.0
2918 38752.0 9399.0
2919 38740.0 9423.0
2920 38762.0 9429.0
2921 38751.0 9438.0
2922 38769.0 9435.0
2923 38767.0 9438.0
2924 38775.0 9462.0
2925 38764.0 9489.0
2926 38739.0 9513.0
2927 38753.0 9528.0
2928 38722.0 9540.0
2929 38710.0 9528.0
2930 38717.0 9522.0
2931 38699.0 9531.0
2932 38695.0 9507.0
2933 38678.0 9483.0
2934 38695.0 9495.0
2935 38687.0 9459.0
2936 38680.0 9432.0
2937 38672.0 9441.0
2938 38669.0 9441.0
2939 38690.0 9438.0
2940 38700.0 9417.0
2941 38708.0 9423.0
2942 38733.0 9441.0
2943 38730.0 9462.0
2944 38715.0 9456.0
2945 38724.0 9462.0
2946 38731.0 9462.0
2947 38711.0 9426.0
2948 38750.0 9450.0
2949 38768.0 9465.0
2950 38780.0 9492.0
2951 38774.0 9465.0
2952 38747.0 9468.0
2953 38772.0 9504.0
2954 38769.0 9510.0
2955 38773.0 9498.0
2956 38763.0 9480.0
2957 38745.0 9450.0
2958 38747.0 9444.0
2959 38763.0 9453.0
2960 38777.0 9468.0
2961 38773.0 9486.0
2962 38779.0 9489.0
2963 38765.0 9477.0
2964 38769.0 9462.0
2965 38789.0 9465.0
2966 38783.0 9453.0
2967 38797.0 9429.0
2968 38810.0 9420.0
2969 38796.0 9432.0
2970 38794.0 9429.0
2971 38762.0 9405.0
2972 38744.0 9432.0
2973 38757.0 9411.0
2974 38756.0 9402.0
2975 38764.0 9435.0
2976 38811.0 9459.0
2977 38771.0 9453.0
2978 38759.0 9447.0
2979 38754.0 9444.0
2980 38778.0 9453.0
2981 38756.0 9462.0
2982 38728.0 9483.0
2983 38741.0 9501.0
2984 38734.0 9513.0
2985 38731.0 9495.0
2986 38745.0 9495.0
2987 38728.0 9477.0
2988 38727.0 9486.0
2989 38734.0 9510.0
2990 38731.0 9522.0
2991 38759.0 9534.0
2992 38741.0 9531.0
2993 38752.0 9528.0
2994 38737.0 9549.0
2995 38736.0 9564.0
2996 38713.0 9567.0
2997 38720.0 9555.0
2998 38721.0 9546.0
2999 38722.0 9531.0
3000 38719.0 9537.0
3001 38723.0 9507.0
3002 38743.0 9510.0
3003 38740.0 9507.0
3004 38765.0 9528.0
3005 38761.0 9534.0
3006 38726.0 9525.0
3007 38738.0 9498.0
3008 38746.0 9510.0
3009 38742.0 9516.0
3010 38708.0 9483.0
3011 38712.0 9474.0
3012 38721.0 9483.0
3013 38728.0 9489.0
3014 38745.0 9495.0
3015 38752.0 9486.0
3016 38768.0 9483.0
3017 38792.0 9474.0
3018 38813.0 9477.0
3019 38785.0 9480.0
3020 38761.0 9489.0
3021 38740.0 9480.0
3022 38725.0 9480.0
3023 38717.0 9477.0
3024 38702.0 9492.0
3025 38698.0 9477.0
3026 38705.0 9459.0
3027 38712.0 9453.0
3028 38686.0 9462.0
3029 38690.0 9462.0
3030 38658.0 9474.0
3031 38667.0 9474.0
3032 38656.0 9501.0
3033 38646.0 9486.0
3034 38653.0 9492.0
3035 38615.0 9489.0
3036 38640.0 9492.0
3037 38644.0 9477.0
3038 38675.0 9474.0
3039 38704.0 9498.0
3040 38715.0 9543.0
3041 38717.0 9540.0
3042 38725.0 9558.0
3043 38737.0 9528.0
3044 38776.0 9534.0
3045 38760.0 9534.0
3046 38780.0 9549.0
3047 38786.0 9546.0
3048 38768.0 9549.0
3049 38719.0 9546.0
3050 38717.0 9540.0
3051 38767.0 9525.0
3052 38754.0 9528.0
3053 38768.0 9531.0
3054 38801.0 9543.0
3055 38830.0 9516.0
3056 38853.0 9516.0
3057 38865.0 9534.0
3058 38881.0 9525.0
3059 38848.0 9522.0
3060 38874.0 9501.0
3061 38885.0 9513.0
3062 38887.0 9549.0
3063 38901.0 9537.0
3064 38884.0 9522.0
3065 38869.0 9528.0
3066 38888.0 9549.0
3067 38876.0 9555.0
3068 38867.0 9564.0
3069 38869.0 9585.0
3070 38863.0 9594.0
3071 38867.0 9573.0
3072 38842.0 9585.0
3073 38829.0 9597.0
3074 38813.0 9579.0
3075 38807.0 9582.0
3076 38773.0 9579.0
3077 38757.0 9603.0
3078 38732.0 9603.0
3079 38741.0 9582.0
3080 38782.0 9579.0
3081 38785.0 9567.0
3082 38794.0 9570.0
3083 38776.0 9558.0
3084 38787.0 9555.0
3085 38756.0 9546.0
3086 38777.0 9525.0
3087 38759.0 9531.0
3088 38761.0 9513.0
3089 38780.0 9513.0
3090 38719.0 9516.0
3091 38715.0 9510.0
3092 38678.0 9495.0
3093 38678.0 9507.0
3094 38674.0 9528.0
3095 38681.0 9516.0
3096 38692.0 9495.0
3097 38676.0 9507.0
3098 38667.0 9480.0
3099 38698.0 9498.0
3100 38696.0 9477.0
3101 38678.0 9483.0
3102 38685.0 9474.0
3103 38683.0 9492.0
3104 38693.0 9474.0
3105 38671.0 9459.0
3106 38673.0 9468.0
3107 38655.0 9501.0
3108 38633.0 9507.0
3109 38676.0 9516.0
3110 38662.0 9525.0
3111 38702.0 9492.0
3112 38697.0 9519.0
3113 38719.0 9516.0
3114 38685.0 9534.0
3115 38671.0 9540.0
3116 38677.0 9534.0
3117 38717.0 9537.0
3118 38724.0 9546.0
3119 38696.0 9546.0
3120 38690.0 9537.0
3121 38691.0 9528.0
3122 38674.0 9507.0
3123 38679.0 9513.0
3124 38675.0 9537.0
3125 38685.0 9576.0
3126 38685.0 9561.0
3127 38683.0 9543.0
3128 38677.0 9558.0
3129 38664.0 9561.0
3130 38667.0 9549.0
3131 38677.0 9543.0
3132 38648.0 9534.0
3133 38656.0 9546.0
3134 38652.0 9534.0
3135 38689.0 9561.0
3136 38688.0 9537.0
3137 38699.0 9537.0
3138 38717.0 9555.0
3139 38698.0 9567.0
3140 38674.0 9549.0
3141 38671.0 9546.0
3142 38630.0 9525.0
3143 38616.0 9534.0
3144 38615.0 9543.0
3145 38630.0 9543.0
3146 38640.0 9561.0
3147 38640.0 9555.0
3148 38635.0 9561.0
3149 38637.0 9564.0
3150 38648.0 9558.0
3151 38631.0 9534.0
3152 38602.0 9531.0
3153 38584.0 9534.0
3154 38555.0 9501.0
3155 38595.0 9516.0
3156 38559.0 9534.0
3157 38594.0 9531.0
3158 38573.0 9528.0
3159 38583.0 9543.0
3160 38614.0 9543.0
3161 38639.0 9570.0
3162 38659.0 9585.0
3163 38643.0 9591.0
3164 38644.0 9588.0
3165 38654.0 9612.0
3166 38659.0 9618.0
3167 38657.0 9645.0
3168 38649.0 9621.0
3169 38648.0 9633.0
3170 38642.0 9624.0
3171 38636.0 9645.0
3172 38637.0 9612.0
3173 38615.0 9609.0
3174 38643.0 9627.0
3175 38630.0 9633.0
3176 38665.0 9627.0
3177 38668.0 9633.0
3178 38674.0 9597.0
3179 38701.0 9612.0
3180 38691.0 9615.0
3181 38670.0 9612.0
3182 38674.0 9654.0
3183 38697.0 9660.0
3184 38726.0 9654.0
3185 38719.0 9660.0
3186 38721.0 9663.0
3187 38764.0 9663.0
3188 38765.0 9651.0
3189 38741.0 9645.0
3190 38740.0 9636.0
3191 38749.0 9627.0
3192 38750.0 9615.0
3193 38750.0 9618.0
3194 38743.0 9627.0
3195 38765.0 9648.0
3196 38749.0 9648.0
3197 38747.0 9630.0
3198 38759.0 9636.0
3199 38735.0 9603.0
3200 38733.0 9612.0
3201 38723.0 9585.0
3202 38729.0 9588.0
3203 38727.0 9573.0
3204 38748.0 9567.0
3205 38737.0 9606.0
3206 38786.0 9597.0
3207 38792.0 9597.0
3208 38831.0 9618.0
3209 38831.0 9600.0
3210 38829.0 9612.0
3211 38786.0 9594.0
3212 38807.0 9600.0
3213 38788.0 9612.0
3214 38771.0 9627.0
3215 38776.0 9597.0
3216 38761.0 9576.0
3217 38752.0 9582.0
3218 38740.0 9588.0
3219 38747.0 9594.0
3220 38770.0 9600.0
3221 38772.0 9588.0
3222 38790.0 9603.0
3223 38803.0 9594.0
3224 38796.0 9585.0
3225 38798.0 9600.0
3226 38798.0 9597.0
3227 38833.0 9582.0
3228 38818.0 9546.0
3229 38816.0 9522.0
3230 38788.0 9540.0
3231 38809.0 9534.0
3232 38803.0 9537.0
3233 38824.0 9525.0
3234 38825.0 9540.0
3235 38805.0 9540.0
3236 38811.0 9576.0
3237 38859.0 9579.0
3238 38886.0 9588.0
3239 38850.0 9561.0
3240 38868.0 9570.0
3241 38871.0 9570.0
3242 38846.0 9546.0
3243 38823.0 9573.0
3244 38799.0 9576.0
3245 38798.0 9561.0
3246 38783.0 9534.0
3247 38790.0 9555.0
3248 38777.0 9534.0
3249 38793.0 9531.0
3250 38786.0 9558.0
3251 38818.0 9558.0
3252 38802.0 9549.0
3253 38785.0 9570.0
3254 38807.0 9570.0
3255 38799.0 9570.0
3256 38778.0 9564.0
3257 38767.0 9546.0
3258 38766.0 9534.0
3259 38750.0 9507.0
3260 38753.0 9549.0
3261 38780.0 9570.0
3262 38802.0 9558.0
3263 38830.0 9573.0
3264 38858.0 9561.0
3265 38842.0 9564.0
3266 38848.0 9564.0
3267 38884.0 9582.0
3268 38881.0 9606.0
3269 38862.0 9624.0
3270 38868.0 9603.0
3271 38872.0 9600.0
3272 38847.0 9594.0
3273 38825.0 9585.0
3274 38830.0 9573.0
3275 38768.0 9567.0
3276 38762.0 9573.0
3277 38743.0 9546.0
3278 38731.0 9549.0
3279 38727.0 9570.0
3280 38719.0 9582.0
3281 38719.0 9570.0
3282 38699.0 9567.0
3283 38711.0 9567.0
3284 38728.0 9573.0
3285 38690.0 9555.0
3286 38690.0 9558.0
3287 38717.0 9540.0
3288 38723.0 9537.0
3289 38726.0 9555.0
3290 38701.0 9561.0
3291 38710.0 9573.0
3292 38718.0 9573.0
3293 38711.0 9582.0
3294 38706.0 9564.0
3295 38706.0 9552.0
3296 38732.0 9555.0
3297 38721.0 9552.0
3298 38727.0 9555.0
3299 38723.0 9543.0
3300 38732.0 9558.0
3301 38727.0 9534.0
3302 38717.0 9528.0
3303 38707.0 9552.0
3304 38698.0 9576.0
3305 38720.0 9594.0
3306 38702.0 9585.0
3307 38691.0 9609.0
3308 38666.0 9591.0
3309 38647.0 9603.0
3310 38638.0 9594.0
3311 38616.0 9588.0
3312 38608.0 9585.0
3313 38599.0 9639.0
3314 38613.0 9618.0
3315 38607.0 9603.0
3316 38629.0 9612.0
3317 38654.0 9612.0
3318 38674.0 9627.0
3319 38690.0 9612.0
3320 38713.0 9624.0
3321 38693.0 9603.0
3322 38692.0 9582.0
3323 38725.0 9603.0
3324 38728.0 9570.0
3325 38750.0 9570.0
3326 38765.0 9585.0
3327 38794.0 9615.0
3328 38817.0 9612.0
3329 38766.0 9600.0
3330 38758.0 9567.0
3331 38745.0 9594.0
3332 38739.0 9582.0
3333 38746.0 9603.0
3334 38765.0 9630.0
3335 38785.0 9612.0
3336 38781.0 9624.0
3337 38749.0 9615.0
3338 38774.0 9618.0
3339 38779.0 9612.0
3340 38749.0 9594.0
3341 38739.0 9624.0
3342 38754.0 9618.0
3343 38740.0 9609.0
3344 38732.0 9588.0
3345 38767.0 9594.0
3346 38759.0 9594.0
3347 38752.0 9606.0
3348 38743.0 9588.0
3349 38744.0 9600.0
3350 38732.0 9603.0
3351 38719.0 9627.0
3352 38714.0 9609.0
3353 38737.0 9630.0
3354 38719.0 9615.0
3355 38693.0 9630.0
3356 38687.0 9597.0
3357 38710.0 9603.0
3358 38696.0 9585.0
3359 38702.0 9594.0
3360 38719.0 9618.0
3361 38682.0 9609.0
3362 38680.0 9615.0
3363 38684.0 9609.0
3364 38706.0 9606.0
3365 38681.0 9591.0
3366 38680.0 9621.0
3367 38677.0 9624.0
3368 38675.0 9621.0
3369 38678.0 9612.0
3370 38659.0 9609.0
3371 38667.0 9624.0
3372 38671.0 9609.0
3373 38681.0 9624.0
3374 38685.0 9618.0
3375 38684.0 9648.0
3376 38698.0 9639.0
3377 38699.0 9639.0
3378 38705.0 9642.0
3379 38698.0 9669.0
3380 38714.0 9666.0
3381 38695.0 9663.0
3382 38707.0 9633.0
3383 38720.0 9645.0
3384 38720.0 9645.0
3385 38728.0 9630.0
3386 38717.0 9618.0
3387 38693.0 9624.0
3388 38674.0 9624.0
3389 38659.0 9591.0
3390 38663.0 9591.0
3391 38641.0 9588.0
3392 38677.0 9585.0
3393 38688.0 9558.0
3394 38704.0 9561.0
3395 38722.0 9564.0
3396 38742.0 9567.0
3397 38733.0 9600.0
3398 38723.0 9600.0
3399 38705.0 9606.0
3400 38721.0 9618.0
3401 38718.0 9600.0
3402 38696.0 9594.0
3403 38715.0 9585.0
3404 38724.0 9579.0
3405 38743.0 9603.0
3406 38746.0 9618.0
3407 38753.0 9618.0
3408 38752.0 9642.0
3409 38760.0 9642.0
3410 38777.0 9642.0
3411 38781.0 9645.0
3412 38816.0 9615.0
3413 38805.0 9621.0
3414 38792.0 9606.0
3415 38813.0 9621.0
3416 38774.0 9633.0
3417 38778.0 9666.0
3418 38787.0 9678.0
3419 38808.0 9669.0
3420 38835.0 9657.0
3421 38838.0 9651.0
3422 38835.0 9654.0
3423 38844.0 9672.0
3424 38843.0 9669.0
3425 38879.0 9666.0
3426 38885.0 9687.0
3427 38879.0 9684.0
3428 38903.0 9678.0
3429 38889.0 9684.0
3430 38823.0 9675.0
3431 38835.0 9696.0
3432 38818.0 9699.0
3433 38802.0 9681.0
3434 38812.0 9693.0
3435 38817.0 9702.0
3436 38841.0 9732.0
3437 38852.0 9720.0
3438 38832.0 9714.0
3439 38840.0 9711.0
3440 38839.0 9735.0
3441 38855.0 9756.0
3442 38838.0 9753.0
3443 38827.0 9759.0
3444 38835.0 9744.0
3445 38833.0 9765.0
3446 38818.0 9765.0
3447 38817.0 9762.0
3448 38855.0 9774.0
3449 38856.0 9777.0
3450 38845.0 9792.0
3451 38855.0 9810.0
3452 38859.0 9810.0
3453 38834.0 9777.0
3454 38819.0 9765.0
3455 38809.0 9765.0
3456 38820.0 9717.0
3457 38812.0 9723.0
3458 38814.0 9735.0
3459 38843.0 9747.0
3460 38810.0 9741.0
3461 38817.0 9735.0
3462 38836.0 9759.0
3463 38848.0 9759.0
3464 38868.0 9771.0
3465 38870.0 9771.0
3466 38867.0 9777.0
3467 38862.0 9774.0
3468 38851.0 9762.0
3469 38843.0 9768.0
3470 38866.0 9765.0
3471 38870.0 9780.0
3472 38872.0 9777.0
3473 38889.0 9762.0
3474 38889.0 9774.0
3475 38885.0 9771.0
3476 38894.0 9774.0
3477 38913.0 9783.0
3478 38928.0 9768.0
3479 38918.0 9780.0
3480 38963.0 9780.0
3481 38968.0 9744.0
3482 38978.0 9750.0
3483 38970.0 9741.0
3484 38978.0 9735.0
3485 38941.0 9744.0
3486 38951.0 9759.0
3487 38933.0 9768.0
3488 38929.0 9768.0
3489 38912.0 9768.0
3490 38949.0 9744.0
3491 38980.0 9738.0
3492 38998.0 9711.0
3493 39011.0 9720.0
3494 38982.0 9723.0
3495 38929.0 9696.0
3496 38947.0 9723.0
3497 38936.0 9729.0
3498 38935.0 9723.0
3499 38931.0 9714.0
3500 38935.0 9705.0
3501 38919.0 9663.0
3502 38924.0 9672.0
3503 38920.0 9690.0
3504 38924.0 9687.0
3505 38920.0 9705.0
3506 38938.0 9708.0
3507 38922.0 9693.0
3508 38918.0 9678.0
3509 38920.0 9681.0
3510 38904.0 9675.0
3511 38883.0 9705.0
3512 38895.0 9678.0
3513 38913.0 9687.0
3514 38912.0 9690.0
3515 38890.0 9693.0
3516 38889.0 9699.0
3517 38915.0 9705.0
3518 38939.0 9741.0
3519 38943.0 9765.0
3520 38924.0 9759.0
3521 38930.0 9759.0
3522 38925.0 9780.0
3523 38922.0 9786.0
3524 38919.0 9765.0
3525 38926.0 9744.0
3526 38942.0 9750.0
3527 38935.0 9729.0
3528 38938.0 9720.0
3529 38947.0 9732.0
3530 38935.0 9699.0
3531 38943.0 9738.0
3532 38954.0 9762.0
3533 38948.0 9741.0
3534 38946.0 9750.0
3535 38922.0 9744.0
3536 38940.0 9738.0
3537 38928.0 9759.0
3538 38901.0 9738.0
3539 38887.0 9750.0
3540 38878.0 9738.0
3541 38858.0 9729.0
3542 38829.0 9711.0
3543 38817.0 9675.0
3544 38826.0 9696.0
3545 38857.0 9693.0
3546 38867.0 9690.0
3547 38868.0 9678.0
3548 38878.0 9690.0
3549 38868.0 9690.0
3550 38862.0 9714.0
3551 38872.0 9705.0
3552 38897.0 9681.0
3553 38882.0 9663.0
3554 38871.0 9687.0
3555 38875.0 9699.0
3556 38894.0 9699.0
3557 38923.0 9678.0
3558 38902.0 9660.0
3559 38887.0 9654.0
3560 38904.0 9669.0
3561 38904.0 9669.0
3562 38903.0 9651.0
3563 38903.0 9693.0
3564 38904.0 9720.0
3565 38877.0 9705.0
3566 38857.0 9669.0
3567 38872.0 9678.0
3568 38861.0 9648.0
3569 38837.0 9669.0
3570 38842.0 9666.0
3571 38868.0 9675.0
3572 38860.0 9684.0
3573 38873.0 9690.0
3574 38859.0 9669.0
3575 38806.0 9684.0
3576 38795.0 9690.0
3577 38787.0 9714.0
3578 38793.0 9717.0
3579 38756.0 9744.0
3580 38730.0 9732.0
3581 38739.0 9744.0
3582 38736.0 9723.0
3583 38725.0 9705.0
3584 38742.0 9696.0
3585 38773.0 9693.0
3586 38780.0 9717.0
3587 38773.0 9705.0
3588 38777.0 9720.0
3589 38779.0 9726.0
3590 38744.0 9765.0
3591 38721.0 9765.0
3592 38740.0 9762.0
3593 38753.0 9765.0
3594 38746.0 9786.0
3595 38768.0 9771.0
3596 38725.0 9768.0
3597 38739.0 9774.0
3598 38740.0 9750.0
3599 38718.0 9711.0
3600 38733.0 9702.0
3601 38758.0 9726.0
3602 38725.0 9726.0
3603 38735.0 9720.0
3604 38747.0 9741.0
3605 38757.0 9735.0
3606 38759.0 9741.0
3607 38763.0 9741.0
3608 38760.0 9735.0
3609 38777.0 9759.0
3610 38783.0 9777.0
3611 38797.0 9795.0
3612 38812.0 9804.0
3613 38798.0 9774.0
3614 38809.0 9792.0
3615 38804.0 9780.0
3616 38817.0 9774.0
3617 38808.0 9756.0
3618 38781.0 9756.0
3619 38774.0 9789.0
3620 38751.0 9801.0
3621 38742.0 9813.0
3622 38736.0 9786.0
3623 38771.0 9783.0
3624 38795.0 9795.0
3625 38808.0 9780.0
3626 38815.0 9798.0
3627 38854.0 9795.0
3628 38802.0 9813.0
3629 38781.0 9804.0
3630 38756.0 9786.0
3631 38755.0 9765.0
3632 38740.0 9777.0
3633 38763.0 9759.0
3634 38787.0 9780.0
3635 38775.0 9771.0
3636 38758.0 9783.0
3637 38729.0 9801.0
3638 38744.0 9810.0
3639 38753.0 9780.0
3640 38728.0 9783.0
3641 38738.0 9786.0
3642 38725.0 9786.0
3643 38735.0 9780.0
3644 38730.0 9762.0
3645 38733.0 9747.0
3646 38745.0 9762.0
3647 38765.0 9762.0
3648 38753.0 9765.0
3649 38769.0 9768.0
3650 38777.0 9768.0
3651 38779.0 9771.0
3652 38759.0 9762.0
3653 38761.0 9765.0
3654 38780.0 9747.0
3655 38805.0 9735.0
3656 38755.0 9747.0
3657 38780.0 9756.0
3658 38781.0 9774.0
3659 38805.0 9792.0
3660 38795.0 9810.0
3661 38814.0 9810.0
3662 38799.0 9816.0
3663 38798.0 9804.0
3664 38839.0 9813.0
3665 38847.0 9828.0
3666 38847.0 9807.0
3667 38875.0 9822.0
3668 38870.0 9822.0
3669 38867.0 9804.0
3670 38865.0 9816.0
3671 38884.0 9813.0
3672 38874.0 9813.0
3673 38897.0 9816.0
3674 38919.0 9828.0
3675 38918.0 9843.0
3676 38923.0 9840.0
3677 38942.0 9849.0
3678 38938.0 9828.0
3679 38962.0 9834.0
3680 38966.0 9843.0
3681 38958.0 9867.0
3682 39000.0 9876.0
3683 39012.0 9876.0
3684 38975.0 9858.0
3685 38969.0 9855.0
3686 38974.0 9864.0
3687 38949.0 9882.0
3688 38927.0 9843.0
3689 38921.0 9855.0
3690 38933.0 9873.0
3691 38920.0 9903.0
3692 38891.0 9909.0
3693 38882.0 9939.0
3694 38898.0 9924.0
3695 38856.0 9930.0
3696 38852.0 9957.0
3697 38873.0 9966.0
3698 38882.0 9948.0
3699 38913.0 9951.0
3700 38897.0 9945.0
3701 38903.0 9951.0
3702 38902.0 9960.0
3703 38878.0 10002.0
3704 38878.0 10026.0
3705 38871.0 10020.0
3706 38889.0 9999.0
3707 38872.0 9999.0
3708 38842.0 10005.0
3709 38826.0 9957.0
3710 38832.0 9942.0
3711 38848.0 9939.0
3712 38858.0 9954.0
3713 38860.0 9957.0
3714 38860.0 9957.0
3715 38854.0 9972.0
3716 38816.0 9960.0
3717 38799.0 9966.0
3718 38788.0 9987.0
3719 38763.0 9975.0
3720 38767.0 9972.0
3721 38756.0 9975.0
3722 38758.0 9960.0
3723 38762.0 9966.0
3724 38764.0 9951.0
3725 38748.0 9960.0
3726 38778.0 9960.0
3727 38794.0 9978.0
3728 38778.0 9966.0
3729 38802.0 9927.0
3730 38776.0 9924.0
3731 38753.0 9921.0
3732 38769.0 9933.0
3733 38743.0 9930.0
3734 38748.0 9912.0
3735 38723.0 9906.0
3736 38699.0 9879.0
3737 38708.0 9855.0
3738 38669.0 9831.0
3739 38656.0 9810.0
3740 38662.0 9807.0
3741 38682.0 9810.0
3742 38695.0 9825.0
3743 38719.0 9798.0
3744 38742.0 9822.0
3745 38753.0 9852.0
3746 38757.0 9840.0
3747 38767.0 9885.0
3748 38742.0 9894.0
3749 38735.0 9894.0
3750 38747.0 9888.0
3751 38748.0 9882.0
3752 38715.0 9867.0
3753 38716.0 9861.0
3754 38738.0 9858.0
3755 38727.0 9858.0
3756 38710.0 9876.0
3757 38674.0 9861.0
3758 38656.0 9864.0
3759 38646.0 9897.0
3760 38673.0 9894.0
3761 38680.0 9903.0
3762 38675.0 9909.0
3763 38707.0 9918.0
3764 38729.0 9921.0
3765 38708.0 9912.0
3766 38719.0 9909.0
3767 38756.0 9909.0
3768 38722.0 9906.0
3769 38724.0 9900.0
3770 38733.0 9903.0
3771 38734.0 9894.0
3772 38741.0 9882.0
3773 38708.0 9915.0
3774 38706.0 9903.0
3775 38698.0 9852.0
3776 38685.0 9855.0
3777 38699.0 9825.0
3778 38722.0 9825.0
3779 38686.0 9819.0
3780 38683.0 9828.0
3781 38694.0 9825.0
3782 38688.0 9831.0
3783 38702.0 9855.0
3784 38734.0 9858.0
3785 38769.0 9867.0
3786 38770.0 9858.0
3787 38758.0 9840.0
3788 38758.0 9855.0
3789 38751.0 9852.0
3790 38728.0 9867.0
3791 38726.0 9885.0
3792 38714.0 9885.0
3793 38731.0 9885.0
3794 38743.0 9876.0
3795 38733.0 9882.0
3796 38724.0 9843.0
3797 38761.0 9873.0
3798 38760.0 9867.0
3799 38786.0 9903.0
3800 38790.0 9867.0
3801 38803.0 9891.0
3802 38803.0 9903.0
3803 38790.0 9879.0
3804 38763.0 9867.0
3805 38761.0 9846.0
3806 38764.0 9843.0
3807 38766.0 9861.0
3808 38746.0 9849.0
3809 38764.0 9834.0
3810 38776.0 9837.0
3811 38819.0 9843.0
3812 38832.0 9828.0
3813 38840.0 9834.0
3814 38834.0 9828.0
3815 38833.0 9846.0
3816 38823.0 9846.0
3817 38852.0 9861.0
3818 38846.0 9852.0
3819 38833.0 9870.0
3820 38835.0 9855.0
3821 38848.0 9888.0
3822 38864.0 9897.0
3823 38852.0 9885.0
3824 38872.0 9897.0
3825 38880.0 9933.0
3826 38861.0 9927.0
3827 38832.0 9933.0
3828 38810.0 9912.0
3829 38817.0 9912.0
3830 38812.0 9873.0
3831 38856.0 9894.0
3832 38847.0 9888.0
3833 38843.0 9879.0
3834 38837.0 9882.0
3835 38807.0 9891.0
3836 38781.0 9858.0
3837 38784.0 9855.0
3838 38784.0 9840.0
3839 38768.0 9858.0
3840 38773.0 9852.0
3841 38778.0 9852.0
3842 38784.0 9837.0
3843 38803.0 9861.0
3844 38800.0 9870.0
3845 38793.0 9849.0
3846 38799.0 9846.0
3847 38826.0 9834.0
3848 38812.0 9819.0
3849 38855.0 9846.0
3850 38834.0 9852.0
3851 38802.0 9816.0
3852 38759.0 9795.0
3853 38774.0 9777.0
3854 38796.0 9744.0
3855 38789.0 9747.0
3856 38790.0 9759.0
3857 38771.0 9777.0
3858 38769.0 9783.0
3859 38745.0 9789.0
3860 38704.0 9771.0
3861 38716.0 9747.0
3862 38725.0 9771.0
3863 38756.0 9771.0
3864 38754.0 9771.0
3865 38741.0 9771.0
3866 38776.0 9810.0
3867 38767.0 9789.0
3868 38746.0 9771.0
3869 38760.0 9753.0
3870 38764.0 9771.0
3871 38804.0 9816.0
3872 38801.0 9798.0
3873 38813.0 9783.0
3874 38854.0 9816.0
3875 38841.0 9804.0
3876 38849.0 9813.0
3877 38842.0 9825.0
3878 38846.0 9813.0
3879 38861.0 9786.0
3880 38842.0 9753.0
3881 38859.0 9780.0
3882 38854.0 9792.0
3883 38893.0 9792.0
3884 38872.0 9792.0
3885 38868.0 9798.0
3886 38893.0 9801.0
3887 38870.0 9777.0
3888 38875.0 9756.0
3889 38853.0 9768.0
3890 38878.0 9768.0
3891 38838.0 9777.0
3892 38816.0 9765.0
3893 38822.0 9750.0
3894 38820.0 9750.0
3895 38810.0 9759.0
3896 38821.0 9750.0
3897 38850.0 9735.0
3898 38837.0 9708.0
3899 38819.0 9708.0
3900 38835.0 9717.0
3901 38850.0 9708.0
3902 38835.0 9717.0
3903 38836.0 9726.0
3904 38835.0 9729.0
3905 38844.0 9759.0
3906 38920.0 9759.0
3907 38909.0 9750.0
3908 38907.0 9753.0
3909 38902.0 9762.0
3910 38893.0 9768.0
3911 38881.0 9783.0
3912 38854.0 9768.0
3913 38850.0 9810.0
3914 38854.0 9828.0
3915 38810.0 9813.0
3916 38818.0 9807.0
3917 38839.0 9810.0
3918 38836.0 9810.0
3919 38832.0 9807.0
3920 38812.0 9822.0
3921 38800.0 9801.0
3922 38806.0 9816.0
3923 38822.0 9843.0
3924 38821.0 9840.0
3925 38823.0 9843.0
3926 38845.0 9825.0
3927 38829.0 9801.0
3928 38816.0 9792.0
3929 38837.0 9801.0
3930 38860.0 9792.0
3931 38871.0 9819.0
3932 38869.0 9843.0
3933 38856.0 9855.0
3934 38877.0 9840.0
3935 38855.0 9879.0
3936 38837.0 9849.0
3937 38852.0 9861.0
3938 38878.0 9873.0
3939 38887.0 9867.0
3940 38900.0 9858.0
3941 38877.0 9816.0
3942 38879.0 9834.0
3943 38867.0 9825.0
3944 38836.0 9807.0
3945 38824.0 9804.0
3946 38835.0 9810.0
3947 38814.0 9843.0
3948 38839.0 9852.0
3949 38861.0 9819.0
3950 38852.0 9843.0
3951 38866.0 9843.0
3952 38843.0 9822.0
3953 38840.0 9846.0
3954 38825.0 9855.0
3955 38829.0 9852.0
3956 38843.0 9885.0
3957 38834.0 9870.0
3958 38830.0 9828.0
3959 38855.0 9828.0
3960 38871.0 9828.0
3961 38852.0 9855.0
3962 38875.0 9843.0
3963 38881.0 9870.0
3964 38867.0 9864.0
3965 38875.0 9843.0
3966 38853.0 9846.0
3967 38848.0 9837.0
3968 38837.0 9837.0
3969 38846.0 9828.0
3970 38829.0 9828.0
3971 38837.0 9822.0
3972 38844.0 9810.0
3973 38854.0 9816.0
3974 38855.0 9801.0
3975 38830.0 9810.0
3976 38842.0 9828.0
3977 38840.0 9816.0
3978 38840.0 9822.0
3979 38840.0 9831.0
3980 38823.0 9852.0
3981 38823.0 9834.0
3982 38783.0 9831.0
3983 38734.0 9843.0
3984 38735.0 9852.0
3985 38720.0 9837.0
3986 38724.0 9864.0
3987 38718.0 9891.0
3988 38699.0 9855.0
3989 38693.0 9858.0
3990 38670.0 9855.0
3991 38678.0 9864.0
3992 38683.0 9870.0
3993 38680.0 9861.0
3994 38705.0 9867.0
3995 38704.0 9840.0
3996 38727.0 9840.0
3997 38708.0 9861.0
3998 38723.0 9885.0
3999 38716.0 9870.0
4000 38728.0 9840.0
4001 38722.0 9816.0
4002 38739.0 9789.0
4003 38747.0 9822.0
4004 38732.0 9804.0
4005 38740.0 9804.0
4006 38761.0 9810.0
4007 38781.0 9837.0
4008 38773.0 9879.0
4009 38783.0 9897.0
4010 38771.0 9882.0
4011 38764.0 9888.0
4012 38818.0 9885.0
4013 38824.0 9870.0
4014 38807.0 9897.0
4015 38787.0 9867.0
4016 38814.0 9879.0
4017 38798.0 9900.0
4018 38802.0 9906.0
4019 38796.0 9918.0
4020 38822.0 9924.0
4021 38829.0 9906.0
4022 38841.0 9903.0
4023 38848.0 9915.0
4024 38862.0 9921.0
4025 38840.0 9900.0
4026 38846.0 9906.0
4027 38808.0 9909.0
4028 38812.0 9918.0
4029 38811.0 9921.0
4030 38816.0 9918.0
4031 38798.0 9918.0
4032 38785.0 9915.0
4033 38768.0 9921.0
4034 38795.0 9924.0
4035 38780.0 9918.0
4036 38783.0 9921.0
4037 38773.0 9903.0
4038 38779.0 9900.0
4039 38793.0 9912.0
4040 38797.0 9903.0
4041 38805.0 9894.0
4042 38791.0 9900.0
4043 38818.0 9903.0
4044 38826.0 9918.0
4045 38813.0 9900.0
4046 38812.0 9903.0
4047 38810.0 9897.0
4048 38851.0 9912.0
4049 38900.0 9897.0
4050 38897.0 9909.0
4051 38912.0 9903.0
4052 38935.0 9900.0
4053 38953.0 9897.0
4054 38962.0 9879.0
4055 38964.0 9864.0
4056 38972.0 9876.0
4057 38948.0 9867.0
4058 38958.0 9873.0
4059 38966.0 9855.0
4060 38972.0 9867.0
4061 38966.0 9867.0
4062 38991.0 9861.0
4063 38987.0 9861.0
4064 39017.0 9864.0
4065 39000.0 9849.0
4066 38997.0 9876.0
4067 38990.0 9879.0
4068 38929.0 9855.0
4069 38938.0 9849.0
4070 38905.0 9831.0
4071 38888.0 9843.0
4072 38897.0 9855.0
4073 38880.0 9867.0
4074 38854.0 9915.0
4075 38862.0 9903.0
4076 38836.0 9885.0
4077 38822.0 9891.0
4078 38821.0 9906.0
4079 38795.0 9906.0
4080 38795.0 9936.0
4081 38828.0 9915.0
4082 38846.0 9921.0
4083 38854.0 9948.0
4084 38835.0 9945.0
4085 38803.0 9933.0
4086 38787.0 9930.0
4087 38812.0 9954.0
4088 38832.0 9948.0
4089 38826.0 9969.0
4090 38805.0 9963.0
4091 38835.0 9987.0
4092 38830.0 9990.0
4093 38828.0 9984.0
4094 38830.0 9972.0
4095 38839.0 9990.0
4096 38859.0 9981.0
4097 38848.0 9981.0
4098 38816.0 9978.0
4099 38816.0 9978.0
4100 38823.0 9975.0
4101 38843.0 9960.0
4102 38835.0 9993.0
4103 38831.0 9984.0
4104 38811.0 9981.0
4105 38824.0 9963.0
4106 38835.0 9951.0
4107 38856.0 9975.0
4108 38858.0 9960.0
4109 38828.0 9966.0
4110 38823.0 9969.0
4111 38840.0 9957.0
4112 38833.0 9942.0
4113 38862.0 9942.0
4114 38901.0 9954.0
4115 38914.0 9981.0
4116 38909.0 9969.0
4117 38914.0 9966.0
4118 38906.0 9963.0
4119 38927.0 9972.0
4120 38959.0 9984.0
4121 38952.0 9957.0
4122 38957.0 9954.0
4123 38944.0 9948.0
4124 38956.0 9933.0
4125 38918.0 9930.0
4126 38919.0 9915.0
4127 38904.0 9894.0
4128 38916.0 9885.0
4129 38902.0 9897.0
4130 38888.0 9891.0
4131 38879.0 9885.0
4132 38885.0 9906.0
4133 38889.0 9888.0
4134 38924.0 9903.0
4135 38950.0 9882.0
4136 38947.0 9876.0
4137 38950.0 9876.0
4138 38927.0 9879.0
4139 38925.0 9885.0
4140 38944.0 9903.0
4141 38945.0 9879.0
4142 38943.0 9891.0
4143 38956.0 9915.0
4144 38938.0 9915.0
4145 38926.0 9921.0
4146 38944.0 9894.0
4147 38942.0 9909.0
4148 38964.0 9948.0
4149 38961.0 9930.0
4150 38928.0 9909.0
4151 38940.0 9900.0
4152 38921.0 9882.0
4153 38894.0 9885.0
4154 38896.0 9912.0
4155 38891.0 9909.0
4156 38859.0 9879.0
4157 38836.0 9900.0
4158 38847.0 9897.0
4159 38866.0 9891.0
4160 38860.0 9882.0
4161 38825.0 9876.0
4162 38857.0 9882.0
4163 38873.0 9849.0
4164 38848.0 9876.0
4165 38876.0 9855.0
4166 38867.0 9885.0
4167 38852.0 9861.0
4168 38835.0 9870.0
4169 38829.0 9855.0
4170 38878.0 9882.0
4171 38845.0 9873.0
4172 38832.0 9870.0
4173 38847.0 9873.0
4174 38801.0 9885.0
4175 38856.0 9882.0
4176 38831.0 9870.0
4177 38832.0 9870.0
4178 38816.0 9846.0
4179 38800.0 9855.0
4180 38771.0 9846.0
4181 38753.0 9864.0
4182 38765.0 9867.0
4183 38733.0 9855.0
4184 38714.0 9861.0
4185 38734.0 9861.0
4186 38737.0 9849.0
4187 38733.0 9867.0
4188 38712.0 9861.0
4189 38715.0 9828.0
4190 38732.0 9813.0
4191 38687.0 9825.0
4192 38708.0 9849.0
4193 38728.0 9837.0
4194 38705.0 9801.0
4195 38707.0 9816.0
4196 38712.0 9798.0
4197 38717.0 9804.0
4198 38709.0 9804.0
4199 38721.0 9807.0
4200 38743.0 9834.0
4201 38713.0 9840.0
4202 38723.0 9852.0
4203 38711.0 9828.0
4204 38722.0 9846.0
4205 38729.0 9852.0
4206 38762.0 9882.0
4207 38754.0 9909.0
4208 38775.0 9927.0
4209 38742.0 9903.0
4210 38757.0 9894.0
4211 38747.0 9885.0
4212 38719.0 9885.0
4213 38728.0 9897.0
4214 38719.0 9891.0
4215 38744.0 9918.0
4216 38779.0 9930.0
4217 38800.0 9933.0
4218 38798.0 9933.0
4219 38818.0 9942.0
4220 38826.0 9912.0
4221 38847.0 9939.0
4222 38865.0 9921.0
4223 38866.0 9927.0
4224 38870.0 9927.0
4225 38877.0 9948.0
4226 38852.0 9945.0
4227 38854.0 9987.0
4228 38883.0 10020.0
4229 38887.0 10014.0
4230 38884.0 10017.0
4231 38851.0 9993.0
4232 38826.0 10002.0
4233 38827.0 10017.0
4234 38796.0 9999.0
4235 38801.0 9975.0
4236 38783.0 9969.0
4237 38753.0 9981.0
4238 38774.0 9996.0
4239 38772.0 10017.0
4240 38768.0 10008.0
4241 38748.0 9972.0
4242 38764.0 9984.0
4243 38799.0 9999.0
4244 38794.0 10023.0
4245 38806.0 10023.0
4246 38782.0 10053.0
4247 38794.0 10035.0
4248 38794.0 10044.0
4249 38810.0 10017.0
4250 38800.0 10020.0
4251 38816.0 10026.0
4252 38787.0 9981.0
4253 38775.0 9996.0
4254 38787.0 9993.0
4255 38782.0 10008.0
4256 38761.0 10014.0
4257 38764.0 10029.0
4258 38787.0 10020.0
4259 38804.0 9990.0
4260 38813.0 10005.0
4261 38793.0 9999.0
4262 38784.0 9987.0
4263 38770.0 9990.0
4264 38750.0 9996.0
4265 38784.0 9969.0
4266 38797.0 9969.0
4267 38782.0 9984.0
4268 38789.0 9987.0
4269 38802.0 10017.0
4270 38798.0 10017.0
4271 38790.0 10014.0
4272 38782.0 10011.0
4273 38775.0 9993.0
4274 38786.0 9978.0
4275 38737.0 9975.0
4276 38699.0 9954.0
4277 38757.0 9957.0
4278 38735.0 9918.0
4279 38734.0 9897.0
4280 38743.0 9927.0
4281 38764.0 9954.0
4282 38711.0 9966.0
4283 38703.0 9942.0
4284 38724.0 9936.0
4285 38701.0 9936.0
4286 38695.0 9948.0
4287 38707.0 9948.0
4288 38718.0 9966.0
4289 38749.0 9951.0
4290 38726.0 9936.0
4291 38763.0 9942.0
4292 38763.0 9954.0
4293 38746.0 9954.0
4294 38747.0 9948.0
4295 38758.0 9954.0
4296 38713.0 9960.0
4297 38700.0 9969.0
4298 38729.0 9966.0
4299 38740.0 9975.0
4300 38761.0 9975.0
4301 38760.0 9996.0
4302 38780.0 10035.0
4303 38761.0 10014.0
4304 38786.0 10026.0
4305 38806.0 9990.0
4306 38810.0 9993.0
4307 38807.0 9972.0
4308 38821.0 9975.0
4309 38833.0 9999.0
4310 38840.0 10002.0
4311 38888.0 10035.0
4312 38909.0 10050.0
4313 38884.0 10029.0
4314 38863.0 10026.0
4315 38866.0 10023.0
4316 38857.0 10017.0
4317 38852.0 10020.0
4318 38848.0 10026.0
4319 38835.0 10053.0
4320 38837.0 10050.0
4321 38821.0 10026.0
4322 38822.0 10029.0
4323 38804.0 10011.0
4324 38805.0 10035.0
4325 38818.0 10035.0
4326 38822.0 10056.0
4327 38818.0 10041.0
4328 38801.0 10038.0
4329 38782.0 10065.0
4330 38789.0 10056.0
4331 38828.0 10050.0
4332 38845.0 10083.0
4333 38857.0 10059.0
4334 38871.0 10077.0
4335 38878.0 10056.0
4336 38876.0 10050.0
