MCS Area Contacto
0 3880.0 300.0
1 4267.0 318.0
2 4702.0 378.0
3 5218.0 450.0
4 5835.0 525.0
5 6558.0 630.0
6 7310.0 759.0
7 8028.0 900.0
8 8788.0 1038.0
9 9566.0 1200.0
10 10366.0 1341.0
11 11136.0 1470.0
12 11880.0 1557.0
13 12649.0 1674.0
14 13409.0 1809.0
15 14195.0 1905.0
16 14938.0 2025.0
17 15642.0 2112.0
18 16323.0 2229.0
19 17007.0 2328.0
20 17709.0 2442.0
21 18369.0 2553.0
22 18972.0 2676.0
23 19587.0 2781.0
24 20181.0 2880.0
25 20731.0 2979.0
26 21288.0 3069.0
27 21846.0 3177.0
28 22311.0 3237.0
29 22785.0 3303.0
30 23253.0 3384.0
31 23656.0 3456.0
32 24074.0 3507.0
33 24556.0 3576.0
34 24965.0 3633.0
35 25330.0 3684.0
36 25670.0 3738.0
37 25990.0 3795.0
38 26342.0 3858.0
39 26608.0 3921.0
40 26892.0 3966.0
41 27134.0 4014.0
42 27400.0 4038.0
43 27638.0 4071.0
44 27882.0 4107.0
45 28092.0 4140.0
46 28309.0 4182.0
47 28509.0 4212.0
48 28681.0 4236.0
49 28831.0 4272.0
50 28980.0 4323.0
51 29147.0 4356.0
52 29279.0 4383.0
53 29392.0 4380.0
54 29532.0 4413.0
55 29683.0 4428.0
56 29826.0 4425.0
57 29951.0 4452.0
58 30098.0 4479.0
59 30199.0 4494.0
60 30300.0 4509.0
61 30419.0 4494.0
62 30520.0 4533.0
63 30608.0 4572.0
64 30723.0 4599.0
65 30799.0 4614.0
66 30893.0 4620.0
67 30956.0 4629.0
68 31050.0 4662.0
69 31114.0 4665.0
70 31198.0 4665.0
71 31253.0 4665.0
72 31279.0 4665.0
73 31372.0 4701.0
74 31458.0 4710.0
75 31509.0 4719.0
76 31562.0 4716.0
77 31607.0 4749.0
78 31653.0 4779.0
79 31666.0 4806.0
80 31731.0 4809.0
81 31790.0 4839.0
82 31822.0 4860.0
83 31841.0 4875.0
84 31889.0 4866.0
85 31920.0 4878.0
86 31988.0 4887.0
87 31990.0 4890.0
88 32020.0 4884.0
89 32053.0 4914.0
90 32097.0 4938.0
91 32132.0 4962.0
92 32153.0 4926.0
93 32183.0 4920.0
94 32246.0 4953.0
95 32313.0 4953.0
96 32358.0 4959.0
97 32402.0 4992.0
98 32445.0 4974.0
99 32452.0 4977.0
100 32448.0 4998.0
101 32485.0 4986.0
102 32454.0 4998.0
103 32500.0 4995.0
104 32508.0 4998.0
105 32539.0 5004.0
106 32592.0 5043.0
107 32588.0 5040.0
108 32609.0 5040.0
109 32633.0 5079.0
110 32675.0 5082.0
111 32700.0 5091.0
112 32709.0 5118.0
113 32718.0 5133.0
114 32731.0 5145.0
115 32705.0 5157.0
116 32719.0 5172.0
117 32716.0 5163.0
118 32731.0 5181.0
119 32763.0 5214.0
120 32786.0 5199.0
121 32815.0 5208.0
122 32805.0 5211.0
123 32812.0 5199.0
124 32810.0 5199.0
125 32836.0 5223.0
126 32845.0 5202.0
127 32845.0 5235.0
128 32867.0 5262.0
129 32901.0 5265.0
130 32928.0 5271.0
131 32970.0 5283.0
132 32969.0 5262.0
133 33008.0 5277.0
134 33018.0 5307.0
135 33032.0 5316.0
136 33048.0 5295.0
137 33073.0 5298.0
138 33058.0 5313.0
139 33067.0 5319.0
140 33079.0 5310.0
141 33068.0 5325.0
142 33079.0 5328.0
143 33060.0 5319.0
144 33067.0 5358.0
145 33052.0 5370.0
146 33070.0 5352.0
147 33086.0 5364.0
148 33073.0 5364.0
149 33073.0 5373.0
150 33108.0 5379.0
151 33105.0 5370.0
152 33096.0 5349.0
153 33109.0 5376.0
154 33111.0 5388.0
155 33109.0 5394.0
156 33117.0 5412.0
157 33117.0 5421.0
158 33114.0 5406.0
159 33123.0 5394.0
160 33098.0 5409.0
161 33120.0 5412.0
162 33137.0 5436.0
163 33152.0 5445.0
164 33168.0 5448.0
165 33172.0 5448.0
166 33202.0 5469.0
167 33196.0 5472.0
168 33233.0 5496.0
169 33258.0 5502.0
170 33259.0 5481.0
171 33216.0 5523.0
172 33230.0 5517.0
173 33266.0 5514.0
174 33269.0 5520.0
175 33284.0 5529.0
176 33245.0 5529.0
177 33217.0 5508.0
178 33232.0 5490.0
179 33182.0 5502.0
180 33172.0 5520.0
181 33195.0 5508.0
182 33218.0 5499.0
183 33200.0 5505.0
184 33203.0 5550.0
185 33198.0 5568.0
186 33222.0 5592.0
187 33213.0 5574.0
188 33227.0 5553.0
189 33263.0 5550.0
190 33282.0 5553.0
191 33300.0 5529.0
192 33306.0 5547.0
193 33315.0 5565.0
194 33307.0 5553.0
195 33309.0 5580.0
196 33297.0 5601.0
197 33297.0 5592.0
198 33275.0 5589.0
199 33279.0 5598.0
200 33304.0 5613.0
201 33307.0 5595.0
202 33321.0 5595.0
203 33323.0 5595.0
204 33333.0 5586.0
205 33289.0 5589.0
206 33303.0 5589.0
207 33319.0 5598.0
208 33340.0 5601.0
209 33308.0 5601.0
210 33325.0 5628.0
211 33310.0 5634.0
212 33281.0 5655.0
213 33275.0 5652.0
214 33268.0 5670.0
215 33295.0 5664.0
216 33266.0 5664.0
217 33273.0 5655.0
218 33271.0 5643.0
219 33288.0 5661.0
220 33302.0 5700.0
221 33297.0 5685.0
222 33289.0 5676.0
223 33307.0 5694.0
224 33296.0 5685.0
225 33284.0 5700.0
226 33280.0 5703.0
227 33298.0 5718.0
228 33272.0 5709.0
229 33247.0 5724.0
230 33250.0 5745.0
231 33220.0 5760.0
232 33221.0 5751.0
233 33230.0 5745.0
234 33219.0 5718.0
235 33192.0 5694.0
236 33192.0 5697.0
237 33175.0 5694.0
238 33166.0 5742.0
239 33156.0 5745.0
240 33121.0 5760.0
241 33141.0 5793.0
242 33117.0 5793.0
243 33146.0 5799.0
244 33171.0 5784.0
245 33184.0 5793.0
246 33196.0 5787.0
247 33178.0 5793.0
248 33193.0 5805.0
249 33210.0 5796.0
250 33216.0 5805.0
251 33203.0 5811.0
252 33185.0 5799.0
253 33195.0 5787.0
254 33181.0 5814.0
255 33149.0 5781.0
256 33166.0 5781.0
257 33144.0 5781.0
258 33135.0 5793.0
259 33171.0 5790.0
260 33186.0 5778.0
261 33177.0 5772.0
262 33185.0 5805.0
263 33190.0 5793.0
264 33191.0 5784.0
265 33185.0 5778.0
266 33194.0 5784.0
267 33213.0 5808.0
268 33213.0 5808.0
269 33223.0 5847.0
270 33248.0 5859.0
271 33219.0 5865.0
272 33223.0 5865.0
273 33218.0 5868.0
274 33224.0 5880.0
275 33208.0 5868.0
276 33184.0 5877.0
277 33201.0 5892.0
278 33228.0 5925.0
279 33207.0 5928.0
280 33216.0 5934.0
281 33208.0 5916.0
282 33195.0 5928.0
283 33168.0 5928.0
284 33160.0 5937.0
285 33193.0 5940.0
286 33215.0 5955.0
287 33253.0 5958.0
288 33286.0 5979.0
289 33297.0 5994.0
290 33306.0 6003.0
291 33283.0 6000.0
292 33291.0 6012.0
293 33280.0 6027.0
294 33293.0 6024.0
295 33280.0 6024.0
296 33294.0 6009.0
297 33291.0 6024.0
298 33315.0 6030.0
299 33383.0 6036.0
300 33409.0 6036.0
301 33391.0 6045.0
302 33382.0 6069.0
303 33369.0 6093.0
304 33388.0 6114.0
305 33397.0 6099.0
306 33386.0 6114.0
307 33424.0 6114.0
308 33397.0 6111.0
309 33391.0 6090.0
310 33393.0 6096.0
311 33386.0 6120.0
312 33392.0 6126.0
313 33393.0 6123.0
314 33386.0 6102.0
315 33382.0 6132.0
316 33379.0 6114.0
317 33373.0 6111.0
318 33355.0 6117.0
319 33319.0 6108.0
320 33291.0 6078.0
321 33314.0 6081.0
322 33309.0 6090.0
323 33320.0 6105.0
324 33309.0 6138.0
325 33286.0 6117.0
326 33268.0 6126.0
327 33239.0 6111.0
328 33233.0 6123.0
329 33219.0 6123.0
330 33184.0 6111.0
331 33202.0 6156.0
332 33197.0 6144.0
333 33213.0 6144.0
334 33214.0 6114.0
335 33213.0 6117.0
336 33216.0 6159.0
337 33188.0 6132.0
338 33189.0 6126.0
339 33226.0 6108.0
340 33247.0 6099.0
341 33208.0 6114.0
342 33199.0 6102.0
343 33191.0 6108.0
344 33175.0 6102.0
345 33172.0 6099.0
346 33204.0 6111.0
347 33205.0 6108.0
348 33209.0 6108.0
349 33222.0 6093.0
350 33241.0 6069.0
351 33260.0 6069.0
352 33305.0 6075.0
353 33302.0 6084.0
354 33330.0 6102.0
355 33325.0 6084.0
356 33366.0 6063.0
357 33375.0 6084.0
358 33386.0 6090.0
359 33394.0 6093.0
360 33380.0 6099.0
361 33378.0 6120.0
362 33372.0 6105.0
363 33335.0 6111.0
364 33332.0 6111.0
365 33311.0 6126.0
366 33331.0 6132.0
367 33313.0 6153.0
368 33324.0 6156.0
369 33357.0 6168.0
370 33332.0 6156.0
371 33308.0 6180.0
372 33300.0 6165.0
373 33316.0 6207.0
374 33324.0 6195.0
375 33343.0 6177.0
376 33359.0 6168.0
377 33366.0 6141.0
378 33346.0 6123.0
379 33332.0 6141.0
380 33309.0 6135.0
381 33320.0 6153.0
382 33326.0 6159.0
383 33337.0 6138.0
384 33356.0 6165.0
385 33393.0 6186.0
386 33400.0 6192.0
387 33391.0 6168.0
388 33430.0 6171.0
389 33397.0 6171.0
390 33387.0 6177.0
391 33391.0 6174.0
392 33390.0 6171.0
393 33371.0 6150.0
394 33368.0 6144.0
395 33358.0 6159.0
396 33353.0 6147.0
397 33359.0 6159.0
398 33343.0 6180.0
399 33320.0 6192.0
400 33351.0 6216.0
401 33359.0 6228.0
402 33354.0 6216.0
403 33383.0 6237.0
404 33422.0 6210.0
405 33398.0 6204.0
406 33384.0 6195.0
407 33374.0 6198.0
408 33390.0 6231.0
409 33392.0 6231.0
410 33383.0 6258.0
411 33394.0 6252.0
412 33384.0 6225.0
413 33383.0 6249.0
414 33360.0 6270.0
415 33376.0 6270.0
416 33375.0 6261.0
417 33358.0 6285.0
418 33323.0 6294.0
419 33332.0 6297.0
420 33320.0 6273.0
421 33326.0 6270.0
422 33343.0 6270.0
423 33339.0 6267.0
424 33352.0 6255.0
425 33400.0 6228.0
426 33358.0 6228.0
427 33299.0 6210.0
428 33307.0 6222.0
429 33302.0 6231.0
430 33280.0 6243.0
431 33310.0 6234.0
432 33342.0 6234.0
433 33352.0 6282.0
434 33369.0 6264.0
435 33339.0 6258.0
436 33324.0 6228.0
437 33306.0 6219.0
438 33321.0 6243.0
439 33284.0 6216.0
440 33260.0 6231.0
441 33284.0 6228.0
442 33263.0 6231.0
443 33284.0 6228.0
444 33287.0 6240.0
445 33286.0 6222.0
446 33299.0 6219.0
447 33280.0 6237.0
448 33264.0 6225.0
449 33218.0 6237.0
450 33245.0 6225.0
451 33281.0 6243.0
452 33281.0 6225.0
453 33273.0 6246.0
454 33268.0 6231.0
455 33254.0 6231.0
456 33256.0 6231.0
457 33221.0 6234.0
458 33209.0 6213.0
459 33206.0 6222.0
460 33193.0 6219.0
461 33163.0 6216.0
462 33143.0 6192.0
463 33179.0 6195.0
464 33217.0 6189.0
465 33216.0 6189.0
466 33211.0 6180.0
467 33225.0 6183.0
468 33221.0 6207.0
469 33232.0 6219.0
470 33251.0 6240.0
471 33271.0 6228.0
472 33254.0 6246.0
473 33209.0 6231.0
474 33213.0 6231.0
475 33213.0 6231.0
476 33234.0 6219.0
477 33244.0 6219.0
478 33271.0 6198.0
479 33241.0 6219.0
480 33217.0 6204.0
481 33225.0 6225.0
482 33229.0 6225.0
483 33265.0 6225.0
484 33304.0 6237.0
485 33302.0 6231.0
486 33297.0 6252.0
487 33322.0 6261.0
488 33316.0 6282.0
489 33320.0 6297.0
490 33284.0 6306.0
491 33287.0 6300.0
492 33265.0 6336.0
493 33291.0 6318.0
494 33278.0 6336.0
495 33270.0 6336.0
496 33264.0 6348.0
497 33238.0 6351.0
498 33255.0 6354.0
499 33286.0 6360.0
500 33282.0 6348.0
501 33303.0 6357.0
502 33323.0 6342.0
503 33320.0 6363.0
504 33281.0 6381.0
505 33279.0 6369.0
506 33262.0 6360.0
507 33238.0 6351.0
508 33204.0 6360.0
509 33216.0 6354.0
510 33233.0 6363.0
511 33223.0 6366.0
512 33183.0 6357.0
513 33175.0 6357.0
514 33178.0 6369.0
515 33199.0 6378.0
516 33225.0 6399.0
517 33188.0 6408.0
518 33183.0 6411.0
519 33224.0 6405.0
520 33214.0 6423.0
521 33216.0 6417.0
522 33197.0 6420.0
523 33213.0 6393.0
524 33219.0 6402.0
525 33195.0 6402.0
526 33207.0 6393.0
527 33219.0 6405.0
528 33213.0 6411.0
529 33193.0 6378.0
530 33212.0 6390.0
531 33212.0 6408.0
532 33221.0 6417.0
533 33242.0 6429.0
534 33254.0 6459.0
535 33259.0 6453.0
536 33252.0 6441.0
537 33251.0 6438.0
538 33236.0 6456.0
539 33210.0 6462.0
540 33224.0 6465.0
541 33255.0 6462.0
542 33259.0 6444.0
543 33285.0 6459.0
544 33294.0 6456.0
545 33289.0 6471.0
546 33293.0 6471.0
547 33299.0 6477.0
548 33288.0 6483.0
549 33284.0 6498.0
550 33272.0 6492.0
551 33292.0 6486.0
552 33309.0 6489.0
553 33313.0 6495.0
554 33336.0 6504.0
555 33367.0 6522.0
556 33389.0 6528.0
557 33378.0 6552.0
558 33345.0 6546.0
559 33331.0 6555.0
560 33322.0 6540.0
561 33338.0 6525.0
562 33363.0 6501.0
563 33363.0 6510.0
564 33370.0 6519.0
565 33362.0 6510.0
566 33408.0 6513.0
567 33398.0 6519.0
568 33399.0 6537.0
569 33400.0 6552.0
570 33389.0 6555.0
571 33410.0 6555.0
572 33406.0 6552.0
573 33378.0 6537.0
574 33380.0 6546.0
575 33361.0 6555.0
576 33369.0 6573.0
577 33365.0 6582.0
578 33358.0 6588.0
579 33378.0 6567.0
580 33381.0 6534.0
581 33397.0 6525.0
582 33420.0 6540.0
583 33424.0 6558.0
584 33415.0 6534.0
585 33382.0 6528.0
586 33410.0 6537.0
587 33398.0 6552.0
588 33339.0 6549.0
589 33286.0 6543.0
590 33280.0 6537.0
591 33281.0 6546.0
592 33256.0 6543.0
593 33286.0 6573.0
594 33256.0 6576.0
595 33254.0 6537.0
596 33254.0 6555.0
597 33253.0 6552.0
598 33269.0 6558.0
599 33286.0 6555.0
600 33273.0 6570.0
601 33233.0 6534.0
602 33261.0 6546.0
603 33268.0 6516.0
604 33251.0 6498.0
605 33219.0 6525.0
606 33253.0 6534.0
607 33279.0 6537.0
608 33278.0 6546.0
609 33255.0 6528.0
610 33263.0 6525.0
611 33297.0 6555.0
612 33256.0 6576.0
613 33268.0 6564.0
614 33249.0 6573.0
615 33257.0 6558.0
616 33257.0 6534.0
617 33253.0 6555.0
618 33218.0 6555.0
619 33199.0 6540.0
620 33204.0 6546.0
621 33236.0 6564.0
622 33249.0 6573.0
623 33249.0 6567.0
624 33272.0 6591.0
625 33295.0 6597.0
626 33256.0 6582.0
627 33246.0 6555.0
628 33239.0 6570.0
629 33218.0 6603.0
630 33214.0 6621.0
631 33242.0 6594.0
632 33220.0 6597.0
633 33218.0 6609.0
634 33217.0 6624.0
635 33153.0 6594.0
636 33146.0 6588.0
637 33119.0 6585.0
638 33131.0 6552.0
639 33153.0 6570.0
640 33139.0 6603.0
641 33087.0 6609.0
642 33073.0 6591.0
643 33108.0 6591.0
644 33116.0 6594.0
645 33153.0 6603.0
646 33152.0 6588.0
647 33161.0 6603.0
648 33138.0 6606.0
649 33117.0 6612.0
650 33115.0 6606.0
651 33109.0 6591.0
652 33144.0 6603.0
653 33161.0 6597.0
654 33166.0 6600.0
655 33160.0 6591.0
656 33167.0 6588.0
657 33156.0 6579.0
658 33179.0 6579.0
659 33182.0 6588.0
660 33167.0 6582.0
661 33179.0 6579.0
662 33168.0 6573.0
663 33214.0 6609.0
664 33201.0 6585.0
665 33185.0 6615.0
666 33186.0 6600.0
667 33189.0 6609.0
668 33173.0 6639.0
669 33209.0 6636.0
670 33187.0 6621.0
671 33185.0 6645.0
672 33207.0 6642.0
673 33228.0 6642.0
674 33214.0 6657.0
675 33226.0 6645.0
676 33229.0 6669.0
677 33236.0 6669.0
678 33231.0 6636.0
679 33231.0 6633.0
680 33266.0 6633.0
681 33264.0 6633.0
682 33264.0 6633.0
683 33274.0 6636.0
684 33266.0 6627.0
685 33253.0 6645.0
686 33260.0 6645.0
687 33214.0 6615.0
688 33253.0 6627.0
689 33250.0 6645.0
690 33260.0 6636.0
691 33236.0 6657.0
692 33230.0 6654.0
693 33222.0 6636.0
694 33217.0 6642.0
695 33222.0 6648.0
696 33196.0 6636.0
697 33193.0 6633.0
698 33175.0 6633.0
699 33167.0 6633.0
700 33177.0 6624.0
701 33211.0 6651.0
702 33234.0 6657.0
703 33252.0 6675.0
704 33250.0 6669.0
705 33239.0 6684.0
706 33259.0 6693.0
707 33248.0 6687.0
708 33272.0 6705.0
709 33306.0 6711.0
710 33310.0 6723.0
711 33355.0 6720.0
712 33352.0 6723.0
713 33335.0 6759.0
714 33343.0 6762.0
715 33339.0 6741.0
716 33310.0 6729.0
717 33303.0 6744.0
718 33297.0 6747.0
719 33287.0 6744.0
720 33288.0 6720.0
721 33319.0 6723.0
722 33356.0 6756.0
723 33333.0 6765.0
724 33358.0 6768.0
725 33386.0 6798.0
726 33370.0 6795.0
727 33397.0 6807.0
728 33396.0 6816.0
729 33400.0 6834.0
730 33406.0 6837.0
731 33375.0 6840.0
732 33393.0 6816.0
733 33406.0 6825.0
734 33424.0 6831.0
735 33421.0 6837.0
736 33418.0 6837.0
737 33432.0 6834.0
738 33412.0 6825.0
739 33454.0 6828.0
740 33476.0 6825.0
741 33504.0 6855.0
742 33519.0 6840.0
743 33498.0 6837.0
744 33494.0 6855.0
745 33458.0 6840.0
746 33475.0 6843.0
747 33463.0 6828.0
748 33467.0 6822.0
749 33479.0 6816.0
750 33468.0 6810.0
751 33480.0 6825.0
752 33473.0 6828.0
753 33491.0 6828.0
754 33454.0 6843.0
755 33436.0 6840.0
756 33407.0 6837.0
757 33381.0 6849.0
758 33347.0 6846.0
759 33344.0 6849.0
760 33339.0 6864.0
761 33352.0 6873.0
762 33336.0 6879.0
763 33346.0 6867.0
764 33324.0 6867.0
765 33304.0 6864.0
766 33316.0 6861.0
767 33288.0 6843.0
768 33270.0 6882.0
769 33242.0 6870.0
770 33232.0 6873.0
771 33220.0 6873.0
772 33207.0 6870.0
773 33219.0 6912.0
774 33217.0 6921.0
775 33212.0 6948.0
776 33224.0 6942.0
777 33194.0 6936.0
778 33209.0 6966.0
779 33185.0 6948.0
780 33169.0 6945.0
781 33166.0 6933.0
782 33142.0 6909.0
783 33144.0 6891.0
784 33163.0 6900.0
785 33161.0 6897.0
786 33157.0 6894.0
787 33149.0 6897.0
788 33131.0 6909.0
789 33153.0 6900.0
790 33145.0 6900.0
791 33175.0 6900.0
792 33183.0 6909.0
793 33155.0 6882.0
794 33185.0 6882.0
795 33183.0 6888.0
796 33160.0 6918.0
797 33140.0 6924.0
798 33163.0 6966.0
799 33166.0 6951.0
800 33153.0 6954.0
801 33175.0 6939.0
802 33193.0 6936.0
803 33203.0 6930.0
804 33223.0 6948.0
805 33248.0 6969.0
806 33241.0 6984.0
807 33264.0 6948.0
808 33281.0 6966.0
809 33261.0 6951.0
810 33269.0 6942.0
811 33262.0 6951.0
812 33264.0 6945.0
813 33274.0 6951.0
814 33255.0 6936.0
815 33267.0 6948.0
816 33244.0 6960.0
817 33251.0 6987.0
818 33290.0 6975.0
819 33274.0 6972.0
820 33302.0 6999.0
821 33324.0 7014.0
822 33360.0 7023.0
823 33347.0 7017.0
824 33315.0 7005.0
825 33316.0 6990.0
826 33313.0 6975.0
827 33323.0 6978.0
828 33326.0 6984.0
829 33338.0 6981.0
830 33329.0 6978.0
831 33302.0 6996.0
832 33318.0 7008.0
833 33310.0 6987.0
834 33337.0 6981.0
835 33352.0 6966.0
836 33341.0 6969.0
837 33316.0 6981.0
838 33363.0 7002.0
839 33385.0 7002.0
840 33398.0 7032.0
841 33406.0 7020.0
842 33398.0 7065.0
843 33418.0 7089.0
844 33430.0 7080.0
845 33413.0 7056.0
846 33409.0 7059.0
847 33404.0 7041.0
848 33388.0 7047.0
849 33371.0 7044.0
850 33362.0 7026.0
851 33351.0 7041.0
852 33350.0 7008.0
853 33330.0 7017.0
854 33330.0 7029.0
855 33318.0 7014.0
856 33321.0 7005.0
857 33311.0 7002.0
858 33307.0 6999.0
859 33254.0 7005.0
860 33269.0 6999.0
861 33260.0 7008.0
862 33268.0 7008.0
863 33258.0 7050.0
864 33234.0 7077.0
865 33237.0 7089.0
866 33228.0 7098.0
867 33231.0 7098.0
868 33249.0 7107.0
869 33232.0 7089.0
870 33225.0 7083.0
871 33219.0 7119.0
872 33246.0 7101.0
873 33256.0 7077.0
874 33298.0 7080.0
875 33304.0 7065.0
876 33313.0 7080.0
877 33315.0 7080.0
878 33271.0 7086.0
879 33259.0 7074.0
880 33280.0 7083.0
881 33279.0 7077.0
882 33299.0 7092.0
883 33282.0 7098.0
884 33265.0 7113.0
885 33266.0 7116.0
886 33252.0 7107.0
887 33282.0 7113.0
888 33287.0 7125.0
889 33279.0 7122.0
890 33269.0 7122.0
891 33293.0 7152.0
892 33333.0 7170.0
893 33310.0 7191.0
894 33326.0 7194.0
895 33317.0 7197.0
896 33322.0 7182.0
897 33317.0 7170.0
898 33348.0 7194.0
899 33349.0 7224.0
900 33354.0 7245.0
901 33356.0 7260.0
902 33396.0 7233.0
903 33367.0 7209.0
904 33332.0 7236.0
905 33331.0 7257.0
906 33332.0 7269.0
907 33314.0 7260.0
908 33323.0 7239.0
909 33343.0 7242.0
910 33331.0 7257.0
911 33341.0 7248.0
912 33346.0 7227.0
913 33370.0 7203.0
914 33335.0 7188.0
915 33339.0 7197.0
916 33370.0 7206.0
917 33353.0 7203.0
918 33336.0 7188.0
919 33330.0 7188.0
920 33324.0 7158.0
921 33358.0 7197.0
922 33346.0 7200.0
923 33325.0 7176.0
924 33316.0 7161.0
925 33303.0 7164.0
926 33325.0 7188.0
927 33337.0 7191.0
928 33345.0 7191.0
929 33353.0 7218.0
930 33374.0 7209.0
931 33382.0 7227.0
932 33394.0 7245.0
933 33390.0 7239.0
934 33365.0 7236.0
935 33337.0 7215.0
936 33363.0 7212.0
937 33348.0 7212.0
938 33364.0 7209.0
939 33369.0 7212.0
940 33316.0 7212.0
941 33310.0 7206.0
942 33300.0 7191.0
943 33318.0 7197.0
944 33297.0 7200.0
945 33292.0 7212.0
946 33286.0 7248.0
947 33279.0 7245.0
948 33308.0 7263.0
949 33300.0 7257.0
950 33290.0 7287.0
951 33316.0 7299.0
952 33309.0 7278.0
953 33292.0 7266.0
954 33288.0 7257.0
955 33261.0 7239.0
956 33292.0 7260.0
957 33298.0 7239.0
958 33279.0 7251.0
959 33268.0 7239.0
960 33286.0 7242.0
961 33276.0 7218.0
962 33277.0 7194.0
963 33281.0 7203.0
964 33301.0 7230.0
965 33302.0 7224.0
966 33299.0 7248.0
967 33327.0 7233.0
968 33351.0 7245.0
969 33358.0 7239.0
970 33373.0 7236.0
971 33396.0 7254.0
972 33389.0 7254.0
973 33361.0 7251.0
974 33378.0 7293.0
975 33363.0 7269.0
976 33362.0 7269.0
977 33342.0 7269.0
978 33349.0 7275.0
979 33340.0 7293.0
980 33359.0 7251.0
981 33369.0 7257.0
982 33361.0 7254.0
983 33383.0 7251.0
984 33376.0 7248.0
985 33375.0 7251.0
986 33348.0 7224.0
987 33331.0 7221.0
988 33346.0 7227.0
989 33364.0 7209.0
990 33388.0 7239.0
991 33383.0 7227.0
992 33410.0 7236.0
993 33374.0 7212.0
994 33369.0 7188.0
995 33388.0 7206.0
996 33390.0 7230.0
997 33380.0 7200.0
998 33380.0 7200.0
999 33358.0 7218.0
1000 33361.0 7230.0
1001 33341.0 7230.0
1002 33306.0 7230.0
1003 33319.0 7233.0
1004 33301.0 7242.0
1005 33292.0 7242.0
1006 33311.0 7239.0
1007 33282.0 7245.0
1008 33285.0 7257.0
1009 33282.0 7245.0
1010 33286.0 7245.0
1011 33286.0 7242.0
1012 33286.0 7233.0
1013 33284.0 7239.0
1014 33292.0 7230.0
1015 33319.0 7266.0
1016 33296.0 7284.0
1017 33300.0 7299.0
1018 33283.0 7293.0
1019 33331.0 7290.0
1020 33361.0 7287.0
1021 33325.0 7296.0
1022 33328.0 7302.0
1023 33318.0 7284.0
1024 33320.0 7305.0
1025 33324.0 7296.0
1026 33302.0 7296.0
1027 33323.0 7290.0
1028 33305.0 7296.0
1029 33336.0 7293.0
1030 33339.0 7257.0
1031 33339.0 7269.0
1032 33347.0 7299.0
1033 33372.0 7338.0
1034 33389.0 7308.0
1035 33390.0 7341.0
1036 33392.0 7350.0
1037 33396.0 7377.0
1038 33395.0 7380.0
1039 33400.0 7371.0
1040 33409.0 7365.0
1041 33379.0 7368.0
1042 33375.0 7380.0
1043 33367.0 7371.0
1044 33358.0 7377.0
1045 33343.0 7368.0
1046 33336.0 7347.0
1047 33294.0 7329.0
1048 33239.0 7329.0
1049 33235.0 7344.0
1050 33225.0 7368.0
1051 33199.0 7344.0
1052 33207.0 7359.0
1053 33223.0 7398.0
1054 33233.0 7395.0
1055 33225.0 7419.0
1056 33250.0 7443.0
1057 33232.0 7440.0
1058 33245.0 7422.0
1059 33273.0 7407.0
1060 33283.0 7383.0
1061 33256.0 7365.0
1062 33212.0 7365.0
1063 33184.0 7335.0
1064 33180.0 7347.0
1065 33222.0 7353.0
1066 33188.0 7338.0
1067 33180.0 7329.0
1068 33206.0 7338.0
1069 33200.0 7350.0
1070 33215.0 7344.0
1071 33186.0 7320.0
1072 33217.0 7308.0
1073 33198.0 7326.0
1074 33207.0 7311.0
1075 33183.0 7308.0
1076 33167.0 7323.0
1077 33177.0 7311.0
1078 33201.0 7320.0
1079 33192.0 7317.0
1080 33176.0 7320.0
1081 33159.0 7332.0
1082 33172.0 7341.0
1083 33184.0 7365.0
1084 33180.0 7380.0
1085 33227.0 7389.0
1086 33227.0 7368.0
1087 33233.0 7365.0
1088 33247.0 7365.0
1089 33250.0 7344.0
1090 33260.0 7332.0
1091 33257.0 7329.0
1092 33258.0 7344.0
1093 33251.0 7332.0
1094 33243.0 7350.0
1095 33252.0 7323.0
1096 33233.0 7329.0
1097 33230.0 7338.0
1098 33269.0 7365.0
1099 33265.0 7383.0
1100 33241.0 7398.0
1101 33257.0 7389.0
1102 33257.0 7377.0
1103 33285.0 7380.0
1104 33289.0 7401.0
1105 33279.0 7383.0
1106 33285.0 7389.0
1107 33283.0 7419.0
1108 33268.0 7419.0
1109 33253.0 7410.0
1110 33230.0 7398.0
1111 33236.0 7404.0
1112 33244.0 7413.0
1113 33217.0 7392.0
1114 33215.0 7398.0
1115 33214.0 7395.0
1116 33246.0 7392.0
1117 33239.0 7374.0
1118 33241.0 7383.0
1119 33257.0 7386.0
1120 33245.0 7383.0
1121 33258.0 7362.0
1122 33248.0 7353.0
1123 33234.0 7368.0
1124 33243.0 7365.0
1125 33257.0 7371.0
1126 33285.0 7386.0
1127 33276.0 7374.0
1128 33254.0 7392.0
1129 33246.0 7410.0
1130 33224.0 7395.0
1131 33222.0 7416.0
1132 33221.0 7416.0
1133 33237.0 7431.0
1134 33220.0 7443.0
1135 33191.0 7440.0
1136 33206.0 7455.0
1137 33232.0 7473.0
1138 33206.0 7476.0
1139 33223.0 7473.0
1140 33209.0 7485.0
1141 33230.0 7461.0
1142 33215.0 7464.0
1143 33211.0 7464.0
1144 33207.0 7461.0
1145 33234.0 7434.0
1146 33275.0 7425.0
1147 33271.0 7452.0
1148 33259.0 7461.0
1149 33229.0 7437.0
1150 33241.0 7425.0
1151 33241.0 7452.0
1152 33271.0 7506.0
1153 33279.0 7509.0
1154 33284.0 7497.0
1155 33288.0 7485.0
1156 33273.0 7509.0
1157 33299.0 7497.0
1158 33302.0 7521.0
1159 33285.0 7509.0
1160 33263.0 7497.0
1161 33223.0 7473.0
1162 33250.0 7452.0
1163 33259.0 7449.0
1164 33269.0 7452.0
1165 33242.0 7470.0
1166 33229.0 7461.0
1167 33233.0 7458.0
1168 33228.0 7461.0
1169 33264.0 7467.0
1170 33306.0 7506.0
1171 33297.0 7506.0
1172 33275.0 7530.0
1173 33268.0 7500.0
1174 33264.0 7464.0
1175 33232.0 7446.0
1176 33229.0 7422.0
1177 33220.0 7425.0
1178 33204.0 7422.0
1179 33180.0 7416.0
1180 33182.0 7413.0
1181 33170.0 7425.0
1182 33221.0 7425.0
1183 33238.0 7437.0
1184 33238.0 7419.0
1185 33232.0 7416.0
1186 33271.0 7455.0
1187 33269.0 7422.0
1188 33281.0 7428.0
1189 33280.0 7440.0
1190 33293.0 7461.0
1191 33288.0 7458.0
1192 33289.0 7446.0
1193 33296.0 7440.0
1194 33311.0 7434.0
1195 33315.0 7422.0
1196 33340.0 7404.0
1197 33366.0 7425.0
1198 33373.0 7422.0
1199 33381.0 7464.0
1200 33363.0 7461.0
1201 33358.0 7452.0
1202 33316.0 7446.0
1203 33316.0 7449.0
1204 33302.0 7452.0
1205 33276.0 7434.0
1206 33287.0 7455.0
1207 33280.0 7467.0
1208 33299.0 7503.0
1209 33326.0 7512.0
1210 33314.0 7482.0
1211 33317.0 7485.0
1212 33341.0 7488.0
1213 33306.0 7479.0
1214 33316.0 7497.0
1215 33279.0 7500.0
1216 33287.0 7518.0
1217 33291.0 7533.0
1218 33258.0 7515.0
1219 33253.0 7515.0
1220 33252.0 7530.0
1221 33230.0 7551.0
1222 33224.0 7521.0
1223 33226.0 7521.0
1224 33233.0 7497.0
1225 33247.0 7491.0
1226 33267.0 7506.0
1227 33256.0 7491.0
1228 33260.0 7488.0
1229 33252.0 7515.0
1230 33252.0 7518.0
1231 33281.0 7527.0
1232 33281.0 7521.0
1233 33226.0 7521.0
1234 33230.0 7515.0
1235 33237.0 7527.0
1236 33251.0 7524.0
1237 33249.0 7497.0
1238 33246.0 7500.0
1239 33250.0 7536.0
1240 33241.0 7521.0
1241 33250.0 7524.0
1242 33254.0 7527.0
1243 33277.0 7542.0
1244 33287.0 7557.0
1245 33316.0 7524.0
1246 33288.0 7527.0
1247 33294.0 7554.0
1248 33309.0 7554.0
1249 33291.0 7566.0
1250 33280.0 7539.0
1251 33299.0 7527.0
1252 33268.0 7524.0
1253 33265.0 7533.0
1254 33309.0 7539.0
1255 33325.0 7545.0
1256 33290.0 7542.0
1257 33285.0 7494.0
1258 33291.0 7461.0
1259 33272.0 7470.0
1260 33277.0 7467.0
1261 33289.0 7473.0
1262 33292.0 7455.0
1263 33311.0 7458.0
1264 33329.0 7461.0
1265 33338.0 7473.0
1266 33321.0 7455.0
1267 33329.0 7464.0
1268 33362.0 7485.0
1269 33358.0 7500.0
1270 33397.0 7518.0
1271 33399.0 7536.0
1272 33389.0 7539.0
1273 33404.0 7503.0
1274 33393.0 7503.0
1275 33379.0 7533.0
1276 33347.0 7563.0
1277 33341.0 7554.0
1278 33358.0 7557.0
1279 33353.0 7554.0
1280 33372.0 7560.0
1281 33367.0 7557.0
1282 33357.0 7539.0
1283 33400.0 7542.0
1284 33383.0 7539.0
1285 33380.0 7527.0
1286 33437.0 7518.0
1287 33444.0 7524.0
1288 33442.0 7524.0
1289 33467.0 7536.0
1290 33438.0 7533.0
1291 33427.0 7557.0
1292 33431.0 7575.0
1293 33433.0 7584.0
1294 33461.0 7575.0
1295 33483.0 7578.0
1296 33466.0 7581.0
1297 33456.0 7587.0
1298 33491.0 7581.0
1299 33479.0 7584.0
1300 33503.0 7605.0
1301 33485.0 7617.0
1302 33461.0 7587.0
1303 33451.0 7587.0
1304 33417.0 7560.0
1305 33412.0 7569.0
1306 33392.0 7599.0
1307 33395.0 7605.0
1308 33378.0 7596.0
1309 33399.0 7572.0
1310 33401.0 7569.0
1311 33431.0 7611.0
1312 33452.0 7617.0
1313 33446.0 7635.0
1314 33461.0 7641.0
1315 33428.0 7647.0
1316 33404.0 7623.0
1317 33369.0 7590.0
1318 33346.0 7593.0
1319 33371.0 7635.0
1320 33354.0 7623.0
1321 33353.0 7662.0
1322 33356.0 7644.0
1323 33358.0 7629.0
1324 33409.0 7644.0
1325 33402.0 7656.0
1326 33397.0 7656.0
1327 33400.0 7629.0
1328 33415.0 7617.0
1329 33427.0 7623.0
1330 33412.0 7623.0
1331 33410.0 7623.0
1332 33412.0 7644.0
1333 33412.0 7647.0
1334 33415.0 7671.0
1335 33448.0 7647.0
1336 33475.0 7632.0
1337 33458.0 7641.0
1338 33479.0 7632.0
1339 33481.0 7611.0
1340 33479.0 7629.0
1341 33464.0 7623.0
1342 33490.0 7620.0
1343 33480.0 7620.0
1344 33461.0 7620.0
1345 33449.0 7617.0
1346 33475.0 7620.0
1347 33482.0 7632.0
1348 33475.0 7611.0
1349 33481.0 7614.0
1350 33481.0 7587.0
1351 33468.0 7596.0
1352 33449.0 7617.0
1353 33436.0 7605.0
1354 33464.0 7629.0
1355 33465.0 7644.0
1356 33485.0 7677.0
1357 33484.0 7677.0
1358 33483.0 7662.0
1359 33469.0 7644.0
1360 33440.0 7635.0
1361 33425.0 7632.0
1362 33414.0 7638.0
1363 33474.0 7647.0
1364 33423.0 7647.0
1365 33454.0 7650.0
1366 33470.0 7644.0
1367 33449.0 7632.0
1368 33438.0 7650.0
1369 33398.0 7665.0
1370 33425.0 7677.0
1371 33422.0 7713.0
1372 33407.0 7692.0
1373 33392.0 7701.0
1374 33390.0 7710.0
1375 33379.0 7680.0
1376 33414.0 7677.0
1377 33442.0 7668.0
1378 33433.0 7677.0
1379 33429.0 7686.0
1380 33408.0 7698.0
1381 33435.0 7683.0
1382 33436.0 7674.0
1383 33430.0 7671.0
1384 33456.0 7671.0
1385 33466.0 7656.0
1386 33468.0 7647.0
1387 33469.0 7680.0
1388 33459.0 7680.0
1389 33480.0 7680.0
1390 33506.0 7704.0
1391 33477.0 7701.0
1392 33464.0 7698.0
1393 33466.0 7710.0
1394 33447.0 7737.0
1395 33439.0 7734.0
1396 33424.0 7752.0
1397 33391.0 7713.0
1398 33382.0 7722.0
1399 33404.0 7728.0
1400 33406.0 7728.0
1401 33397.0 7704.0
1402 33388.0 7704.0
1403 33392.0 7740.0
1404 33429.0 7746.0
1405 33439.0 7734.0
1406 33436.0 7734.0
1407 33443.0 7716.0
1408 33455.0 7722.0
1409 33444.0 7752.0
1410 33463.0 7731.0
1411 33449.0 7704.0
1412 33432.0 7692.0
1413 33429.0 7698.0
1414 33444.0 7704.0
1415 33466.0 7704.0
1416 33439.0 7677.0
1417 33435.0 7716.0
1418 33474.0 7743.0
1419 33465.0 7758.0
1420 33452.0 7758.0
1421 33477.0 7773.0
1422 33483.0 7779.0
1423 33476.0 7788.0
1424 33451.0 7770.0
1425 33446.0 7788.0
1426 33462.0 7776.0
1427 33456.0 7776.0
1428 33430.0 7743.0
1429 33436.0 7746.0
1430 33432.0 7728.0
1431 33421.0 7743.0
1432 33445.0 7746.0
1433 33397.0 7716.0
1434 33404.0 7701.0
1435 33402.0 7692.0
1436 33382.0 7698.0
1437 33368.0 7710.0
1438 33333.0 7752.0
1439 33323.0 7782.0
1440 33322.0 7800.0
1441 33304.0 7809.0
1442 33286.0 7797.0
1443 33289.0 7776.0
1444 33272.0 7770.0
1445 33285.0 7773.0
1446 33274.0 7779.0
1447 33297.0 7761.0
1448 33322.0 7779.0
1449 33316.0 7764.0
1450 33280.0 7758.0
1451 33287.0 7761.0
1452 33299.0 7758.0
1453 33294.0 7794.0
1454 33313.0 7815.0
1455 33339.0 7842.0
1456 33335.0 7830.0
1457 33355.0 7830.0
1458 33371.0 7842.0
1459 33359.0 7833.0
1460 33356.0 7848.0
1461 33326.0 7854.0
1462 33302.0 7869.0
1463 33305.0 7881.0
1464 33337.0 7875.0
1465 33354.0 7866.0
1466 33354.0 7866.0
1467 33360.0 7872.0
1468 33370.0 7893.0
1469 33354.0 7866.0
1470 33366.0 7881.0
1471 33383.0 7905.0
1472 33402.0 7929.0
1473 33382.0 7926.0
1474 33366.0 7944.0
1475 33318.0 7932.0
1476 33357.0 7905.0
1477 33358.0 7917.0
1478 33369.0 7941.0
1479 33357.0 7926.0
1480 33367.0 7929.0
1481 33386.0 7929.0
1482 33376.0 7926.0
1483 33393.0 7959.0
1484 33388.0 7935.0
1485 33403.0 7932.0
1486 33394.0 7932.0
1487 33382.0 7950.0
1488 33384.0 7935.0
1489 33334.0 7902.0
1490 33310.0 7917.0
1491 33334.0 7953.0
1492 33325.0 7923.0
1493 33314.0 7926.0
1494 33344.0 7920.0
1495 33358.0 7911.0
1496 33321.0 7890.0
1497 33328.0 7854.0
1498 33327.0 7842.0
1499 33310.0 7863.0
1500 33316.0 7884.0
1501 33304.0 7890.0
1502 33290.0 7896.0
1503 33292.0 7887.0
1504 33271.0 7908.0
1505 33304.0 7929.0
1506 33320.0 7938.0
1507 33336.0 7938.0
1508 33354.0 7920.0
1509 33359.0 7929.0
1510 33357.0 7911.0
1511 33338.0 7911.0
1512 33321.0 7902.0
1513 33316.0 7899.0
1514 33276.0 7917.0
1515 33272.0 7935.0
1516 33304.0 7938.0
1517 33314.0 7935.0
1518 33314.0 7947.0
1519 33293.0 7944.0
1520 33308.0 7929.0
1521 33303.0 7929.0
1522 33302.0 7941.0
1523 33315.0 7938.0
1524 33332.0 7947.0
1525 33293.0 7965.0
1526 33272.0 7947.0
1527 33268.0 7932.0
1528 33254.0 7947.0
1529 33243.0 7914.0
1530 33241.0 7911.0
1531 33228.0 7914.0
1532 33230.0 7914.0
1533 33233.0 7920.0
1534 33234.0 7905.0
1535 33258.0 7896.0
1536 33284.0 7917.0
1537 33299.0 7941.0
1538 33322.0 7929.0
1539 33331.0 7935.0
1540 33327.0 7935.0
1541 33345.0 7914.0
1542 33364.0 7917.0
1543 33376.0 7932.0
1544 33363.0 7917.0
1545 33321.0 7911.0
1546 33326.0 7929.0
1547 33315.0 7926.0
1548 33328.0 7941.0
1549 33326.0 7923.0
1550 33326.0 7908.0
1551 33329.0 7953.0
1552 33353.0 7932.0
1553 33309.0 7926.0
1554 33295.0 7914.0
1555 33309.0 7914.0
1556 33296.0 7905.0
1557 33315.0 7947.0
1558 33300.0 7950.0
1559 33333.0 7974.0
1560 33341.0 7977.0
1561 33320.0 7965.0
1562 33331.0 7986.0
1563 33326.0 7995.0
1564 33324.0 8001.0
1565 33293.0 7986.0
1566 33326.0 7968.0
1567 33319.0 7974.0
1568 33322.0 7974.0
1569 33331.0 7974.0
1570 33342.0 7980.0
1571 33311.0 7998.0
1572 33323.0 8007.0
1573 33330.0 7959.0
1574 33340.0 7938.0
1575 33364.0 7953.0
1576 33368.0 7950.0
1577 33362.0 7971.0
1578 33326.0 7956.0
1579 33341.0 7965.0
1580 33333.0 7956.0
1581 33353.0 7953.0
1582 33345.0 7962.0
1583 33340.0 7938.0
1584 33318.0 7968.0
1585 33307.0 7953.0
1586 33295.0 7941.0
1587 33314.0 7944.0
1588 33334.0 7947.0
1589 33310.0 7956.0
1590 33326.0 7950.0
1591 33344.0 7965.0
1592 33334.0 7959.0
1593 33349.0 7971.0
1594 33325.0 7932.0
1595 33361.0 7905.0
1596 33362.0 7923.0
1597 33353.0 7935.0
1598 33353.0 7911.0
1599 33382.0 7926.0
1600 33409.0 7917.0
1601 33371.0 7899.0
1602 33373.0 7899.0
1603 33354.0 7875.0
1604 33347.0 7896.0
1605 33312.0 7938.0
1606 33335.0 7923.0
1607 33309.0 7935.0
1608 33314.0 7941.0
1609 33323.0 7932.0
1610 33326.0 7911.0
1611 33314.0 7917.0
1612 33328.0 7929.0
1613 33340.0 7944.0
1614 33367.0 7929.0
1615 33345.0 7935.0
1616 33308.0 7920.0
1617 33303.0 7905.0
1618 33281.0 7899.0
1619 33294.0 7857.0
1620 33327.0 7869.0
1621 33338.0 7854.0
1622 33314.0 7854.0
1623 33310.0 7836.0
1624 33319.0 7824.0
1625 33320.0 7818.0
1626 33361.0 7854.0
1627 33387.0 7851.0
1628 33387.0 7845.0
1629 33358.0 7866.0
1630 33373.0 7863.0
1631 33393.0 7869.0
1632 33395.0 7884.0
1633 33399.0 7881.0
1634 33387.0 7875.0
1635 33412.0 7884.0
1636 33427.0 7929.0
1637 33423.0 7923.0
1638 33421.0 7932.0
1639 33405.0 7941.0
1640 33403.0 7974.0
1641 33400.0 7956.0
1642 33391.0 7956.0
1643 33401.0 7989.0
1644 33363.0 7998.0
1645 33354.0 7989.0
1646 33363.0 7950.0
1647 33355.0 7950.0
1648 33369.0 7929.0
1649 33335.0 7926.0
1650 33304.0 7914.0
1651 33328.0 7911.0
1652 33378.0 7917.0
1653 33375.0 7914.0
1654 33383.0 7914.0
1655 33395.0 7923.0
1656 33406.0 7917.0
1657 33387.0 7929.0
1658 33368.0 7923.0
1659 33396.0 7920.0
1660 33410.0 7902.0
1661 33399.0 7896.0
1662 33374.0 7887.0
1663 33407.0 7884.0
1664 33430.0 7884.0
1665 33439.0 7914.0
1666 33443.0 7905.0
1667 33454.0 7896.0
1668 33413.0 7890.0
1669 33406.0 7890.0
1670 33409.0 7905.0
1671 33381.0 7902.0
1672 33377.0 7938.0
1673 33396.0 7929.0
1674 33381.0 7935.0
1675 33408.0 7944.0
1676 33392.0 7959.0
1677 33395.0 7944.0
1678 33401.0 7953.0
1679 33422.0 7926.0
1680 33440.0 7944.0
1681 33429.0 7941.0
1682 33425.0 7947.0
1683 33433.0 7974.0
1684 33424.0 7980.0
1685 33425.0 7992.0
1686 33450.0 8010.0
1687 33467.0 7998.0
1688 33440.0 7983.0
1689 33433.0 7971.0
1690 33462.0 7971.0
1691 33446.0 7962.0
1692 33437.0 7947.0
1693 33472.0 7968.0
1694 33488.0 7962.0
1695 33479.0 7956.0
1696 33445.0 7962.0
1697 33464.0 7941.0
1698 33461.0 7938.0
1699 33448.0 7914.0
1700 33477.0 7917.0
1701 33478.0 7923.0
1702 33456.0 7902.0
1703 33434.0 7923.0
1704 33428.0 7932.0
1705 33406.0 7911.0
1706 33419.0 7899.0
1707 33455.0 7896.0
1708 33453.0 7908.0
1709 33431.0 7905.0
1710 33441.0 7935.0
1711 33464.0 7959.0
1712 33471.0 7971.0
1713 33499.0 7953.0
1714 33482.0 7968.0
1715 33465.0 7983.0
1716 33486.0 7974.0
1717 33484.0 7983.0
1718 33482.0 7968.0
1719 33486.0 7947.0
1720 33473.0 7956.0
1721 33477.0 7965.0
1722 33507.0 7956.0
1723 33491.0 7959.0
1724 33530.0 7983.0
1725 33512.0 8004.0
1726 33495.0 8004.0
1727 33518.0 7995.0
1728 33496.0 8004.0
1729 33484.0 7983.0
1730 33496.0 7983.0
1731 33439.0 7980.0
1732 33446.0 8001.0
1733 33461.0 7995.0
1734 33454.0 7995.0
1735 33438.0 7956.0
1736 33463.0 7932.0
1737 33487.0 7944.0
1738 33500.0 7932.0
1739 33483.0 7926.0
1740 33474.0 7878.0
1741 33457.0 7869.0
1742 33463.0 7869.0
1743 33453.0 7881.0
1744 33459.0 7854.0
1745 33461.0 7842.0
1746 33478.0 7821.0
1747 33505.0 7851.0
1748 33521.0 7863.0
1749 33559.0 7839.0
1750 33556.0 7839.0
1751 33554.0 7863.0
1752 33539.0 7854.0
1753 33568.0 7872.0
1754 33563.0 7875.0
1755 33571.0 7896.0
1756 33589.0 7896.0
1757 33586.0 7935.0
1758 33571.0 7926.0
1759 33565.0 7929.0
1760 33577.0 7938.0
1761 33590.0 7962.0
1762 33592.0 7947.0
1763 33602.0 7983.0
1764 33557.0 7965.0
1765 33565.0 7971.0
1766 33544.0 7965.0
1767 33548.0 7977.0
1768 33543.0 7968.0
1769 33539.0 7995.0
1770 33530.0 8016.0
1771 33517.0 8010.0
1772 33526.0 8001.0
1773 33506.0 7980.0
1774 33507.0 7977.0
1775 33520.0 7977.0
1776 33499.0 7998.0
1777 33522.0 7986.0
1778 33510.0 8007.0
1779 33512.0 8007.0
1780 33528.0 8019.0
1781 33575.0 8016.0
1782 33562.0 8052.0
1783 33558.0 8061.0
1784 33551.0 8019.0
1785 33510.0 7998.0
1786 33508.0 8016.0
1787 33474.0 8007.0
1788 33458.0 8004.0
1789 33483.0 8040.0
1790 33468.0 8022.0
1791 33499.0 8025.0
1792 33534.0 8025.0
1793 33510.0 8031.0
1794 33539.0 8007.0
1795 33561.0 8007.0
1796 33585.0 8013.0
1797 33596.0 8022.0
1798 33587.0 8025.0
1799 33576.0 8031.0
1800 33578.0 8028.0
1801 33584.0 8040.0
1802 33615.0 8034.0
1803 33572.0 8022.0
1804 33622.0 8007.0
1805 33606.0 8019.0
1806 33601.0 8025.0
1807 33570.0 8010.0
1808 33556.0 8013.0
1809 33558.0 8013.0
1810 33546.0 8019.0
1811 33540.0 8016.0
1812 33521.0 8010.0
1813 33508.0 7998.0
1814 33493.0 7998.0
1815 33523.0 7995.0
1816 33524.0 7986.0
1817 33519.0 7977.0
1818 33531.0 7980.0
1819 33540.0 7965.0
1820 33537.0 7971.0
1821 33543.0 7986.0
1822 33512.0 7986.0
1823 33523.0 7983.0
1824 33527.0 8016.0
1825 33520.0 8001.0
1826 33521.0 7986.0
1827 33504.0 7980.0
1828 33510.0 8004.0
1829 33508.0 7986.0
1830 33505.0 7992.0
1831 33479.0 7983.0
1832 33515.0 7977.0
1833 33484.0 7968.0
1834 33459.0 7965.0
1835 33498.0 7965.0
1836 33512.0 7974.0
1837 33515.0 8004.0
1838 33523.0 8016.0
1839 33503.0 8028.0
1840 33470.0 8040.0
1841 33466.0 8055.0
1842 33492.0 8070.0
1843 33496.0 8070.0
1844 33507.0 8076.0
1845 33523.0 8058.0
1846 33554.0 8046.0
1847 33590.0 8064.0
1848 33581.0 8070.0
1849 33616.0 8091.0
1850 33638.0 8085.0
1851 33611.0 8109.0
1852 33620.0 8133.0
1853 33620.0 8169.0
1854 33600.0 8160.0
1855 33589.0 8187.0
1856 33558.0 8184.0
1857 33587.0 8175.0
1858 33593.0 8172.0
1859 33591.0 8160.0
1860 33611.0 8136.0
1861 33621.0 8151.0
1862 33630.0 8133.0
1863 33601.0 8118.0
1864 33594.0 8100.0
1865 33576.0 8103.0
1866 33557.0 8115.0
1867 33539.0 8127.0
1868 33499.0 8112.0
1869 33535.0 8100.0
1870 33505.0 8118.0
1871 33491.0 8097.0
1872 33464.0 8067.0
1873 33455.0 8073.0
1874 33441.0 8088.0
1875 33419.0 8070.0
1876 33405.0 8085.0
1877 33390.0 8106.0
1878 33401.0 8115.0
1879 33401.0 8097.0
1880 33418.0 8088.0
1881 33420.0 8094.0
1882 33407.0 8091.0
1883 33449.0 8106.0
1884 33462.0 8136.0
1885 33438.0 8133.0
1886 33443.0 8154.0
1887 33462.0 8157.0
1888 33469.0 8148.0
1889 33483.0 8166.0
1890 33459.0 8163.0
1891 33456.0 8184.0
1892 33442.0 8199.0
1893 33429.0 8205.0
1894 33421.0 8205.0
1895 33423.0 8187.0
1896 33350.0 8181.0
1897 33392.0 8214.0
1898 33405.0 8187.0
1899 33399.0 8160.0
1900 33404.0 8142.0
1901 33409.0 8124.0
1902 33426.0 8124.0
1903 33459.0 8124.0
1904 33432.0 8145.0
1905 33421.0 8151.0
1906 33425.0 8154.0
1907 33456.0 8175.0
1908 33445.0 8154.0
1909 33427.0 8154.0
1910 33416.0 8169.0
1911 33409.0 8166.0
1912 33401.0 8142.0
1913 33434.0 8151.0
1914 33432.0 8151.0
1915 33483.0 8163.0
1916 33464.0 8178.0
1917 33465.0 8169.0
1918 33442.0 8151.0
1919 33447.0 8172.0
1920 33453.0 8166.0
1921 33417.0 8172.0
1922 33410.0 8166.0
1923 33340.0 8148.0
1924 33333.0 8142.0
1925 33361.0 8172.0
1926 33389.0 8181.0
1927 33376.0 8166.0
1928 33368.0 8169.0
1929 33350.0 8166.0
1930 33384.0 8178.0
1931 33390.0 8175.0
1932 33424.0 8196.0
1933 33437.0 8184.0
1934 33447.0 8175.0
1935 33464.0 8199.0
1936 33443.0 8196.0
1937 33454.0 8205.0
1938 33439.0 8208.0
1939 33415.0 8199.0
1940 33381.0 8175.0
1941 33373.0 8181.0
1942 33359.0 8151.0
1943 33354.0 8169.0
1944 33368.0 8136.0
1945 33386.0 8130.0
1946 33377.0 8115.0
1947 33368.0 8100.0
1948 33353.0 8088.0
1949 33327.0 8100.0
1950 33311.0 8118.0
1951 33286.0 8100.0
1952 33283.0 8088.0
1953 33282.0 8124.0
1954 33263.0 8130.0
1955 33263.0 8145.0
1956 33292.0 8145.0
1957 33321.0 8160.0
1958 33303.0 8181.0
1959 33289.0 8181.0
1960 33275.0 8190.0
1961 33266.0 8187.0
1962 33252.0 8208.0
1963 33269.0 8184.0
1964 33288.0 8211.0
1965 33279.0 8211.0
1966 33291.0 8193.0
1967 33270.0 8193.0
1968 33249.0 8184.0
1969 33258.0 8208.0
1970 33262.0 8214.0
1971 33266.0 8211.0
1972 33248.0 8202.0
1973 33249.0 8202.0
1974 33244.0 8199.0
1975 33265.0 8226.0
1976 33253.0 8217.0
1977 33280.0 8223.0
1978 33304.0 8211.0
1979 33322.0 8208.0
1980 33328.0 8205.0
1981 33316.0 8202.0
1982 33303.0 8196.0
1983 33286.0 8238.0
1984 33307.0 8247.0
1985 33298.0 8223.0
1986 33279.0 8205.0
1987 33278.0 8199.0
1988 33319.0 8181.0
1989 33313.0 8172.0
1990 33307.0 8166.0
1991 33293.0 8187.0
1992 33301.0 8193.0
1993 33292.0 8196.0
1994 33290.0 8166.0
1995 33270.0 8154.0
1996 33312.0 8151.0
1997 33315.0 8145.0
1998 33310.0 8151.0
1999 33305.0 8139.0
2000 33293.0 8178.0
2001 33320.0 8181.0
2002 33316.0 8157.0
2003 33373.0 8175.0
2004 33361.0 8175.0
2005 33345.0 8154.0
2006 33326.0 8139.0
2007 33306.0 8136.0
2008 33293.0 8151.0
2009 33305.0 8145.0
2010 33290.0 8142.0
2011 33296.0 8133.0
2012 33339.0 8175.0
2013 33334.0 8193.0
2014 33307.0 8169.0
2015 33356.0 8175.0
2016 33363.0 8181.0
2017 33347.0 8169.0
2018 33350.0 8166.0
2019 33334.0 8181.0
2020 33358.0 8187.0
2021 33362.0 8232.0
2022 33328.0 8187.0
2023 33350.0 8187.0
2024 33333.0 8190.0
2025 33345.0 8208.0
2026 33343.0 8244.0
2027 33311.0 8214.0
2028 33318.0 8235.0
2029 33323.0 8214.0
2030 33354.0 8190.0
2031 33393.0 8190.0
2032 33388.0 8193.0
2033 33401.0 8187.0
2034 33376.0 8190.0
2035 33368.0 8178.0
2036 33386.0 8208.0
2037 33412.0 8205.0
2038 33390.0 8223.0
2039 33389.0 8232.0
2040 33388.0 8229.0
2041 33388.0 8229.0
2042 33370.0 8235.0
2043 33362.0 8244.0
2044 33374.0 8235.0
2045 33365.0 8223.0
2046 33370.0 8220.0
2047 33377.0 8235.0
2048 33359.0 8265.0
2049 33398.0 8268.0
2050 33400.0 8259.0
2051 33347.0 8265.0
2052 33366.0 8238.0
2053 33322.0 8229.0
2054 33342.0 8241.0
2055 33382.0 8235.0
2056 33380.0 8256.0
2057 33352.0 8262.0
2058 33369.0 8244.0
2059 33386.0 8250.0
2060 33336.0 8256.0
2061 33285.0 8235.0
2062 33269.0 8226.0
2063 33250.0 8229.0
2064 33292.0 8247.0
2065 33323.0 8262.0
2066 33354.0 8268.0
2067 33323.0 8226.0
2068 33337.0 8196.0
2069 33365.0 8202.0
2070 33357.0 8214.0
2071 33344.0 8202.0
2072 33333.0 8202.0
2073 33316.0 8217.0
2074 33334.0 8238.0
2075 33337.0 8223.0
2076 33350.0 8214.0
2077 33334.0 8214.0
2078 33348.0 8226.0
2079 33366.0 8220.0
2080 33358.0 8220.0
2081 33319.0 8223.0
2082 33292.0 8226.0
2083 33323.0 8235.0
2084 33320.0 8235.0
2085 33321.0 8232.0
2086 33312.0 8232.0
2087 33324.0 8238.0
2088 33311.0 8238.0
2089 33322.0 8262.0
2090 33345.0 8247.0
2091 33331.0 8235.0
2092 33324.0 8241.0
2093 33317.0 8235.0
2094 33300.0 8253.0
2095 33304.0 8280.0
2096 33313.0 8280.0
2097 33302.0 8262.0
2098 33302.0 8238.0
2099 33277.0 8238.0
2100 33297.0 8226.0
2101 33288.0 8208.0
2102 33266.0 8220.0
2103 33300.0 8217.0
2104 33286.0 8202.0
2105 33267.0 8220.0
2106 33293.0 8229.0
2107 33295.0 8208.0
2108 33305.0 8205.0
2109 33339.0 8229.0
2110 33356.0 8256.0
2111 33351.0 8268.0
2112 33333.0 8253.0
2113 33362.0 8277.0
2114 33367.0 8259.0
2115 33368.0 8286.0
2116 33379.0 8271.0
2117 33380.0 8271.0
2118 33371.0 8247.0
2119 33383.0 8262.0
2120 33369.0 8256.0
2121 33355.0 8238.0
2122 33363.0 8265.0
2123 33364.0 8262.0
2124 33376.0 8277.0
2125 33349.0 8253.0
2126 33335.0 8259.0
2127 33347.0 8256.0
2128 33318.0 8253.0
2129 33296.0 8241.0
2130 33287.0 8235.0
2131 33294.0 8229.0
2132 33254.0 8241.0
2133 33299.0 8247.0
2134 33322.0 8253.0
2135 33293.0 8268.0
2136 33306.0 8229.0
2137 33314.0 8259.0
2138 33306.0 8247.0
2139 33342.0 8268.0
2140 33362.0 8277.0
2141 33385.0 8304.0
2142 33351.0 8304.0
2143 33337.0 8304.0
2144 33320.0 8316.0
2145 33314.0 8325.0
2146 33317.0 8325.0
2147 33285.0 8298.0
2148 33301.0 8277.0
2149 33316.0 8322.0
2150 33312.0 8325.0
2151 33321.0 8331.0
2152 33334.0 8331.0
2153 33323.0 8301.0
2154 33322.0 8328.0
2155 33315.0 8319.0
2156 33344.0 8331.0
2157 33321.0 8334.0
2158 33341.0 8340.0
2159 33300.0 8307.0
2160 33300.0 8277.0
2161 33289.0 8295.0
2162 33279.0 8286.0
2163 33281.0 8289.0
2164 33274.0 8295.0
2165 33307.0 8295.0
2166 33293.0 8295.0
2167 33290.0 8277.0
2168 33274.0 8277.0
2169 33260.0 8289.0
2170 33262.0 8274.0
2171 33241.0 8268.0
2172 33253.0 8265.0
2173 33271.0 8286.0
2174 33273.0 8271.0
2175 33290.0 8268.0
2176 33267.0 8283.0
2177 33267.0 8286.0
2178 33290.0 8292.0
2179 33296.0 8328.0
2180 33277.0 8316.0
2181 33310.0 8334.0
2182 33319.0 8325.0
2183 33331.0 8346.0
2184 33322.0 8358.0
2185 33328.0 8370.0
2186 33341.0 8379.0
2187 33319.0 8364.0
2188 33301.0 8352.0
2189 33269.0 8349.0
2190 33246.0 8328.0
2191 33244.0 8313.0
2192 33271.0 8304.0
2193 33292.0 8313.0
2194 33265.0 8307.0
2195 33265.0 8304.0
2196 33324.0 8310.0
2197 33338.0 8301.0
2198 33326.0 8334.0
2199 33280.0 8319.0
2200 33315.0 8301.0
2201 33304.0 8301.0
2202 33314.0 8298.0
2203 33331.0 8310.0
2204 33337.0 8286.0
2205 33327.0 8277.0
2206 33332.0 8277.0
2207 33355.0 8289.0
2208 33364.0 8313.0
2209 33383.0 8304.0
2210 33393.0 8334.0
2211 33378.0 8334.0
2212 33345.0 8346.0
2213 33376.0 8355.0
2214 33425.0 8379.0
2215 33429.0 8385.0
2216 33440.0 8385.0
2217 33456.0 8385.0
2218 33434.0 8373.0
2219 33425.0 8400.0
2220 33438.0 8376.0
2221 33443.0 8385.0
2222 33451.0 8376.0
2223 33470.0 8376.0
2224 33474.0 8388.0
2225 33487.0 8388.0
2226 33515.0 8418.0
2227 33528.0 8385.0
2228 33466.0 8367.0
2229 33457.0 8379.0
2230 33438.0 8388.0
2231 33448.0 8388.0
2232 33493.0 8397.0
2233 33480.0 8376.0
2234 33458.0 8403.0
2235 33457.0 8397.0
2236 33459.0 8394.0
2237 33446.0 8385.0
2238 33487.0 8382.0
2239 33488.0 8376.0
2240 33463.0 8379.0
2241 33468.0 8412.0
2242 33461.0 8439.0
2243 33473.0 8418.0
2244 33452.0 8409.0
2245 33457.0 8433.0
2246 33418.0 8412.0
2247 33452.0 8376.0
2248 33460.0 8364.0
2249 33474.0 8382.0
2250 33450.0 8400.0
2251 33437.0 8427.0
2252 33442.0 8409.0
2253 33436.0 8424.0
2254 33424.0 8451.0
2255 33434.0 8439.0
2256 33418.0 8424.0
2257 33411.0 8436.0
2258 33403.0 8430.0
2259 33374.0 8418.0
2260 33373.0 8433.0
2261 33400.0 8457.0
2262 33392.0 8469.0
2263 33383.0 8475.0
2264 33359.0 8469.0
2265 33395.0 8484.0
2266 33427.0 8463.0
2267 33420.0 8460.0
2268 33399.0 8436.0
2269 33398.0 8433.0
2270 33396.0 8427.0
2271 33381.0 8442.0
2272 33404.0 8460.0
2273 33413.0 8463.0
2274 33408.0 8490.0
2275 33423.0 8463.0
2276 33420.0 8460.0
2277 33425.0 8478.0
2278 33413.0 8487.0
2279 33430.0 8517.0
2280 33441.0 8502.0
2281 33440.0 8517.0
2282 33450.0 8493.0
2283 33447.0 8499.0
2284 33433.0 8502.0
2285 33438.0 8499.0
2286 33416.0 8487.0
2287 33421.0 8493.0
2288 33427.0 8517.0
2289 33427.0 8520.0
2290 33402.0 8520.0
2291 33381.0 8487.0
2292 33367.0 8493.0
2293 33343.0 8505.0
2294 33356.0 8490.0
2295 33373.0 8493.0
2296 33382.0 8472.0
2297 33384.0 8481.0
2298 33372.0 8460.0
2299 33390.0 8502.0
2300 33416.0 8490.0
2301 33445.0 8490.0
2302 33484.0 8481.0
2303 33483.0 8484.0
2304 33449.0 8487.0
2305 33440.0 8460.0
2306 33454.0 8454.0
2307 33444.0 8436.0
2308 33415.0 8421.0
2309 33411.0 8415.0
2310 33430.0 8418.0
2311 33441.0 8430.0
2312 33469.0 8448.0
2313 33452.0 8433.0
2314 33462.0 8430.0
2315 33437.0 8448.0
2316 33440.0 8460.0
2317 33439.0 8478.0
2318 33439.0 8472.0
2319 33421.0 8472.0
2320 33423.0 8496.0
2321 33377.0 8463.0
2322 33376.0 8442.0
2323 33375.0 8424.0
2324 33362.0 8427.0
2325 33338.0 8439.0
2326 33355.0 8442.0
2327 33368.0 8451.0
2328 33375.0 8454.0
2329 33376.0 8454.0
2330 33368.0 8448.0
2331 33352.0 8460.0
2332 33333.0 8472.0
2333 33356.0 8448.0
2334 33401.0 8433.0
2335 33384.0 8430.0
2336 33386.0 8448.0
2337 33358.0 8439.0
2338 33358.0 8442.0
2339 33359.0 8427.0
2340 33394.0 8454.0
2341 33396.0 8457.0
2342 33401.0 8460.0
2343 33409.0 8466.0
2344 33394.0 8454.0
2345 33383.0 8448.0
2346 33351.0 8436.0
2347 33350.0 8454.0
2348 33356.0 8445.0
2349 33375.0 8424.0
2350 33394.0 8433.0
2351 33400.0 8430.0
2352 33415.0 8442.0
2353 33420.0 8460.0
2354 33382.0 8478.0
2355 33380.0 8481.0
2356 33360.0 8502.0
2357 33392.0 8478.0
2358 33365.0 8499.0
2359 33401.0 8499.0
2360 33443.0 8511.0
2361 33431.0 8520.0
2362 33427.0 8496.0
2363 33426.0 8475.0
2364 33435.0 8493.0
2365 33455.0 8496.0
2366 33451.0 8475.0
2367 33475.0 8475.0
2368 33443.0 8463.0
2369 33411.0 8472.0
2370 33387.0 8463.0
2371 33416.0 8478.0
2372 33429.0 8451.0
2373 33444.0 8454.0
2374 33459.0 8436.0
2375 33457.0 8454.0
2376 33455.0 8436.0
2377 33479.0 8448.0
2378 33476.0 8445.0
2379 33488.0 8445.0
2380 33442.0 8442.0
2381 33450.0 8454.0
2382 33456.0 8457.0
2383 33457.0 8469.0
2384 33490.0 8508.0
2385 33449.0 8502.0
2386 33467.0 8508.0
2387 33484.0 8529.0
2388 33488.0 8526.0
2389 33484.0 8517.0
2390 33509.0 8523.0
2391 33485.0 8511.0
2392 33504.0 8514.0
2393 33461.0 8514.0
2394 33459.0 8490.0
2395 33476.0 8478.0
2396 33449.0 8463.0
2397 33443.0 8463.0
2398 33452.0 8478.0
2399 33432.0 8490.0
2400 33444.0 8499.0
2401 33480.0 8538.0
2402 33465.0 8529.0
2403 33443.0 8535.0
2404 33442.0 8547.0
2405 33430.0 8538.0
2406 33429.0 8541.0
2407 33428.0 8547.0
2408 33445.0 8544.0
2409 33456.0 8523.0
2410 33434.0 8505.0
2411 33407.0 8508.0
2412 33373.0 8514.0
2413 33362.0 8550.0
2414 33375.0 8541.0
2415 33396.0 8511.0
2416 33393.0 8490.0
2417 33388.0 8496.0
2418 33406.0 8511.0
2419 33395.0 8496.0
2420 33359.0 8520.0
2421 33347.0 8493.0
2422 33353.0 8502.0
2423 33344.0 8499.0
2424 33343.0 8508.0
2425 33360.0 8520.0
2426 33340.0 8511.0
2427 33328.0 8490.0
2428 33351.0 8496.0
2429 33338.0 8484.0
2430 33358.0 8499.0
2431 33373.0 8505.0
2432 33365.0 8523.0
2433 33368.0 8502.0
2434 33347.0 8469.0
2435 33350.0 8454.0
2436 33367.0 8433.0
2437 33363.0 8427.0
2438 33356.0 8442.0
2439 33371.0 8451.0
2440 33363.0 8472.0
2441 33354.0 8481.0
2442 33363.0 8499.0
2443 33364.0 8475.0
2444 33385.0 8445.0
2445 33341.0 8472.0
2446 33357.0 8478.0
2447 33341.0 8469.0
2448 33379.0 8490.0
2449 33406.0 8472.0
2450 33415.0 8484.0
2451 33390.0 8493.0
2452 33383.0 8472.0
2453 33395.0 8457.0
2454 33405.0 8466.0
2455 33392.0 8445.0
2456 33397.0 8469.0
2457 33430.0 8475.0
2458 33392.0 8481.0
2459 33403.0 8502.0
2460 33399.0 8469.0
2461 33396.0 8481.0
2462 33402.0 8478.0
2463 33400.0 8457.0
2464 33421.0 8472.0
2465 33445.0 8493.0
2466 33424.0 8496.0
2467 33392.0 8472.0
2468 33368.0 8484.0
2469 33375.0 8463.0
2470 33363.0 8457.0
2471 33337.0 8454.0
2472 33322.0 8481.0
2473 33290.0 8484.0
2474 33261.0 8466.0
2475 33245.0 8442.0
2476 33240.0 8463.0
2477 33266.0 8469.0
2478 33265.0 8481.0
2479 33242.0 8451.0
2480 33264.0 8487.0
2481 33267.0 8493.0
2482 33241.0 8496.0
2483 33258.0 8505.0
2484 33278.0 8514.0
2485 33286.0 8523.0
2486 33320.0 8502.0
2487 33310.0 8490.0
2488 33328.0 8490.0
2489 33325.0 8505.0
2490 33333.0 8550.0
2491 33348.0 8556.0
2492 33364.0 8514.0
2493 33380.0 8514.0
2494 33358.0 8517.0
2495 33386.0 8508.0
2496 33370.0 8526.0
2497 33377.0 8523.0
2498 33373.0 8508.0
2499 33376.0 8529.0
2500 33386.0 8565.0
2501 33399.0 8580.0
2502 33400.0 8598.0
2503 33414.0 8589.0
2504 33409.0 8601.0
2505 33395.0 8601.0
2506 33381.0 8580.0
2507 33385.0 8559.0
2508 33413.0 8577.0
2509 33369.0 8571.0
2510 33367.0 8574.0
2511 33387.0 8565.0
2512 33404.0 8553.0
2513 33412.0 8544.0
2514 33412.0 8571.0
2515 33386.0 8556.0
2516 33370.0 8571.0
2517 33359.0 8559.0
2518 33367.0 8535.0
2519 33369.0 8544.0
2520 33371.0 8580.0
2521 33356.0 8565.0
2522 33349.0 8547.0
2523 33329.0 8568.0
2524 33327.0 8562.0
2525 33325.0 8541.0
2526 33306.0 8529.0
2527 33340.0 8532.0
2528 33359.0 8526.0
2529 33366.0 8538.0
2530 33352.0 8568.0
2531 33354.0 8523.0
2532 33344.0 8541.0
2533 33311.0 8571.0
2534 33291.0 8565.0
2535 33303.0 8526.0
2536 33305.0 8535.0
2537 33251.0 8538.0
2538 33272.0 8538.0
2539 33278.0 8547.0
2540 33294.0 8535.0
2541 33301.0 8547.0
2542 33321.0 8547.0
2543 33325.0 8535.0
2544 33319.0 8544.0
2545 33301.0 8520.0
2546 33293.0 8535.0
2547 33281.0 8538.0
2548 33313.0 8547.0
2549 33325.0 8568.0
2550 33313.0 8589.0
2551 33294.0 8565.0
2552 33287.0 8556.0
2553 33323.0 8571.0
2554 33324.0 8562.0
2555 33307.0 8577.0
2556 33304.0 8580.0
2557 33312.0 8595.0
2558 33300.0 8592.0
2559 33284.0 8568.0
2560 33313.0 8574.0
2561 33319.0 8577.0
2562 33301.0 8562.0
2563 33290.0 8535.0
2564 33241.0 8559.0
2565 33254.0 8568.0
2566 33221.0 8577.0
2567 33231.0 8574.0
2568 33250.0 8598.0
2569 33251.0 8571.0
2570 33267.0 8589.0
2571 33303.0 8616.0
2572 33300.0 8613.0
2573 33294.0 8610.0
2574 33310.0 8607.0
2575 33297.0 8619.0
2576 33281.0 8631.0
2577 33277.0 8640.0
2578 33288.0 8625.0
2579 33310.0 8622.0
2580 33320.0 8625.0
2581 33356.0 8601.0
2582 33346.0 8610.0
2583 33343.0 8604.0
2584 33330.0 8598.0
2585 33351.0 8586.0
2586 33331.0 8589.0
2587 33356.0 8574.0
2588 33327.0 8586.0
2589 33357.0 8613.0
2590 33347.0 8631.0
2591 33329.0 8628.0
2592 33371.0 8634.0
2593 33371.0 8649.0
2594 33377.0 8634.0
2595 33383.0 8610.0
2596 33421.0 8586.0
2597 33454.0 8619.0
2598 33443.0 8607.0
2599 33457.0 8571.0
2600 33432.0 8571.0
2601 33407.0 8559.0
2602 33403.0 8586.0
2603 33391.0 8589.0
2604 33372.0 8580.0
2605 33407.0 8583.0
2606 33400.0 8565.0
2607 33431.0 8571.0
2608 33433.0 8550.0
2609 33417.0 8535.0
2610 33394.0 8544.0
2611 33404.0 8559.0
2612 33412.0 8601.0
2613 33393.0 8595.0
2614 33394.0 8574.0
2615 33390.0 8580.0
2616 33412.0 8571.0
2617 33391.0 8583.0
2618 33434.0 8583.0
2619 33441.0 8571.0
2620 33447.0 8595.0
2621 33448.0 8586.0
2622 33485.0 8586.0
2623 33513.0 8610.0
2624 33505.0 8595.0
2625 33551.0 8616.0
2626 33572.0 8625.0
2627 33574.0 8622.0
2628 33534.0 8595.0
2629 33522.0 8607.0
2630 33530.0 8598.0
2631 33507.0 8604.0
2632 33497.0 8592.0
2633 33482.0 8580.0
2634 33484.0 8589.0
2635 33499.0 8589.0
2636 33542.0 8595.0
2637 33541.0 8598.0
2638 33543.0 8613.0
2639 33570.0 8625.0
2640 33591.0 8640.0
2641 33610.0 8655.0
2642 33603.0 8670.0
2643 33581.0 8691.0
2644 33585.0 8676.0
2645 33637.0 8667.0
2646 33639.0 8679.0
2647 33624.0 8673.0
2648 33599.0 8661.0
2649 33576.0 8625.0
2650 33580.0 8664.0
2651 33562.0 8622.0
2652 33557.0 8592.0
2653 33582.0 8586.0
2654 33569.0 8604.0
2655 33621.0 8628.0
2656 33589.0 8604.0
2657 33600.0 8625.0
2658 33587.0 8637.0
2659 33572.0 8646.0
2660 33529.0 8634.0
2661 33533.0 8619.0
2662 33535.0 8643.0
2663 33554.0 8646.0
2664 33543.0 8637.0
2665 33532.0 8649.0
2666 33543.0 8667.0
2667 33522.0 8667.0
2668 33557.0 8664.0
2669 33558.0 8655.0
2670 33538.0 8658.0
2671 33550.0 8637.0
2672 33533.0 8658.0
2673 33540.0 8658.0
2674 33543.0 8637.0
2675 33525.0 8601.0
2676 33530.0 8604.0
2677 33516.0 8553.0
2678 33494.0 8562.0
2679 33473.0 8565.0
2680 33497.0 8577.0
2681 33478.0 8580.0
2682 33495.0 8586.0
2683 33481.0 8565.0
2684 33479.0 8568.0
2685 33445.0 8568.0
2686 33459.0 8580.0
2687 33456.0 8598.0
2688 33439.0 8586.0
2689 33460.0 8595.0
2690 33455.0 8592.0
2691 33466.0 8616.0
2692 33485.0 8616.0
2693 33520.0 8634.0
2694 33543.0 8610.0
2695 33526.0 8610.0
2696 33519.0 8613.0
2697 33521.0 8631.0
2698 33520.0 8667.0
2699 33535.0 8661.0
2700 33489.0 8649.0
2701 33507.0 8646.0
2702 33478.0 8631.0
2703 33486.0 8637.0
2704 33469.0 8622.0
2705 33459.0 8637.0
2706 33472.0 8634.0
2707 33487.0 8634.0
2708 33467.0 8640.0
2709 33448.0 8628.0
2710 33472.0 8619.0
2711 33443.0 8580.0
2712 33480.0 8610.0
2713 33481.0 8592.0
2714 33503.0 8622.0
2715 33548.0 8631.0
2716 33556.0 8613.0
2717 33575.0 8649.0
2718 33576.0 8634.0
2719 33575.0 8637.0
2720 33536.0 8628.0
2721 33524.0 8628.0
2722 33527.0 8664.0
2723 33508.0 8649.0
2724 33497.0 8637.0
2725 33524.0 8649.0
2726 33544.0 8658.0
2727 33549.0 8670.0
2728 33576.0 8682.0
2729 33533.0 8676.0
2730 33563.0 8670.0
2731 33588.0 8673.0
2732 33584.0 8670.0
2733 33609.0 8658.0
2734 33588.0 8658.0
2735 33551.0 8658.0
2736 33531.0 8637.0
2737 33523.0 8631.0
2738 33547.0 8652.0
2739 33507.0 8643.0
2740 33471.0 8676.0
2741 33464.0 8679.0
2742 33463.0 8670.0
2743 33494.0 8685.0
2744 33518.0 8673.0
2745 33528.0 8658.0
2746 33529.0 8673.0
2747 33520.0 8682.0
2748 33488.0 8679.0
2749 33448.0 8685.0
2750 33427.0 8688.0
2751 33449.0 8700.0
2752 33409.0 8676.0
2753 33392.0 8688.0
2754 33402.0 8688.0
2755 33382.0 8670.0
2756 33392.0 8703.0
2757 33375.0 8694.0
2758 33364.0 8679.0
2759 33348.0 8685.0
2760 33340.0 8667.0
2761 33349.0 8679.0
2762 33375.0 8688.0
2763 33371.0 8709.0
2764 33315.0 8682.0
2765 33337.0 8667.0
2766 33319.0 8661.0
2767 33271.0 8643.0
2768 33301.0 8655.0
2769 33313.0 8652.0
2770 33310.0 8658.0
2771 33319.0 8718.0
2772 33312.0 8700.0
2773 33338.0 8685.0
2774 33320.0 8694.0
2775 33344.0 8706.0
2776 33381.0 8694.0
2777 33370.0 8700.0
2778 33383.0 8676.0
2779 33382.0 8658.0
2780 33381.0 8664.0
2781 33396.0 8664.0
2782 33391.0 8694.0
2783 33388.0 8703.0
2784 33366.0 8709.0
2785 33400.0 8703.0
2786 33393.0 8694.0
2787 33397.0 8703.0
2788 33362.0 8724.0
2789 33396.0 8724.0
2790 33429.0 8715.0
2791 33458.0 8724.0
2792 33460.0 8730.0
2793 33439.0 8715.0
2794 33434.0 8703.0
2795 33470.0 8712.0
2796 33465.0 8709.0
2797 33473.0 8694.0
2798 33463.0 8706.0
2799 33488.0 8727.0
2800 33519.0 8730.0
2801 33492.0 8736.0
2802 33499.0 8724.0
2803 33479.0 8724.0
2804 33448.0 8721.0
2805 33452.0 8721.0
2806 33453.0 8721.0
2807 33467.0 8727.0
2808 33474.0 8745.0
2809 33440.0 8721.0
2810 33447.0 8739.0
2811 33453.0 8745.0
2812 33454.0 8763.0
2813 33487.0 8745.0
2814 33487.0 8754.0
2815 33477.0 8754.0
2816 33438.0 8733.0
2817 33471.0 8724.0
2818 33449.0 8736.0
2819 33445.0 8730.0
2820 33429.0 8736.0
2821 33429.0 8715.0
2822 33392.0 8742.0
2823 33389.0 8751.0
2824 33358.0 8724.0
2825 33384.0 8712.0
2826 33356.0 8706.0
2827 33345.0 8703.0
2828 33313.0 8676.0
2829 33278.0 8664.0
2830 33294.0 8661.0
2831 33314.0 8703.0
2832 33330.0 8682.0
2833 33335.0 8700.0
2834 33315.0 8691.0
2835 33325.0 8691.0
2836 33298.0 8706.0
2837 33318.0 8703.0
2838 33348.0 8700.0
2839 33352.0 8703.0
2840 33364.0 8730.0
2841 33366.0 8703.0
2842 33377.0 8733.0
2843 33355.0 8733.0
2844 33358.0 8712.0
2845 33387.0 8745.0
2846 33400.0 8748.0
2847 33422.0 8784.0
2848 33378.0 8781.0
2849 33363.0 8784.0
2850 33335.0 8790.0
2851 33361.0 8781.0
2852 33368.0 8772.0
2853 33390.0 8769.0
2854 33405.0 8796.0
2855 33421.0 8805.0
2856 33451.0 8823.0
2857 33422.0 8826.0
2858 33422.0 8832.0
2859 33415.0 8826.0
2860 33408.0 8814.0
2861 33426.0 8805.0
2862 33472.0 8802.0
2863 33475.0 8787.0
2864 33489.0 8823.0
2865 33471.0 8814.0
2866 33460.0 8820.0
2867 33426.0 8832.0
2868 33387.0 8778.0
2869 33384.0 8778.0
2870 33368.0 8775.0
2871 33378.0 8760.0
2872 33373.0 8781.0
2873 33374.0 8796.0
2874 33397.0 8805.0
2875 33414.0 8787.0
2876 33423.0 8808.0
2877 33427.0 8802.0
2878 33414.0 8814.0
2879 33424.0 8793.0
2880 33400.0 8757.0
2881 33418.0 8766.0
2882 33422.0 8763.0
2883 33401.0 8757.0
2884 33399.0 8751.0
2885 33378.0 8760.0
2886 33403.0 8751.0
2887 33387.0 8736.0
2888 33396.0 8721.0
2889 33384.0 8727.0
2890 33369.0 8724.0
2891 33355.0 8727.0
2892 33376.0 8742.0
2893 33396.0 8730.0
2894 33396.0 8718.0
2895 33431.0 8733.0
2896 33458.0 8727.0
2897 33465.0 8694.0
2898 33486.0 8682.0
2899 33506.0 8700.0
2900 33512.0 8709.0
2901 33503.0 8724.0
2902 33487.0 8715.0
2903 33471.0 8718.0
2904 33484.0 8727.0
2905 33471.0 8724.0
2906 33471.0 8733.0
2907 33479.0 8763.0
2908 33471.0 8766.0
2909 33471.0 8763.0
2910 33480.0 8778.0
2911 33489.0 8748.0
2912 33492.0 8733.0
2913 33472.0 8739.0
2914 33476.0 8712.0
2915 33489.0 8727.0
2916 33499.0 8730.0
2917 33513.0 8727.0
2918 33492.0 8748.0
2919 33477.0 8760.0
2920 33468.0 8760.0
2921 33455.0 8745.0
2922 33456.0 8778.0
2923 33447.0 8784.0
2924 33445.0 8769.0
2925 33474.0 8748.0
2926 33472.0 8748.0
2927 33461.0 8760.0
2928 33491.0 8766.0
2929 33489.0 8784.0
2930 33478.0 8802.0
2931 33478.0 8796.0
2932 33484.0 8775.0
2933 33485.0 8802.0
2934 33477.0 8820.0
2935 33500.0 8799.0
2936 33530.0 8838.0
2937 33552.0 8844.0
2938 33554.0 8841.0
2939 33570.0 8874.0
2940 33530.0 8868.0
2941 33544.0 8856.0
2942 33536.0 8862.0
2943 33529.0 8847.0
2944 33519.0 8859.0
2945 33533.0 8838.0
2946 33567.0 8835.0
2947 33609.0 8844.0
2948 33603.0 8817.0
2949 33617.0 8811.0
2950 33627.0 8817.0
2951 33633.0 8808.0
2952 33616.0 8787.0
2953 33635.0 8778.0
2954 33637.0 8790.0
2955 33651.0 8799.0
2956 33642.0 8796.0
2957 33631.0 8787.0
2958 33609.0 8769.0
2959 33572.0 8778.0
2960 33529.0 8790.0
2961 33564.0 8787.0
2962 33575.0 8796.0
2963 33566.0 8796.0
2964 33588.0 8802.0
2965 33571.0 8808.0
2966 33566.0 8802.0
2967 33518.0 8820.0
2968 33487.0 8820.0
2969 33462.0 8820.0
2970 33482.0 8817.0
2971 33474.0 8823.0
2972 33473.0 8811.0
2973 33487.0 8799.0
2974 33514.0 8811.0
2975 33546.0 8802.0
2976 33535.0 8799.0
2977 33549.0 8823.0
2978 33548.0 8835.0
2979 33525.0 8829.0
2980 33516.0 8823.0
2981 33504.0 8832.0
2982 33484.0 8832.0
2983 33471.0 8820.0
2984 33454.0 8802.0
2985 33455.0 8805.0
2986 33460.0 8793.0
2987 33438.0 8823.0
2988 33454.0 8820.0
2989 33452.0 8823.0
2990 33474.0 8802.0
2991 33458.0 8787.0
2992 33461.0 8778.0
2993 33483.0 8793.0
2994 33496.0 8814.0
2995 33515.0 8823.0
2996 33516.0 8832.0
2997 33511.0 8835.0
2998 33526.0 8847.0
2999 33537.0 8883.0
3000 33547.0 8883.0
3001 33504.0 8880.0
3002 33485.0 8853.0
3003 33470.0 8856.0
3004 33465.0 8841.0
3005 33443.0 8859.0
3006 33450.0 8874.0
3007 33427.0 8886.0
3008 33443.0 8892.0
3009 33417.0 8898.0
3010 33420.0 8874.0
3011 33432.0 8880.0
3012 33459.0 8871.0
3013 33478.0 8874.0
3014 33461.0 8850.0
3015 33439.0 8871.0
3016 33437.0 8853.0
3017 33433.0 8835.0
3018 33461.0 8847.0
3019 33449.0 8853.0
3020 33458.0 8853.0
3021 33475.0 8838.0
3022 33477.0 8856.0
3023 33494.0 8880.0
3024 33518.0 8871.0
3025 33511.0 8895.0
3026 33518.0 8910.0
3027 33507.0 8874.0
3028 33483.0 8871.0
3029 33480.0 8868.0
3030 33493.0 8874.0
3031 33510.0 8889.0
3032 33493.0 8856.0
3033 33493.0 8865.0
3034 33512.0 8865.0
3035 33525.0 8838.0
3036 33510.0 8826.0
3037 33494.0 8823.0
3038 33492.0 8835.0
3039 33504.0 8862.0
3040 33515.0 8883.0
3041 33525.0 8865.0
3042 33532.0 8856.0
3043 33540.0 8853.0
3044 33526.0 8868.0
3045 33528.0 8856.0
3046 33538.0 8868.0
3047 33511.0 8880.0
3048 33506.0 8889.0
3049 33483.0 8886.0
3050 33477.0 8883.0
3051 33480.0 8895.0
3052 33462.0 8892.0
3053 33454.0 8880.0
3054 33443.0 8847.0
3055 33446.0 8844.0
3056 33454.0 8856.0
3057 33434.0 8829.0
3058 33433.0 8823.0
3059 33423.0 8817.0
3060 33445.0 8838.0
3061 33434.0 8829.0
3062 33458.0 8820.0
3063 33465.0 8814.0
3064 33460.0 8841.0
3065 33458.0 8829.0
3066 33469.0 8817.0
3067 33450.0 8853.0
3068 33447.0 8844.0
3069 33481.0 8844.0
3070 33524.0 8859.0
3071 33543.0 8865.0
3072 33527.0 8859.0
3073 33546.0 8874.0
3074 33534.0 8862.0
3075 33521.0 8853.0
3076 33514.0 8874.0
3077 33506.0 8880.0
3078 33500.0 8862.0
3079 33525.0 8865.0
3080 33518.0 8850.0
3081 33508.0 8844.0
3082 33506.0 8841.0
3083 33509.0 8826.0
3084 33507.0 8835.0
3085 33504.0 8826.0
3086 33516.0 8841.0
3087 33524.0 8859.0
3088 33488.0 8850.0
3089 33463.0 8853.0
3090 33447.0 8856.0
3091 33450.0 8868.0
3092 33481.0 8850.0
3093 33482.0 8832.0
3094 33494.0 8823.0
3095 33504.0 8802.0
3096 33509.0 8814.0
3097 33501.0 8826.0
3098 33512.0 8835.0
3099 33509.0 8847.0
3100 33490.0 8844.0
3101 33483.0 8841.0
3102 33523.0 8853.0
3103 33509.0 8835.0
3104 33513.0 8844.0
3105 33505.0 8844.0
3106 33495.0 8820.0
3107 33481.0 8811.0
3108 33490.0 8811.0
3109 33525.0 8811.0
3110 33510.0 8826.0
3111 33492.0 8826.0
3112 33500.0 8811.0
3113 33512.0 8835.0
3114 33522.0 8844.0
3115 33535.0 8850.0
3116 33533.0 8868.0
3117 33518.0 8856.0
3118 33551.0 8853.0
3119 33553.0 8871.0
3120 33555.0 8868.0
3121 33566.0 8883.0
3122 33566.0 8883.0
3123 33561.0 8877.0
3124 33610.0 8898.0
3125 33621.0 8907.0
3126 33604.0 8898.0
3127 33585.0 8925.0
3128 33595.0 8922.0
3129 33588.0 8928.0
3130 33581.0 8934.0
3131 33550.0 8937.0
3132 33541.0 8937.0
3133 33514.0 8931.0
3134 33476.0 8922.0
3135 33455.0 8880.0
3136 33465.0 8898.0
3137 33465.0 8913.0
3138 33452.0 8901.0
3139 33436.0 8916.0
3140 33469.0 8901.0
3141 33493.0 8913.0
3142 33469.0 8919.0
3143 33480.0 8910.0
3144 33518.0 8949.0
3145 33495.0 8961.0
3146 33477.0 8973.0
3147 33484.0 9009.0
3148 33466.0 9009.0
3149 33459.0 8985.0
3150 33449.0 8952.0
3151 33478.0 8961.0
3152 33448.0 8970.0
3153 33445.0 8955.0
3154 33470.0 8979.0
3155 33470.0 8970.0
3156 33470.0 8958.0
3157 33471.0 8970.0
3158 33472.0 8967.0
3159 33440.0 8946.0
3160 33419.0 8907.0
3161 33410.0 8910.0
3162 33419.0 8940.0
3163 33397.0 8940.0
3164 33388.0 8928.0
3165 33422.0 8925.0
3166 33430.0 8937.0
3167 33415.0 8961.0
3168 33422.0 8955.0
3169 33451.0 8955.0
3170 33413.0 8955.0
3171 33445.0 8979.0
3172 33435.0 9018.0
3173 33444.0 8997.0
3174 33474.0 8982.0
3175 33434.0 8985.0
3176 33456.0 9012.0
3177 33457.0 9009.0
3178 33442.0 9021.0
3179 33439.0 9030.0
3180 33424.0 9015.0
3181 33446.0 9024.0
3182 33426.0 9012.0
3183 33422.0 9024.0
3184 33446.0 9033.0
3185 33485.0 9015.0
3186 33514.0 9018.0
3187 33531.0 9006.0
3188 33526.0 9018.0
3189 33560.0 9021.0
3190 33541.0 8967.0
3191 33516.0 8961.0
3192 33491.0 8937.0
3193 33476.0 8919.0
3194 33504.0 8943.0
3195 33494.0 8964.0
3196 33519.0 8949.0
3197 33529.0 8973.0
3198 33536.0 8973.0
3199 33507.0 8994.0
3200 33507.0 8964.0
3201 33514.0 8955.0
3202 33540.0 8952.0
3203 33545.0 8931.0
3204 33540.0 8919.0
3205 33548.0 8937.0
3206 33555.0 8925.0
3207 33558.0 8901.0
3208 33561.0 8943.0
3209 33573.0 8934.0
3210 33617.0 8952.0
3211 33650.0 8964.0
3212 33650.0 8985.0
3213 33629.0 8979.0
3214 33651.0 8973.0
3215 33668.0 8952.0
3216 33654.0 8946.0
3217 33634.0 8955.0
3218 33636.0 8964.0
3219 33642.0 8937.0
3220 33666.0 8952.0
3221 33622.0 8940.0
3222 33591.0 8919.0
3223 33567.0 8871.0
3224 33612.0 8883.0
3225 33595.0 8871.0
3226 33612.0 8889.0
3227 33578.0 8847.0
3228 33599.0 8856.0
3229 33587.0 8868.0
3230 33586.0 8868.0
3231 33568.0 8859.0
3232 33573.0 8871.0
3233 33573.0 8868.0
3234 33590.0 8877.0
3235 33579.0 8862.0
3236 33574.0 8853.0
3237 33584.0 8853.0
3238 33641.0 8862.0
3239 33645.0 8856.0
3240 33646.0 8874.0
3241 33631.0 8859.0
3242 33629.0 8886.0
3243 33630.0 8892.0
3244 33646.0 8916.0
3245 33658.0 8922.0
3246 33680.0 8916.0
3247 33675.0 8931.0
3248 33635.0 8937.0
3249 33646.0 8955.0
3250 33624.0 8940.0
3251 33631.0 8928.0
3252 33612.0 8934.0
3253 33647.0 8943.0
3254 33630.0 8940.0
3255 33593.0 8949.0
3256 33580.0 8946.0
3257 33614.0 8961.0
3258 33596.0 8934.0
3259 33583.0 8919.0
3260 33590.0 8919.0
3261 33623.0 8904.0
3262 33612.0 8889.0
3263 33592.0 8907.0
3264 33588.0 8883.0
3265 33534.0 8877.0
3266 33552.0 8880.0
3267 33564.0 8877.0
3268 33563.0 8871.0
3269 33563.0 8862.0
3270 33568.0 8856.0
3271 33583.0 8889.0
3272 33578.0 8889.0
3273 33589.0 8904.0
3274 33628.0 8910.0
3275 33615.0 8931.0
3276 33625.0 8922.0
3277 33588.0 8922.0
3278 33592.0 8934.0
3279 33585.0 8943.0
3280 33544.0 8934.0
3281 33543.0 8964.0
3282 33511.0 8937.0
3283 33524.0 8925.0
3284 33530.0 8937.0
3285 33514.0 8919.0
3286 33488.0 8904.0
3287 33481.0 8934.0
3288 33480.0 8952.0
3289 33474.0 8964.0
3290 33465.0 8961.0
3291 33459.0 8943.0
3292 33483.0 8946.0
3293 33476.0 8952.0
3294 33454.0 8958.0
3295 33455.0 8958.0
3296 33490.0 8949.0
3297 33463.0 8940.0
3298 33439.0 8919.0
3299 33422.0 8910.0
3300 33409.0 8883.0
3301 33396.0 8883.0
3302 33381.0 8880.0
3303 33396.0 8904.0
3304 33412.0 8910.0
3305 33393.0 8916.0
3306 33420.0 8919.0
3307 33430.0 8928.0
3308 33442.0 8889.0
3309 33464.0 8886.0
3310 33441.0 8886.0
3311 33468.0 8895.0
3312 33493.0 8910.0
3313 33503.0 8913.0
3314 33468.0 8868.0
3315 33483.0 8838.0
3316 33498.0 8871.0
3317 33527.0 8856.0
3318 33550.0 8841.0
3319 33553.0 8856.0
3320 33547.0 8856.0
3321 33587.0 8850.0
3322 33623.0 8856.0
3323 33630.0 8874.0
3324 33637.0 8856.0
3325 33631.0 8853.0
3326 33638.0 8841.0
3327 33666.0 8856.0
3328 33650.0 8850.0
3329 33660.0 8847.0
3330 33674.0 8871.0
3331 33672.0 8871.0
3332 33687.0 8856.0
3333 33651.0 8859.0
3334 33630.0 8841.0
3335 33630.0 8814.0
3336 33618.0 8835.0
3337 33581.0 8820.0
3338 33559.0 8811.0
3339 33567.0 8796.0
3340 33578.0 8805.0
3341 33589.0 8808.0
3342 33579.0 8817.0
3343 33573.0 8826.0
3344 33573.0 8811.0
3345 33535.0 8856.0
3346 33520.0 8856.0
3347 33534.0 8862.0
3348 33541.0 8850.0
3349 33512.0 8838.0
3350 33504.0 8838.0
3351 33513.0 8853.0
3352 33499.0 8835.0
3353 33499.0 8844.0
3354 33506.0 8868.0
3355 33494.0 8877.0
3356 33518.0 8880.0
3357 33535.0 8880.0
3358 33536.0 8892.0
3359 33529.0 8868.0
3360 33564.0 8892.0
3361 33566.0 8880.0
3362 33621.0 8877.0
3363 33651.0 8871.0
3364 33639.0 8868.0
3365 33651.0 8862.0
3366 33618.0 8865.0
3367 33614.0 8886.0
3368 33605.0 8904.0
3369 33605.0 8901.0
3370 33595.0 8913.0
3371 33588.0 8910.0
3372 33591.0 8868.0
3373 33564.0 8835.0
3374 33591.0 8862.0
3375 33595.0 8856.0
3376 33591.0 8877.0
3377 33573.0 8877.0
3378 33605.0 8919.0
3379 33616.0 8913.0
3380 33604.0 8916.0
3381 33610.0 8928.0
3382 33576.0 8946.0
3383 33585.0 8949.0
3384 33576.0 8946.0
3385 33558.0 8925.0
3386 33575.0 8901.0
3387 33564.0 8880.0
3388 33548.0 8871.0
3389 33586.0 8880.0
3390 33593.0 8889.0
3391 33594.0 8871.0
3392 33570.0 8880.0
3393 33562.0 8892.0
3394 33555.0 8868.0
3395 33626.0 8859.0
3396 33599.0 8859.0
3397 33607.0 8865.0
3398 33591.0 8859.0
3399 33570.0 8874.0
3400 33567.0 8883.0
3401 33538.0 8874.0
3402 33536.0 8865.0
3403 33521.0 8844.0
3404 33489.0 8841.0
3405 33491.0 8835.0
3406 33510.0 8856.0
3407 33463.0 8856.0
3408 33460.0 8859.0
3409 33492.0 8874.0
3410 33488.0 8877.0
3411 33497.0 8901.0
3412 33493.0 8919.0
3413 33474.0 8931.0
3414 33468.0 8946.0
3415 33447.0 8913.0
3416 33462.0 8898.0
3417 33476.0 8904.0
3418 33460.0 8889.0
3419 33482.0 8910.0
3420 33486.0 8898.0
3421 33451.0 8880.0
3422 33420.0 8886.0
3423 33431.0 8862.0
3424 33440.0 8892.0
3425 33429.0 8883.0
3426 33439.0 8871.0
3427 33450.0 8874.0
3428 33452.0 8886.0
3429 33465.0 8877.0
3430 33469.0 8877.0
3431 33459.0 8850.0
3432 33498.0 8841.0
3433 33512.0 8838.0
3434 33497.0 8847.0
3435 33506.0 8883.0
3436 33527.0 8859.0
3437 33518.0 8850.0
3438 33541.0 8853.0
3439 33541.0 8844.0
3440 33544.0 8841.0
3441 33525.0 8823.0
3442 33525.0 8814.0
3443 33510.0 8775.0
3444 33486.0 8790.0
3445 33442.0 8808.0
3446 33443.0 8823.0
3447 33441.0 8811.0
3448 33432.0 8835.0
3449 33460.0 8841.0
3450 33466.0 8838.0
3451 33476.0 8859.0
3452 33448.0 8853.0
3453 33467.0 8850.0
3454 33464.0 8835.0
3455 33453.0 8808.0
3456 33451.0 8820.0
3457 33405.0 8820.0
3458 33416.0 8805.0
3459 33391.0 8757.0
3460 33378.0 8766.0
3461 33361.0 8784.0
3462 33361.0 8754.0
3463 33407.0 8787.0
3464 33443.0 8805.0
3465 33401.0 8793.0
3466 33390.0 8778.0
3467 33389.0 8799.0
3468 33420.0 8841.0
3469 33453.0 8838.0
3470 33439.0 8838.0
3471 33446.0 8856.0
3472 33446.0 8859.0
3473 33429.0 8853.0
3474 33435.0 8829.0
3475 33440.0 8862.0
3476 33422.0 8856.0
3477 33433.0 8865.0
3478 33424.0 8874.0
3479 33381.0 8874.0
3480 33414.0 8889.0
3481 33430.0 8916.0
3482 33414.0 8895.0
3483 33424.0 8883.0
3484 33439.0 8850.0
3485 33431.0 8853.0
3486 33439.0 8841.0
3487 33423.0 8850.0
3488 33430.0 8868.0
3489 33418.0 8877.0
3490 33396.0 8868.0
3491 33387.0 8856.0
3492 33446.0 8862.0
3493 33466.0 8883.0
3494 33442.0 8898.0
3495 33417.0 8898.0
3496 33413.0 8919.0
3497 33411.0 8907.0
3498 33460.0 8919.0
3499 33461.0 8904.0
3500 33470.0 8883.0
3501 33478.0 8865.0
3502 33515.0 8865.0
3503 33521.0 8844.0
3504 33517.0 8814.0
3505 33539.0 8841.0
3506 33547.0 8856.0
3507 33553.0 8883.0
3508 33559.0 8895.0
3509 33557.0 8895.0
3510 33545.0 8886.0
3511 33558.0 8883.0
3512 33531.0 8898.0
3513 33560.0 8916.0
3514 33576.0 8940.0
3515 33609.0 8946.0
3516 33605.0 8940.0
3517 33640.0 8925.0
3518 33632.0 8898.0
3519 33637.0 8880.0
3520 33648.0 8880.0
3521 33619.0 8895.0
3522 33621.0 8949.0
3523 33599.0 8937.0
3524 33606.0 8904.0
3525 33638.0 8919.0
3526 33642.0 8907.0
3527 33622.0 8916.0
3528 33616.0 8901.0
3529 33631.0 8883.0
3530 33637.0 8901.0
3531 33633.0 8904.0
3532 33648.0 8907.0
3533 33643.0 8907.0
3534 33647.0 8937.0
3535 33602.0 8949.0
3536 33594.0 8967.0
3537 33572.0 8952.0
3538 33541.0 8910.0
3539 33523.0 8913.0
3540 33521.0 8904.0
3541 33498.0 8907.0
3542 33499.0 8895.0
3543 33519.0 8895.0
3544 33540.0 8877.0
3545 33547.0 8874.0
3546 33545.0 8892.0
3547 33552.0 8925.0
3548 33566.0 8919.0
3549 33542.0 8910.0
3550 33534.0 8907.0
3551 33544.0 8877.0
3552 33523.0 8859.0
3553 33500.0 8874.0
3554 33450.0 8892.0
3555 33435.0 8895.0
3556 33424.0 8880.0
3557 33410.0 8883.0
3558 33373.0 8865.0
3559 33369.0 8868.0
3560 33388.0 8880.0
3561 33416.0 8886.0
3562 33415.0 8925.0
3563 33421.0 8907.0
3564 33414.0 8922.0
3565 33435.0 8925.0
3566 33442.0 8928.0
3567 33469.0 8919.0
3568 33449.0 8919.0
3569 33448.0 8910.0
3570 33461.0 8925.0
3571 33497.0 8925.0
3572 33516.0 8925.0
3573 33521.0 8901.0
3574 33521.0 8892.0
3575 33528.0 8892.0
3576 33536.0 8907.0
3577 33508.0 8901.0
3578 33494.0 8910.0
3579 33489.0 8922.0
3580 33503.0 8910.0
3581 33489.0 8925.0
3582 33515.0 8943.0
3583 33493.0 8946.0
3584 33503.0 8922.0
3585 33526.0 8904.0
3586 33535.0 8904.0
3587 33532.0 8910.0
3588 33534.0 8931.0
3589 33518.0 8934.0
3590 33492.0 8940.0
3591 33471.0 8955.0
3592 33497.0 8922.0
3593 33492.0 8925.0
3594 33499.0 8928.0
3595 33516.0 8916.0
3596 33527.0 8916.0
3597 33530.0 8919.0
3598 33516.0 8916.0
3599 33505.0 8910.0
3600 33527.0 8913.0
3601 33506.0 8916.0
3602 33524.0 8901.0
3603 33519.0 8883.0
3604 33493.0 8907.0
3605 33520.0 8931.0
3606 33539.0 8928.0
3607 33536.0 8934.0
3608 33545.0 8946.0
3609 33512.0 8931.0
3610 33483.0 8916.0
3611 33472.0 8922.0
3612 33486.0 8928.0
3613 33520.0 8946.0
3614 33542.0 8943.0
3615 33530.0 8934.0
3616 33534.0 8943.0
3617 33549.0 8931.0
3618 33554.0 8943.0
3619 33549.0 8937.0
3620 33545.0 8943.0
3621 33548.0 8925.0
3622 33535.0 8934.0
3623 33513.0 8937.0
3624 33491.0 8949.0
3625 33497.0 8946.0
3626 33516.0 8928.0
3627 33496.0 8916.0
3628 33482.0 8910.0
3629 33455.0 8877.0
3630 33431.0 8883.0
3631 33442.0 8865.0
3632 33457.0 8847.0
3633 33448.0 8856.0
3634 33421.0 8853.0
3635 33413.0 8877.0
3636 33404.0 8862.0
3637 33425.0 8880.0
3638 33410.0 8886.0
3639 33403.0 8904.0
3640 33431.0 8919.0
3641 33486.0 8916.0
3642 33460.0 8919.0
3643 33468.0 8904.0
3644 33454.0 8949.0
3645 33467.0 8961.0
3646 33506.0 8967.0
3647 33505.0 8973.0
3648 33499.0 8976.0
3649 33501.0 8991.0
3650 33468.0 9000.0
3651 33435.0 9006.0
3652 33463.0 9015.0
3653 33457.0 9030.0
3654 33467.0 9045.0
3655 33481.0 9033.0
3656 33469.0 9003.0
3657 33468.0 9039.0
3658 33465.0 9048.0
3659 33477.0 9039.0
3660 33472.0 9036.0
3661 33478.0 9054.0
3662 33459.0 9030.0
3663 33432.0 9015.0
3664 33431.0 9036.0
3665 33453.0 9027.0
3666 33480.0 9030.0
3667 33504.0 9021.0
3668 33497.0 9006.0
3669 33481.0 9048.0
3670 33476.0 9054.0
3671 33463.0 9090.0
3672 33428.0 9099.0
3673 33444.0 9102.0
3674 33450.0 9072.0
3675 33436.0 9084.0
3676 33486.0 9087.0
3677 33479.0 9060.0
3678 33464.0 9042.0
3679 33506.0 9033.0
3680 33517.0 9039.0
3681 33486.0 9021.0
3682 33485.0 9021.0
3683 33488.0 9027.0
3684 33477.0 9024.0
3685 33486.0 9009.0
3686 33482.0 9012.0
3687 33488.0 9018.0
3688 33502.0 9030.0
3689 33517.0 9018.0
3690 33517.0 9045.0
3691 33537.0 9039.0
3692 33563.0 9021.0
3693 33558.0 9012.0
3694 33538.0 8994.0
3695 33531.0 9003.0
3696 33522.0 9021.0
3697 33481.0 8997.0
3698 33492.0 9024.0
3699 33492.0 9042.0
3700 33489.0 9024.0
3701 33474.0 9033.0
3702 33469.0 9009.0
3703 33436.0 9018.0
3704 33457.0 9000.0
3705 33440.0 9012.0
3706 33466.0 9015.0
3707 33476.0 9042.0
3708 33438.0 9060.0
3709 33480.0 9069.0
3710 33483.0 9063.0
3711 33483.0 9063.0
3712 33499.0 9054.0
3713 33489.0 9024.0
3714 33464.0 9027.0
3715 33457.0 9018.0
3716 33473.0 9021.0
3717 33506.0 9006.0
3718 33512.0 9033.0
3719 33536.0 9036.0
3720 33521.0 9039.0
3721 33528.0 9021.0
3722 33522.0 8997.0
3723 33532.0 8991.0
3724 33504.0 9000.0
3725 33525.0 9024.0
3726 33556.0 9030.0
3727 33581.0 9045.0
3728 33590.0 9048.0
3729 33611.0 9039.0
3730 33660.0 9012.0
3731 33649.0 9033.0
3732 33679.0 9048.0
3733 33684.0 9051.0
3734 33686.0 9045.0
3735 33668.0 9054.0
3736 33666.0 9084.0
3737 33645.0 9099.0
3738 33645.0 9075.0
3739 33684.0 9084.0
3740 33676.0 9087.0
3741 33666.0 9078.0
3742 33655.0 9042.0
3743 33640.0 9036.0
3744 33645.0 9033.0
3745 33666.0 9030.0
3746 33690.0 9009.0
3747 33652.0 9021.0
3748 33651.0 9021.0
3749 33637.0 9021.0
3750 33616.0 9018.0
3751 33620.0 9015.0
3752 33600.0 9015.0
3753 33608.0 9018.0
3754 33576.0 9027.0
3755 33598.0 9018.0
3756 33593.0 9015.0
3757 33605.0 9030.0
3758 33596.0 9021.0
3759 33628.0 9015.0
3760 33610.0 8994.0
3761 33611.0 8997.0
3762 33599.0 9012.0
3763 33585.0 9042.0
3764 33618.0 9051.0
3765 33598.0 9045.0
3766 33613.0 9027.0
3767 33617.0 9042.0
3768 33586.0 9051.0
3769 33556.0 9072.0
3770 33538.0 9093.0
3771 33561.0 9075.0
3772 33552.0 9078.0
3773 33550.0 9066.0
3774 33543.0 9042.0
3775 33550.0 9057.0
3776 33564.0 9042.0
3777 33508.0 9012.0
3778 33515.0 9033.0
3779 33505.0 9042.0
3780 33524.0 9054.0
3781 33500.0 9057.0
3782 33498.0 9069.0
3783 33495.0 9114.0
3784 33487.0 9141.0
3785 33473.0 9150.0
3786 33471.0 9150.0
3787 33462.0 9159.0
3788 33435.0 9162.0
3789 33435.0 9186.0
3790 33448.0 9174.0
3791 33429.0 9177.0
3792 33428.0 9153.0
3793 33462.0 9153.0
3794 33478.0 9135.0
3795 33473.0 9138.0
3796 33475.0 9099.0
3797 33525.0 9129.0
3798 33563.0 9120.0
3799 33563.0 9129.0
3800 33545.0 9138.0
3801 33558.0 9144.0
3802 33538.0 9156.0
3803 33547.0 9144.0
3804 33570.0 9153.0
3805 33576.0 9147.0
3806 33558.0 9153.0
3807 33592.0 9138.0
3808 33610.0 9141.0
3809 33636.0 9159.0
3810 33654.0 9156.0
3811 33637.0 9174.0
3812 33630.0 9207.0
3813 33652.0 9189.0
3814 33661.0 9174.0
3815 33650.0 9171.0
3816 33639.0 9195.0
3817 33624.0 9192.0
3818 33641.0 9213.0
3819 33618.0 9213.0
3820 33615.0 9195.0
3821 33618.0 9195.0
3822 33591.0 9180.0
3823 33616.0 9180.0
3824 33581.0 9198.0
3825 33591.0 9168.0
3826 33593.0 9183.0
3827 33598.0 9183.0
3828 33634.0 9189.0
3829 33641.0 9186.0
3830 33664.0 9198.0
3831 33660.0 9201.0
3832 33661.0 9201.0
3833 33629.0 9222.0
3834 33586.0 9210.0
3835 33564.0 9177.0
3836 33585.0 9141.0
3837 33603.0 9144.0
3838 33567.0 9132.0
3839 33546.0 9141.0
3840 33573.0 9138.0
3841 33583.0 9111.0
3842 33590.0 9096.0
3843 33586.0 9105.0
3844 33590.0 9108.0
3845 33577.0 9129.0
3846 33574.0 9111.0
3847 33580.0 9084.0
3848 33589.0 9072.0
3849 33601.0 9048.0
3850 33584.0 9009.0
3851 33578.0 9033.0
3852 33558.0 9045.0
3853 33573.0 9051.0
3854 33596.0 9030.0
3855 33565.0 9042.0
3856 33559.0 9042.0
3857 33551.0 9057.0
3858 33555.0 9048.0
3859 33565.0 9036.0
3860 33584.0 9057.0
3861 33569.0 9045.0
3862 33579.0 9030.0
3863 33578.0 9057.0
3864 33566.0 9078.0
3865 33578.0 9081.0
3866 33560.0 9057.0
3867 33569.0 9027.0
3868 33565.0 9024.0
3869 33536.0 9006.0
3870 33531.0 9006.0
3871 33550.0 9042.0
3872 33557.0 9054.0
3873 33560.0 9066.0
3874 33571.0 9084.0
3875 33607.0 9093.0
3876 33609.0 9087.0
3877 33605.0 9093.0
3878 33573.0 9084.0
3879 33589.0 9072.0
3880 33572.0 9072.0
3881 33555.0 9063.0
3882 33538.0 9069.0
3883 33549.0 9090.0
3884 33553.0 9078.0
3885 33542.0 9075.0
3886 33526.0 9105.0
3887 33552.0 9105.0
3888 33515.0 9114.0
3889 33514.0 9084.0
3890 33526.0 9099.0
3891 33521.0 9078.0
3892 33525.0 9078.0
3893 33555.0 9084.0
3894 33561.0 9129.0
3895 33564.0 9111.0
3896 33573.0 9123.0
3897 33578.0 9117.0
3898 33537.0 9093.0
3899 33547.0 9087.0
3900 33521.0 9072.0
3901 33507.0 9069.0
3902 33533.0 9081.0
3903 33530.0 9066.0
3904 33522.0 9096.0
3905 33536.0 9072.0
3906 33533.0 9078.0
3907 33537.0 9072.0
3908 33521.0 9072.0
3909 33492.0 9060.0
3910 33482.0 9063.0
3911 33513.0 9063.0
3912 33524.0 9081.0
3913 33502.0 9075.0
3914 33469.0 9057.0
3915 33451.0 9060.0
3916 33426.0 9066.0
3917 33416.0 9087.0
3918 33417.0 9099.0
3919 33404.0 9093.0
3920 33401.0 9117.0
3921 33371.0 9108.0
3922 33367.0 9099.0
3923 33348.0 9108.0
3924 33344.0 9108.0
3925 33339.0 9132.0
3926 33361.0 9153.0
3927 33356.0 9087.0
3928 33384.0 9108.0
3929 33368.0 9105.0
3930 33375.0 9096.0
3931 33374.0 9111.0
3932 33403.0 9135.0
3933 33405.0 9120.0
3934 33423.0 9144.0
3935 33409.0 9147.0
3936 33402.0 9153.0
3937 33386.0 9123.0
3938 33387.0 9123.0
3939 33410.0 9162.0
3940 33402.0 9153.0
3941 33403.0 9162.0
3942 33400.0 9147.0
3943 33435.0 9141.0
3944 33448.0 9147.0
3945 33449.0 9141.0
3946 33475.0 9150.0
3947 33487.0 9165.0
3948 33525.0 9156.0
3949 33525.0 9165.0
3950 33486.0 9153.0
3951 33456.0 9129.0
3952 33428.0 9090.0
3953 33439.0 9087.0
3954 33451.0 9093.0
3955 33425.0 9111.0
3956 33453.0 9099.0
3957 33426.0 9117.0
3958 33453.0 9141.0
3959 33481.0 9117.0
3960 33480.0 9102.0
3961 33454.0 9084.0
3962 33443.0 9090.0
3963 33478.0 9132.0
3964 33481.0 9159.0
3965 33492.0 9177.0
3966 33559.0 9165.0
3967 33525.0 9141.0
3968 33542.0 9117.0
3969 33567.0 9120.0
3970 33587.0 9171.0
3971 33580.0 9162.0
3972 33572.0 9162.0
3973 33586.0 9177.0
3974 33592.0 9177.0
3975 33596.0 9189.0
3976 33598.0 9183.0
3977 33597.0 9168.0
3978 33584.0 9177.0
3979 33600.0 9150.0
3980 33602.0 9150.0
3981 33597.0 9189.0
3982 33576.0 9210.0
3983 33567.0 9219.0
3984 33599.0 9240.0
3985 33588.0 9243.0
3986 33574.0 9219.0
3987 33579.0 9207.0
3988 33579.0 9204.0
3989 33559.0 9198.0
3990 33556.0 9207.0
3991 33590.0 9213.0
3992 33625.0 9174.0
3993 33649.0 9186.0
3994 33661.0 9198.0
3995 33655.0 9222.0
3996 33670.0 9210.0
3997 33685.0 9201.0
3998 33691.0 9222.0
3999 33703.0 9228.0
4000 33674.0 9246.0
4001 33685.0 9237.0
4002 33697.0 9222.0
4003 33697.0 9207.0
4004 33730.0 9210.0
4005 33717.0 9177.0
4006 33755.0 9183.0
4007 33723.0 9189.0
4008 33691.0 9174.0
4009 33668.0 9180.0
4010 33695.0 9165.0
4011 33674.0 9150.0
4012 33694.0 9162.0
4013 33744.0 9168.0
4014 33706.0 9174.0
4015 33709.0 9168.0
4016 33710.0 9177.0
4017 33705.0 9192.0
4018 33703.0 9195.0
4019 33704.0 9204.0
4020 33681.0 9210.0
4021 33704.0 9180.0
4022 33728.0 9177.0
4023 33732.0 9180.0
4024 33747.0 9186.0
4025 33755.0 9195.0
4026 33746.0 9183.0
4027 33731.0 9198.0
4028 33781.0 9198.0
4029 33788.0 9213.0
4030 33789.0 9180.0
4031 33787.0 9165.0
4032 33756.0 9177.0
4033 33755.0 9180.0
4034 33742.0 9180.0
4035 33756.0 9207.0
4036 33798.0 9213.0
4037 33770.0 9207.0
4038 33780.0 9201.0
4039 33814.0 9210.0
4040 33798.0 9222.0
4041 33785.0 9219.0
4042 33831.0 9198.0
4043 33787.0 9189.0
4044 33769.0 9171.0
4045 33732.0 9156.0
4046 33724.0 9171.0
4047 33740.0 9156.0
4048 33728.0 9147.0
4049 33743.0 9150.0
4050 33745.0 9147.0
4051 33746.0 9129.0
4052 33748.0 9135.0
4053 33735.0 9129.0
4054 33708.0 9135.0
4055 33693.0 9144.0
4056 33708.0 9168.0
4057 33712.0 9180.0
4058 33741.0 9186.0
4059 33746.0 9180.0
4060 33735.0 9162.0
4061 33756.0 9141.0
4062 33743.0 9156.0
4063 33724.0 9165.0
4064 33743.0 9153.0
4065 33707.0 9153.0
4066 33691.0 9126.0
4067 33664.0 9099.0
4068 33669.0 9096.0
4069 33638.0 9108.0
4070 33636.0 9129.0
4071 33630.0 9120.0
4072 33628.0 9126.0
4073 33628.0 9105.0
4074 33578.0 9096.0
4075 33564.0 9135.0
4076 33525.0 9114.0
4077 33544.0 9093.0
4078 33570.0 9090.0
4079 33547.0 9093.0
4080 33525.0 9096.0
4081 33530.0 9090.0
4082 33521.0 9084.0
4083 33498.0 9090.0
4084 33516.0 9087.0
4085 33488.0 9108.0
4086 33491.0 9117.0
4087 33487.0 9093.0
4088 33496.0 9099.0
4089 33514.0 9147.0
4090 33543.0 9165.0
4091 33561.0 9162.0
4092 33549.0 9180.0
4093 33520.0 9180.0
4094 33521.0 9171.0
4095 33529.0 9159.0
4096 33546.0 9174.0
4097 33539.0 9147.0
4098 33548.0 9132.0
4099 33557.0 9096.0
4100 33554.0 9102.0
4101 33535.0 9105.0
4102 33519.0 9120.0
4103 33521.0 9132.0
4104 33505.0 9138.0
4105 33520.0 9141.0
4106 33495.0 9135.0
4107 33514.0 9132.0
4108 33529.0 9135.0
4109 33533.0 9117.0
4110 33515.0 9138.0
4111 33518.0 9162.0
4112 33509.0 9186.0
4113 33499.0 9171.0
4114 33479.0 9126.0
4115 33452.0 9135.0
4116 33456.0 9132.0
4117 33425.0 9135.0
4118 33429.0 9138.0
4119 33439.0 9150.0
4120 33466.0 9162.0
4121 33438.0 9147.0
4122 33449.0 9132.0
4123 33446.0 9132.0
4124 33425.0 9132.0
4125 33405.0 9129.0
4126 33387.0 9132.0
4127 33399.0 9108.0
4128 33376.0 9126.0
4129 33345.0 9114.0
4130 33346.0 9087.0
4131 33361.0 9090.0
4132 33353.0 9084.0
4133 33320.0 9084.0
4134 33334.0 9078.0
4135 33324.0 9096.0
4136 33347.0 9111.0
4137 33365.0 9090.0
4138 33395.0 9075.0
4139 33385.0 9078.0
4140 33396.0 9081.0
4141 33390.0 9087.0
4142 33416.0 9102.0
4143 33423.0 9075.0
4144 33424.0 9111.0
4145 33429.0 9108.0
4146 33427.0 9099.0
4147 33400.0 9126.0
4148 33382.0 9102.0
4149 33386.0 9093.0
4150 33392.0 9075.0
4151 33377.0 9072.0
4152 33392.0 9102.0
4153 33415.0 9117.0
4154 33411.0 9102.0
4155 33413.0 9114.0
4156 33421.0 9108.0
4157 33394.0 9105.0
4158 33386.0 9102.0
4159 33404.0 9126.0
4160 33436.0 9135.0
4161 33440.0 9135.0
4162 33450.0 9153.0
4163 33478.0 9147.0
4164 33467.0 9144.0
4165 33429.0 9129.0
4166 33427.0 9132.0
4167 33401.0 9129.0
4168 33382.0 9120.0
4169 33384.0 9159.0
4170 33419.0 9132.0
4171 33389.0 9141.0
4172 33404.0 9150.0
4173 33403.0 9141.0
4174 33393.0 9132.0
4175 33397.0 9153.0
4176 33349.0 9144.0
4177 33348.0 9141.0
4178 33314.0 9138.0
4179 33341.0 9162.0
4180 33335.0 9144.0
4181 33325.0 9138.0
4182 33306.0 9141.0
4183 33317.0 9147.0
4184 33326.0 9141.0
4185 33318.0 9156.0
4186 33363.0 9132.0
4187 33335.0 9135.0
4188 33312.0 9114.0
4189 33307.0 9120.0
4190 33294.0 9117.0
4191 33274.0 9114.0
4192 33290.0 9117.0
4193 33313.0 9129.0
4194 33341.0 9138.0
4195 33339.0 9156.0
4196 33338.0 9171.0
4197 33337.0 9171.0
4198 33355.0 9147.0
4199 33341.0 9138.0
4200 33309.0 9126.0
4201 33303.0 9132.0
4202 33303.0 9159.0
4203 33294.0 9126.0
4204 33309.0 9126.0
4205 33348.0 9129.0
4206 33333.0 9156.0
4207 33340.0 9156.0
4208 33325.0 9126.0
4209 33321.0 9114.0
4210 33357.0 9117.0
4211 33340.0 9099.0
4212 33352.0 9096.0
4213 33373.0 9087.0
4214 33401.0 9108.0
4215 33425.0 9108.0
4216 33412.0 9099.0
4217 33439.0 9141.0
4218 33442.0 9120.0
4219 33458.0 9120.0
4220 33457.0 9117.0
4221 33429.0 9120.0
4222 33458.0 9156.0
4223 33456.0 9156.0
4224 33469.0 9129.0
4225 33432.0 9126.0
4226 33398.0 9129.0
4227 33402.0 9123.0
4228 33393.0 9117.0
4229 33397.0 9099.0
4230 33428.0 9096.0
4231 33436.0 9105.0
4232 33476.0 9111.0
4233 33496.0 9099.0
4234 33486.0 9090.0
4235 33485.0 9087.0
4236 33491.0 9084.0
4237 33484.0 9087.0
4238 33464.0 9048.0
4239 33477.0 9060.0
4240 33466.0 9057.0
4241 33466.0 9057.0
4242 33445.0 9081.0
4243 33428.0 9039.0
4244 33450.0 9060.0
4245 33464.0 9051.0
4246 33455.0 9069.0
4247 33466.0 9063.0
4248 33463.0 9078.0
4249 33461.0 9063.0
4250 33464.0 9063.0
4251 33466.0 9057.0
4252 33487.0 9060.0
4253 33503.0 9078.0
4254 33505.0 9075.0
4255 33491.0 9048.0
4256 33495.0 9075.0
4257 33504.0 9057.0
4258 33506.0 9042.0
4259 33488.0 9066.0
4260 33495.0 9060.0
4261 33476.0 9045.0
4262 33492.0 9057.0
4263 33455.0 9075.0
4264 33465.0 9069.0
4265 33449.0 9075.0
4266 33451.0 9060.0
4267 33442.0 9075.0
4268 33455.0 9075.0
4269 33421.0 9078.0
4270 33436.0 9057.0
4271 33431.0 9054.0
4272 33457.0 9057.0
4273 33447.0 9039.0
4274 33469.0 9087.0
4275 33523.0 9096.0
4276 33548.0 9081.0
4277 33571.0 9093.0
4278 33589.0 9099.0
4279 33586.0 9102.0
4280 33619.0 9078.0
4281 33612.0 9102.0
4282 33610.0 9069.0
4283 33584.0 9069.0
4284 33595.0 9072.0
4285 33594.0 9075.0
4286 33592.0 9102.0
4287 33601.0 9093.0
4288 33561.0 9111.0
4289 33522.0 9075.0
4290 33514.0 9075.0
4291 33534.0 9084.0
4292 33538.0 9057.0
4293 33552.0 9066.0
4294 33579.0 9078.0
4295 33554.0 9057.0
4296 33588.0 9084.0
4297 33559.0 9099.0
4298 33589.0 9108.0
4299 33604.0 9081.0
4300 33625.0 9078.0
4301 33605.0 9048.0
4302 33615.0 9066.0
4303 33621.0 9060.0
4304 33624.0 9051.0
4305 33623.0 9048.0
4306 33596.0 9048.0
4307 33603.0 9057.0
4308 33613.0 9030.0
4309 33582.0 9030.0
4310 33565.0 9021.0
4311 33554.0 9012.0
4312 33541.0 9027.0
4313 33559.0 9060.0
4314 33550.0 9036.0
4315 33546.0 9042.0
4316 33549.0 9045.0
4317 33578.0 9045.0
4318 33593.0 9051.0
4319 33595.0 9060.0
4320 33630.0 9066.0
4321 33633.0 9057.0
4322 33605.0 9030.0
4323 33606.0 9054.0
4324 33563.0 9048.0
4325 33552.0 9060.0
4326 33563.0 9054.0
4327 33551.0 9027.0
4328 33574.0 9042.0
4329 33571.0 9042.0
4330 33565.0 9048.0
4331 33532.0 9048.0
4332 33495.0 9030.0
4333 33470.0 9033.0
4334 33489.0 9054.0
4335 33479.0 9018.0
4336 33471.0 9033.0
4337 33494.0 9024.0
4338 33495.0 9066.0
4339 33485.0 9087.0
4340 33466.0 9093.0
4341 33432.0 9093.0
