MCS Area Contacto
0 3880.0 300.0
1 4026.0 339.0
2 4147.0 369.0
3 4272.0 393.0
4 4416.0 420.0
5 4528.0 441.0
6 4657.0 477.0
7 4784.0 513.0
8 4892.0 543.0
9 5002.0 552.0
10 5112.0 576.0
11 5254.0 621.0
12 5391.0 669.0
13 5539.0 702.0
14 5626.0 732.0
15 5754.0 780.0
16 5844.0 804.0
17 5931.0 831.0
18 6045.0 858.0
19 6144.0 897.0
20 6247.0 930.0
21 6346.0 951.0
22 6438.0 984.0
23 6505.0 1023.0
24 6596.0 1047.0
25 6684.0 1068.0
26 6788.0 1089.0
27 6846.0 1110.0
28 6927.0 1122.0
29 6981.0 1125.0
30 7057.0 1143.0
31 7126.0 1176.0
32 7213.0 1185.0
33 7301.0 1224.0
34 7349.0 1239.0
35 7422.0 1254.0
36 7477.0 1269.0
37 7526.0 1302.0
38 7589.0 1317.0
39 7666.0 1353.0
40 7713.0 1371.0
41 7738.0 1389.0
42 7780.0 1410.0
43 7828.0 1425.0
44 7857.0 1425.0
45 7909.0 1455.0
46 7978.0 1467.0
47 8020.0 1491.0
48 8077.0 1542.0
49 8133.0 1551.0
50 8171.0 1563.0
51 8226.0 1590.0
52 8267.0 1584.0
53 8303.0 1578.0
54 8344.0 1602.0
55 8389.0 1626.0
56 8430.0 1650.0
57 8482.0 1665.0
58 8526.0 1680.0
59 8541.0 1689.0
60 8569.0 1704.0
61 8585.0 1716.0
62 8604.0 1737.0
63 8636.0 1737.0
64 8682.0 1761.0
65 8706.0 1776.0
66 8725.0 1797.0
67 8761.0 1803.0
68 8788.0 1812.0
69 8842.0 1845.0
70 8862.0 1827.0
71 8916.0 1836.0
72 8947.0 1839.0
73 8959.0 1851.0
74 8983.0 1854.0
75 9004.0 1857.0
76 9019.0 1863.0
77 9038.0 1866.0
78 9036.0 1893.0
79 9033.0 1893.0
80 9057.0 1887.0
81 9046.0 1887.0
82 9056.0 1905.0
83 9065.0 1908.0
84 9097.0 1935.0
85 9110.0 1926.0
86 9126.0 1932.0
87 9154.0 1941.0
88 9166.0 1959.0
89 9192.0 1974.0
90 9209.0 1989.0
91 9221.0 1998.0
92 9230.0 2007.0
93 9255.0 2019.0
94 9271.0 2022.0
95 9323.0 2049.0
96 9326.0 2046.0
97 9335.0 2040.0
98 9349.0 2034.0
99 9396.0 2049.0
100 9418.0 2046.0
101 9444.0 2046.0
102 9451.0 2064.0
103 9442.0 2073.0
104 9471.0 2100.0
105 9501.0 2103.0
106 9470.0 2094.0
107 9476.0 2121.0
108 9493.0 2136.0
109 9503.0 2142.0
110 9499.0 2136.0
111 9523.0 2157.0
112 9533.0 2163.0
113 9539.0 2178.0
114 9552.0 2160.0
115 9569.0 2163.0
116 9568.0 2178.0
117 9590.0 2187.0
118 9600.0 2184.0
119 9606.0 2205.0
120 9622.0 2199.0
121 9628.0 2217.0
122 9623.0 2220.0
123 9637.0 2211.0
124 9654.0 2226.0
125 9687.0 2247.0
126 9701.0 2244.0
127 9689.0 2250.0
128 9693.0 2247.0
129 9686.0 2271.0
130 9684.0 2262.0
131 9681.0 2271.0
132 9659.0 2250.0
133 9654.0 2262.0
134 9664.0 2283.0
135 9673.0 2295.0
136 9695.0 2298.0
137 9711.0 2295.0
138 9733.0 2307.0
139 9723.0 2301.0
140 9735.0 2307.0
141 9713.0 2322.0
142 9708.0 2322.0
143 9716.0 2340.0
144 9710.0 2328.0
145 9734.0 2328.0
146 9726.0 2316.0
147 9746.0 2316.0
148 9757.0 2325.0
149 9733.0 2325.0
150 9739.0 2331.0
151 9734.0 2319.0
152 9756.0 2331.0
153 9780.0 2346.0
154 9772.0 2349.0
155 9779.0 2352.0
156 9771.0 2355.0
157 9767.0 2379.0
158 9750.0 2373.0
159 9748.0 2394.0
160 9753.0 2385.0
161 9737.0 2388.0
162 9737.0 2385.0
163 9738.0 2370.0
164 9737.0 2385.0
165 9737.0 2385.0
166 9738.0 2376.0
167 9740.0 2388.0
168 9729.0 2382.0
169 9708.0 2373.0
170 9704.0 2370.0
171 9726.0 2364.0
172 9704.0 2361.0
173 9701.0 2370.0
174 9690.0 2370.0
175 9701.0 2391.0
176 9695.0 2406.0
177 9675.0 2400.0
178 9687.0 2391.0
179 9702.0 2400.0
180 9732.0 2409.0
181 9730.0 2418.0
182 9745.0 2415.0
183 9735.0 2403.0
184 9740.0 2412.0
185 9736.0 2409.0
186 9752.0 2427.0
187 9725.0 2415.0
188 9739.0 2418.0
189 9757.0 2415.0
190 9755.0 2415.0
191 9771.0 2436.0
192 9766.0 2445.0
193 9798.0 2460.0
194 9826.0 2448.0
195 9834.0 2442.0
196 9832.0 2448.0
197 9857.0 2457.0
198 9863.0 2457.0
199 9858.0 2463.0
200 9868.0 2466.0
201 9868.0 2484.0
202 9855.0 2502.0
203 9851.0 2493.0
204 9830.0 2481.0
205 9818.0 2496.0
206 9805.0 2484.0
207 9793.0 2475.0
208 9785.0 2475.0
209 9821.0 2490.0
210 9815.0 2499.0
211 9830.0 2484.0
212 9821.0 2493.0
213 9831.0 2472.0
214 9823.0 2457.0
215 9811.0 2463.0
216 9810.0 2469.0
217 9813.0 2472.0
218 9816.0 2493.0
219 9831.0 2499.0
220 9821.0 2514.0
221 9816.0 2502.0
222 9800.0 2484.0
223 9797.0 2475.0
224 9791.0 2481.0
225 9804.0 2508.0
226 9797.0 2508.0
227 9789.0 2505.0
228 9805.0 2505.0
229 9800.0 2502.0
230 9787.0 2514.0
231 9778.0 2499.0
232 9763.0 2511.0
233 9774.0 2508.0
234 9774.0 2535.0
235 9793.0 2526.0
236 9787.0 2523.0
237 9793.0 2526.0
238 9784.0 2517.0
239 9799.0 2514.0
240 9814.0 2508.0
241 9795.0 2511.0
242 9810.0 2520.0
243 9822.0 2526.0
244 9819.0 2517.0
245 9829.0 2538.0
246 9822.0 2553.0
247 9830.0 2553.0
248 9825.0 2547.0
249 9852.0 2565.0
250 9853.0 2568.0
251 9841.0 2556.0
252 9841.0 2571.0
253 9859.0 2589.0
254 9864.0 2568.0
255 9880.0 2589.0
256 9891.0 2589.0
257 9872.0 2598.0
258 9870.0 2598.0
259 9846.0 2589.0
260 9844.0 2580.0
261 9825.0 2583.0
262 9840.0 2583.0
263 9816.0 2604.0
264 9814.0 2577.0
265 9821.0 2577.0
266 9826.0 2577.0
267 9833.0 2580.0
268 9852.0 2589.0
269 9850.0 2598.0
270 9866.0 2616.0
271 9883.0 2643.0
272 9880.0 2646.0
273 9857.0 2649.0
274 9887.0 2646.0
275 9884.0 2652.0
276 9862.0 2643.0
277 9844.0 2637.0
278 9838.0 2649.0
279 9835.0 2640.0
280 9833.0 2646.0
281 9859.0 2664.0
282 9877.0 2676.0
283 9838.0 2661.0
284 9838.0 2688.0
285 9830.0 2688.0
286 9824.0 2697.0
287 9816.0 2685.0
288 9838.0 2685.0
289 9828.0 2694.0
290 9833.0 2682.0
291 9839.0 2667.0
292 9833.0 2664.0
293 9846.0 2652.0
294 9828.0 2661.0
295 9804.0 2646.0
296 9804.0 2646.0
297 9800.0 2634.0
298 9787.0 2634.0
299 9805.0 2649.0
300 9799.0 2667.0
301 9796.0 2667.0
302 9777.0 2658.0
303 9769.0 2643.0
304 9767.0 2667.0
305 9787.0 2703.0
306 9795.0 2697.0
307 9778.0 2676.0
308 9767.0 2682.0
309 9773.0 2670.0
310 9763.0 2670.0
311 9760.0 2679.0
312 9747.0 2688.0
313 9727.0 2682.0
314 9727.0 2691.0
315 9736.0 2718.0
316 9758.0 2742.0
317 9789.0 2763.0
318 9801.0 2760.0
319 9818.0 2766.0
320 9825.0 2769.0
321 9823.0 2766.0
322 9823.0 2775.0
323 9801.0 2754.0
324 9807.0 2757.0
325 9809.0 2772.0
326 9816.0 2772.0
327 9795.0 2757.0
328 9768.0 2757.0
329 9768.0 2754.0
330 9776.0 2763.0
331 9760.0 2763.0
332 9740.0 2757.0
333 9758.0 2739.0
334 9758.0 2730.0
335 9752.0 2724.0
336 9758.0 2727.0
337 9774.0 2736.0
338 9788.0 2733.0
339 9804.0 2742.0
340 9787.0 2760.0
341 9778.0 2781.0
342 9784.0 2775.0
343 9771.0 2772.0
344 9751.0 2748.0
345 9745.0 2745.0
346 9749.0 2763.0
347 9745.0 2736.0
348 9734.0 2748.0
349 9701.0 2751.0
350 9691.0 2745.0
351 9685.0 2751.0
352 9697.0 2760.0
353 9709.0 2787.0
354 9713.0 2790.0
355 9707.0 2760.0
356 9709.0 2772.0
357 9728.0 2793.0
358 9733.0 2811.0
359 9720.0 2796.0
360 9722.0 2790.0
361 9734.0 2799.0
362 9749.0 2820.0
363 9720.0 2817.0
364 9720.0 2811.0
365 9724.0 2817.0
366 9715.0 2823.0
367 9713.0 2811.0
368 9705.0 2814.0
369 9735.0 2826.0
370 9760.0 2841.0
371 9739.0 2823.0
372 9750.0 2808.0
373 9747.0 2817.0
374 9740.0 2841.0
375 9729.0 2835.0
376 9747.0 2844.0
377 9748.0 2850.0
378 9741.0 2856.0
379 9742.0 2859.0
380 9737.0 2850.0
381 9735.0 2853.0
382 9737.0 2868.0
383 9734.0 2862.0
384 9752.0 2859.0
385 9762.0 2862.0
386 9746.0 2865.0
387 9750.0 2868.0
388 9767.0 2874.0
389 9787.0 2886.0
390 9765.0 2895.0
391 9755.0 2889.0
392 9768.0 2889.0
393 9789.0 2889.0
394 9770.0 2877.0
395 9766.0 2862.0
396 9790.0 2874.0
397 9785.0 2874.0
398 9773.0 2880.0
399 9768.0 2883.0
400 9794.0 2901.0
401 9797.0 2922.0
402 9811.0 2910.0
403 9798.0 2904.0
404 9772.0 2916.0
405 9778.0 2925.0
406 9771.0 2931.0
407 9771.0 2910.0
408 9770.0 2925.0
409 9787.0 2952.0
410 9797.0 2958.0
411 9770.0 2973.0
412 9778.0 2964.0
413 9775.0 2961.0
414 9791.0 2952.0
415 9797.0 2964.0
416 9796.0 2982.0
417 9796.0 2958.0
418 9807.0 2955.0
419 9811.0 2976.0
420 9784.0 2943.0
421 9787.0 2922.0
422 9805.0 2925.0
423 9802.0 2919.0
424 9811.0 2931.0
425 9827.0 2934.0
426 9838.0 2940.0
427 9862.0 2937.0
428 9841.0 2934.0
429 9855.0 2955.0
430 9845.0 2940.0
431 9841.0 2958.0
432 9846.0 2982.0
433 9838.0 2991.0
434 9831.0 3000.0
435 9840.0 3009.0
436 9841.0 2988.0
437 9838.0 2976.0
438 9850.0 2979.0
439 9852.0 2988.0
440 9858.0 3000.0
441 9850.0 3012.0
442 9843.0 3012.0
443 9823.0 3006.0
444 9818.0 3006.0
445 9803.0 3021.0
446 9780.0 3003.0
447 9774.0 2997.0
448 9774.0 3024.0
449 9795.0 3015.0
450 9807.0 3021.0
451 9771.0 3027.0
452 9779.0 3039.0
453 9784.0 3039.0
454 9773.0 3039.0
455 9767.0 3039.0
456 9756.0 3039.0
457 9761.0 3018.0
458 9766.0 3030.0
459 9763.0 3039.0
460 9772.0 3045.0
461 9769.0 3045.0
462 9789.0 3048.0
463 9796.0 3045.0
464 9827.0 3021.0
465 9826.0 3012.0
466 9836.0 3033.0
467 9817.0 3018.0
468 9809.0 3012.0
469 9812.0 3021.0
470 9812.0 3033.0
471 9816.0 3039.0
472 9805.0 3024.0
473 9819.0 3042.0
474 9831.0 3042.0
475 9823.0 3045.0
476 9815.0 3057.0
477 9800.0 3063.0
478 9801.0 3051.0
479 9798.0 3075.0
480 9794.0 3093.0
481 9786.0 3090.0
482 9778.0 3093.0
483 9793.0 3075.0
484 9774.0 3078.0
485 9766.0 3057.0
486 9762.0 3051.0
487 9738.0 3042.0
488 9734.0 3033.0
489 9736.0 3051.0
490 9734.0 3042.0
491 9743.0 3042.0
492 9761.0 3042.0
493 9755.0 3015.0
494 9775.0 3003.0
495 9766.0 2997.0
496 9763.0 2997.0
497 9766.0 3000.0
498 9765.0 3018.0
499 9765.0 3012.0
500 9771.0 3024.0
501 9779.0 3015.0
502 9768.0 3027.0
503 9772.0 3030.0
504 9788.0 3027.0
505 9785.0 3033.0
506 9782.0 3027.0
507 9806.0 3045.0
508 9805.0 3045.0
509 9807.0 3063.0
510 9814.0 3072.0
511 9831.0 3075.0
512 9828.0 3072.0
513 9848.0 3075.0
514 9849.0 3048.0
515 9824.0 3018.0
516 9849.0 3000.0
517 9843.0 3027.0
518 9842.0 3042.0
519 9823.0 3045.0
520 9849.0 3045.0
521 9839.0 3066.0
522 9837.0 3069.0
523 9843.0 3087.0
524 9827.0 3072.0
525 9847.0 3078.0
526 9849.0 3081.0
527 9852.0 3093.0
528 9849.0 3069.0
529 9823.0 3072.0
530 9797.0 3075.0
531 9791.0 3066.0
532 9803.0 3051.0
533 9822.0 3060.0
534 9825.0 3063.0
535 9832.0 3054.0
536 9822.0 3042.0
537 9804.0 3045.0
538 9796.0 3042.0
539 9790.0 3033.0
540 9768.0 3033.0
541 9762.0 3039.0
542 9754.0 3036.0
543 9759.0 3054.0
544 9774.0 3063.0
545 9782.0 3072.0
546 9782.0 3069.0
547 9790.0 3090.0
548 9776.0 3099.0
549 9751.0 3084.0
550 9736.0 3096.0
551 9733.0 3081.0
552 9725.0 3081.0
553 9747.0 3105.0
554 9755.0 3111.0
555 9767.0 3129.0
556 9778.0 3135.0
557 9797.0 3147.0
558 9804.0 3156.0
559 9813.0 3147.0
560 9819.0 3162.0
561 9825.0 3159.0
562 9823.0 3156.0
563 9842.0 3141.0
564 9853.0 3159.0
565 9848.0 3159.0
566 9836.0 3171.0
567 9825.0 3162.0
568 9795.0 3177.0
569 9803.0 3174.0
570 9802.0 3177.0
571 9831.0 3195.0
572 9810.0 3192.0
573 9827.0 3192.0
574 9809.0 3192.0
575 9806.0 3192.0
576 9799.0 3195.0
577 9816.0 3195.0
578 9803.0 3177.0
579 9806.0 3174.0
580 9792.0 3159.0
581 9786.0 3159.0
582 9797.0 3159.0
583 9810.0 3165.0
584 9808.0 3186.0
585 9820.0 3204.0
586 9819.0 3183.0
587 9822.0 3168.0
588 9827.0 3150.0
589 9851.0 3144.0
590 9851.0 3168.0
591 9859.0 3165.0
592 9891.0 3165.0
593 9902.0 3162.0
594 9906.0 3186.0
595 9916.0 3225.0
596 9919.0 3222.0
597 9932.0 3243.0
598 9933.0 3261.0
599 9921.0 3249.0
600 9915.0 3240.0
601 9873.0 3234.0
602 9911.0 3258.0
603 9913.0 3252.0
604 9912.0 3237.0
605 9919.0 3255.0
606 9925.0 3237.0
607 9924.0 3246.0
608 9894.0 3252.0
609 9891.0 3243.0
610 9878.0 3234.0
611 9861.0 3237.0
612 9851.0 3228.0
613 9851.0 3219.0
614 9850.0 3219.0
615 9843.0 3213.0
616 9856.0 3210.0
617 9866.0 3219.0
618 9871.0 3207.0
619 9852.0 3195.0
620 9851.0 3225.0
621 9878.0 3234.0
622 9893.0 3252.0
623 9900.0 3258.0
624 9907.0 3267.0
625 9909.0 3273.0
626 9922.0 3285.0
627 9910.0 3282.0
628 9913.0 3294.0
629 9928.0 3306.0
630 9916.0 3297.0
631 9911.0 3294.0
632 9910.0 3291.0
633 9914.0 3285.0
634 9898.0 3282.0
635 9905.0 3276.0
636 9899.0 3303.0
637 9918.0 3315.0
638 9926.0 3306.0
639 9939.0 3324.0
640 9957.0 3324.0
641 9981.0 3333.0
642 9979.0 3333.0
643 9987.0 3327.0
644 10005.0 3327.0
645 10002.0 3336.0
646 10004.0 3339.0
647 9988.0 3351.0
648 9984.0 3369.0
649 9978.0 3375.0
650 9983.0 3363.0
651 9981.0 3363.0
652 9967.0 3372.0
653 9964.0 3363.0
654 9925.0 3339.0
655 9916.0 3348.0
656 9923.0 3351.0
657 9921.0 3348.0
658 9907.0 3330.0
659 9924.0 3333.0
660 9932.0 3351.0
661 9923.0 3348.0
662 9911.0 3357.0
663 9927.0 3354.0
664 9920.0 3348.0
665 9931.0 3369.0
666 9917.0 3375.0
667 9921.0 3381.0
668 9941.0 3387.0
669 9962.0 3381.0
670 9931.0 3378.0
671 9941.0 3363.0
672 9938.0 3360.0
673 9937.0 3360.0
674 9946.0 3372.0
675 9970.0 3381.0
676 9948.0 3375.0
677 9966.0 3366.0
678 9956.0 3363.0
679 9959.0 3360.0
680 9936.0 3384.0
681 9930.0 3405.0
682 9935.0 3420.0
683 9960.0 3423.0
684 9947.0 3420.0
685 9964.0 3426.0
686 9953.0 3408.0
687 9955.0 3411.0
688 9952.0 3387.0
689 9934.0 3393.0
690 9922.0 3399.0
691 9890.0 3399.0
692 9919.0 3396.0
693 9916.0 3405.0
694 9923.0 3426.0
695 9943.0 3432.0
696 9923.0 3435.0
697 9918.0 3456.0
698 9889.0 3426.0
699 9869.0 3414.0
700 9871.0 3402.0
701 9886.0 3414.0
702 9887.0 3417.0
703 9905.0 3408.0
704 9901.0 3414.0
705 9895.0 3432.0
706 9904.0 3450.0
707 9894.0 3465.0
708 9879.0 3456.0
709 9894.0 3465.0
710 9888.0 3435.0
711 9908.0 3432.0
712 9889.0 3420.0
713 9888.0 3432.0
714 9881.0 3420.0
715 9909.0 3405.0
716 9924.0 3420.0
717 9914.0 3426.0
718 9895.0 3411.0
719 9905.0 3414.0
720 9898.0 3411.0
721 9900.0 3423.0
722 9885.0 3420.0
723 9893.0 3420.0
724 9897.0 3429.0
725 9911.0 3432.0
726 9913.0 3432.0
727 9914.0 3423.0
728 9903.0 3444.0
729 9922.0 3459.0
730 9916.0 3462.0
731 9925.0 3459.0
732 9921.0 3450.0
733 9896.0 3450.0
734 9896.0 3462.0
735 9898.0 3471.0
736 9895.0 3474.0
737 9915.0 3474.0
738 9926.0 3462.0
739 9944.0 3468.0
740 9944.0 3480.0
741 9948.0 3477.0
742 9968.0 3504.0
743 9969.0 3513.0
744 9968.0 3510.0
745 9966.0 3537.0
746 9964.0 3552.0
747 9967.0 3558.0
748 9963.0 3558.0
749 9952.0 3546.0
750 9944.0 3528.0
751 9963.0 3513.0
752 9974.0 3513.0
753 9949.0 3501.0
754 9925.0 3516.0
755 9909.0 3513.0
756 9880.0 3507.0
757 9854.0 3522.0
758 9888.0 3528.0
759 9880.0 3534.0
760 9866.0 3540.0
761 9839.0 3561.0
762 9832.0 3561.0
763 9834.0 3543.0
764 9855.0 3531.0
765 9855.0 3519.0
766 9859.0 3528.0
767 9852.0 3528.0
768 9841.0 3525.0
769 9836.0 3525.0
770 9832.0 3528.0
771 9841.0 3516.0
772 9830.0 3507.0
773 9821.0 3507.0
774 9827.0 3513.0
775 9836.0 3504.0
776 9833.0 3510.0
777 9840.0 3516.0
778 9833.0 3519.0
779 9856.0 3522.0
780 9848.0 3519.0
781 9810.0 3513.0
782 9834.0 3513.0
783 9835.0 3510.0
784 9825.0 3498.0
785 9811.0 3477.0
786 9807.0 3492.0
787 9811.0 3501.0
788 9832.0 3510.0
789 9818.0 3513.0
790 9818.0 3525.0
791 9828.0 3513.0
792 9842.0 3489.0
793 9841.0 3477.0
794 9838.0 3480.0
795 9843.0 3483.0
796 9842.0 3483.0
797 9839.0 3498.0
798 9859.0 3501.0
799 9866.0 3504.0
800 9850.0 3522.0
801 9873.0 3522.0
802 9884.0 3537.0
803 9882.0 3555.0
804 9878.0 3531.0
805 9889.0 3534.0
806 9900.0 3546.0
807 9896.0 3537.0
808 9926.0 3546.0
809 9917.0 3537.0
810 9923.0 3531.0
811 9943.0 3531.0
812 9945.0 3534.0
813 9939.0 3531.0
814 9950.0 3540.0
815 9971.0 3570.0
816 9963.0 3561.0
817 9970.0 3540.0
818 9952.0 3534.0
819 9938.0 3525.0
820 9933.0 3528.0
821 9957.0 3522.0
822 9966.0 3552.0
823 9980.0 3552.0
824 9975.0 3576.0
825 9982.0 3570.0
826 9977.0 3561.0
827 9998.0 3582.0
828 9981.0 3582.0
829 9965.0 3561.0
830 9963.0 3567.0
831 9968.0 3606.0
832 9962.0 3603.0
833 9938.0 3594.0
834 9922.0 3570.0
835 9924.0 3588.0
836 9912.0 3606.0
837 9920.0 3585.0
838 9908.0 3558.0
839 9910.0 3579.0
840 9911.0 3549.0
841 9907.0 3558.0
842 9885.0 3540.0
843 9850.0 3537.0
844 9848.0 3528.0
845 9861.0 3534.0
846 9870.0 3528.0
847 9871.0 3531.0
848 9876.0 3552.0
849 9894.0 3543.0
850 9901.0 3546.0
851 9882.0 3522.0
852 9878.0 3531.0
853 9872.0 3540.0
854 9868.0 3519.0
855 9871.0 3516.0
856 9874.0 3546.0
857 9856.0 3525.0
858 9872.0 3522.0
859 9868.0 3525.0
860 9859.0 3540.0
861 9847.0 3540.0
862 9830.0 3522.0
863 9848.0 3543.0
864 9832.0 3522.0
865 9830.0 3510.0
866 9833.0 3528.0
867 9845.0 3537.0
868 9860.0 3546.0
869 9873.0 3534.0
870 9885.0 3528.0
871 9914.0 3519.0
872 9929.0 3525.0
873 9929.0 3498.0
874 9937.0 3495.0
875 9901.0 3477.0
876 9894.0 3495.0
877 9913.0 3495.0
878 9917.0 3489.0
879 9882.0 3513.0
880 9910.0 3525.0
881 9905.0 3540.0
882 9917.0 3555.0
883 9912.0 3558.0
884 9919.0 3561.0
885 9887.0 3543.0
886 9917.0 3561.0
887 9904.0 3546.0
888 9885.0 3540.0
889 9893.0 3531.0
890 9912.0 3555.0
891 9914.0 3552.0
892 9916.0 3564.0
893 9941.0 3579.0
894 9923.0 3582.0
895 9916.0 3582.0
896 9928.0 3597.0
897 9912.0 3576.0
898 9902.0 3573.0
899 9901.0 3570.0
900 9905.0 3564.0
901 9891.0 3552.0
902 9890.0 3564.0
903 9917.0 3546.0
904 9905.0 3540.0
905 9910.0 3549.0
906 9928.0 3558.0
907 9932.0 3543.0
908 9963.0 3561.0
909 9963.0 3558.0
910 9965.0 3555.0
911 9972.0 3537.0
912 9988.0 3549.0
913 9982.0 3555.0
914 9968.0 3540.0
915 9949.0 3546.0
916 9952.0 3543.0
917 9941.0 3537.0
918 9933.0 3519.0
919 9933.0 3480.0
920 9934.0 3480.0
921 9937.0 3468.0
922 9933.0 3459.0
923 9933.0 3471.0
924 9927.0 3456.0
925 9921.0 3459.0
926 9911.0 3474.0
927 9920.0 3471.0
928 9930.0 3486.0
929 9916.0 3477.0
930 9923.0 3471.0
931 9955.0 3492.0
932 9973.0 3489.0
933 9971.0 3477.0
934 9948.0 3483.0
935 9959.0 3495.0
936 9982.0 3486.0
937 10013.0 3492.0
938 10046.0 3495.0
939 10037.0 3504.0
940 10011.0 3501.0
941 10006.0 3471.0
942 9987.0 3468.0
943 9993.0 3492.0
944 9981.0 3495.0
945 9967.0 3501.0
946 9981.0 3507.0
947 9985.0 3489.0
948 9989.0 3480.0
949 9973.0 3486.0
950 9949.0 3486.0
951 9945.0 3489.0
952 9954.0 3489.0
953 9965.0 3501.0
954 9987.0 3531.0
955 9965.0 3561.0
956 9963.0 3567.0
957 9966.0 3555.0
958 9968.0 3552.0
959 9981.0 3564.0
960 9980.0 3570.0
961 9972.0 3597.0
962 9950.0 3570.0
963 9955.0 3555.0
964 9954.0 3558.0
965 9958.0 3567.0
966 9934.0 3561.0
967 9911.0 3546.0
968 9891.0 3543.0
969 9874.0 3564.0
970 9893.0 3570.0
971 9886.0 3582.0
972 9875.0 3576.0
973 9885.0 3576.0
974 9866.0 3558.0
975 9874.0 3537.0
976 9893.0 3540.0
977 9917.0 3570.0
978 9907.0 3582.0
979 9929.0 3609.0
980 9899.0 3621.0
981 9885.0 3621.0
982 9887.0 3597.0
983 9876.0 3600.0
984 9876.0 3594.0
985 9889.0 3591.0
986 9872.0 3582.0
987 9861.0 3573.0
988 9868.0 3600.0
989 9880.0 3603.0
990 9887.0 3615.0
991 9916.0 3621.0
992 9937.0 3636.0
993 9936.0 3633.0
994 9950.0 3627.0
995 9947.0 3609.0
996 9942.0 3588.0
997 9935.0 3570.0
998 9927.0 3564.0
999 9923.0 3558.0
1000 9920.0 3561.0
1001 9958.0 3567.0
1002 9980.0 3576.0
1003 9987.0 3600.0
1004 9972.0 3606.0
1005 9961.0 3612.0
1006 9965.0 3621.0
1007 9933.0 3630.0
1008 9913.0 3642.0
1009 9929.0 3630.0
1010 9930.0 3621.0
1011 9939.0 3642.0
1012 9936.0 3654.0
1013 9932.0 3660.0
1014 9916.0 3651.0
1015 9938.0 3657.0
1016 9928.0 3669.0
1017 9929.0 3666.0
1018 9911.0 3660.0
1019 9891.0 3639.0
1020 9876.0 3642.0
1021 9886.0 3633.0
1022 9897.0 3609.0
1023 9903.0 3615.0
1024 9886.0 3621.0
1025 9877.0 3615.0
1026 9865.0 3636.0
1027 9846.0 3648.0
1028 9835.0 3636.0
1029 9838.0 3627.0
1030 9833.0 3621.0
1031 9827.0 3594.0
1032 9820.0 3588.0
1033 9793.0 3594.0
1034 9789.0 3594.0
1035 9788.0 3591.0
1036 9775.0 3582.0
1037 9761.0 3597.0
1038 9771.0 3582.0
1039 9782.0 3564.0
1040 9779.0 3582.0
1041 9776.0 3585.0
1042 9783.0 3582.0
1043 9802.0 3588.0
1044 9804.0 3594.0
1045 9830.0 3606.0
1046 9836.0 3612.0
1047 9840.0 3591.0
1048 9835.0 3591.0
1049 9831.0 3588.0
1050 9830.0 3600.0
1051 9807.0 3597.0
1052 9787.0 3594.0
1053 9796.0 3597.0
1054 9796.0 3603.0
1055 9780.0 3600.0
1056 9780.0 3588.0
1057 9781.0 3576.0
1058 9788.0 3597.0
1059 9832.0 3627.0
1060 9846.0 3627.0
1061 9877.0 3642.0
1062 9868.0 3630.0
1063 9865.0 3639.0
1064 9871.0 3633.0
1065 9881.0 3630.0
1066 9871.0 3648.0
1067 9892.0 3654.0
1068 9892.0 3660.0
1069 9886.0 3660.0
1070 9907.0 3678.0
1071 9901.0 3663.0
1072 9911.0 3654.0
1073 9908.0 3654.0
1074 9886.0 3651.0
1075 9893.0 3657.0
1076 9896.0 3651.0
1077 9863.0 3627.0
1078 9881.0 3618.0
1079 9907.0 3624.0
1080 9897.0 3615.0
1081 9899.0 3624.0
1082 9904.0 3612.0
1083 9896.0 3609.0
1084 9877.0 3597.0
1085 9894.0 3606.0
1086 9897.0 3597.0
1087 9887.0 3579.0
1088 9888.0 3591.0
1089 9859.0 3591.0
1090 9857.0 3588.0
1091 9834.0 3567.0
1092 9840.0 3561.0
1093 9865.0 3582.0
1094 9872.0 3591.0
1095 9859.0 3579.0
1096 9854.0 3585.0
1097 9855.0 3591.0
1098 9856.0 3585.0
1099 9852.0 3579.0
1100 9855.0 3570.0
1101 9874.0 3576.0
1102 9860.0 3588.0
1103 9876.0 3591.0
1104 9863.0 3588.0
1105 9842.0 3570.0
1106 9858.0 3582.0
1107 9870.0 3558.0
1108 9872.0 3561.0
1109 9855.0 3549.0
1110 9870.0 3543.0
1111 9895.0 3564.0
1112 9908.0 3570.0
1113 9922.0 3579.0
1114 9913.0 3585.0
1115 9905.0 3573.0
1116 9903.0 3570.0
1117 9864.0 3573.0
1118 9874.0 3564.0
1119 9881.0 3573.0
1120 9886.0 3573.0
1121 9899.0 3582.0
1122 9911.0 3582.0
1123 9916.0 3564.0
1124 9934.0 3561.0
1125 9910.0 3564.0
1126 9911.0 3558.0
1127 9904.0 3579.0
1128 9898.0 3600.0
1129 9914.0 3597.0
1130 9909.0 3621.0
1131 9893.0 3606.0
1132 9913.0 3612.0
1133 9903.0 3591.0
1134 9895.0 3582.0
1135 9886.0 3582.0
1136 9915.0 3618.0
1137 9885.0 3594.0
1138 9895.0 3609.0
1139 9887.0 3618.0
1140 9892.0 3615.0
1141 9877.0 3618.0
1142 9871.0 3621.0
1143 9859.0 3627.0
1144 9859.0 3624.0
1145 9884.0 3639.0
1146 9862.0 3618.0
1147 9847.0 3621.0
1148 9870.0 3612.0
1149 9878.0 3612.0
1150 9882.0 3603.0
1151 9877.0 3603.0
1152 9877.0 3606.0
1153 9902.0 3621.0
1154 9894.0 3615.0
1155 9916.0 3615.0
1156 9926.0 3624.0
1157 9906.0 3618.0
1158 9925.0 3633.0
1159 9894.0 3585.0
1160 9903.0 3576.0
1161 9909.0 3585.0
1162 9894.0 3600.0
1163 9923.0 3627.0
1164 9910.0 3612.0
1165 9910.0 3606.0
1166 9918.0 3612.0
1167 9932.0 3618.0
1168 9947.0 3633.0
1169 9951.0 3618.0
1170 9959.0 3633.0
1171 9948.0 3639.0
1172 9957.0 3642.0
1173 9942.0 3645.0
1174 9929.0 3639.0
1175 9905.0 3636.0
1176 9914.0 3630.0
1177 9940.0 3651.0
1178 9941.0 3642.0
1179 9959.0 3651.0
1180 9983.0 3669.0
1181 9995.0 3693.0
1182 10012.0 3726.0
1183 10011.0 3708.0
1184 10007.0 3693.0
1185 9968.0 3681.0
1186 9976.0 3678.0
1187 9968.0 3684.0
1188 9950.0 3672.0
1189 9941.0 3666.0
1190 9954.0 3675.0
1191 9949.0 3681.0
1192 9943.0 3708.0
1193 9949.0 3720.0
1194 9922.0 3714.0
1195 9944.0 3717.0
1196 9930.0 3699.0
1197 9922.0 3660.0
1198 9929.0 3678.0
1199 9915.0 3663.0
1200 9917.0 3663.0
1201 9938.0 3660.0
1202 9938.0 3666.0
1203 9945.0 3669.0
1204 9917.0 3660.0
1205 9931.0 3675.0
1206 9924.0 3693.0
1207 9891.0 3708.0
1208 9898.0 3705.0
1209 9908.0 3714.0
1210 9885.0 3711.0
1211 9875.0 3705.0
1212 9873.0 3696.0
1213 9854.0 3699.0
1214 9857.0 3705.0
1215 9867.0 3720.0
1216 9864.0 3702.0
1217 9868.0 3708.0
1218 9860.0 3690.0
1219 9856.0 3684.0
1220 9863.0 3684.0
1221 9878.0 3678.0
1222 9858.0 3669.0
1223 9909.0 3684.0
1224 9905.0 3681.0
1225 9899.0 3681.0
1226 9907.0 3672.0
1227 9909.0 3666.0
1228 9900.0 3693.0
1229 9919.0 3714.0
1230 9917.0 3711.0
1231 9897.0 3705.0
1232 9903.0 3705.0
1233 9914.0 3729.0
1234 9938.0 3741.0
1235 9947.0 3747.0
1236 9946.0 3756.0
1237 9937.0 3762.0
1238 9941.0 3771.0
1239 9934.0 3786.0
1240 9936.0 3756.0
1241 9903.0 3762.0
1242 9906.0 3762.0
1243 9890.0 3756.0
1244 9898.0 3750.0
1245 9895.0 3765.0
1246 9910.0 3771.0
1247 9946.0 3789.0
1248 9936.0 3774.0
1249 9940.0 3753.0
1250 9956.0 3753.0
1251 9955.0 3738.0
1252 9933.0 3717.0
1253 9917.0 3735.0
1254 9933.0 3726.0
1255 9938.0 3741.0
1256 9940.0 3780.0
1257 9929.0 3786.0
1258 9940.0 3798.0
1259 9923.0 3765.0
1260 9938.0 3756.0
1261 9950.0 3765.0
1262 9963.0 3771.0
1263 9959.0 3759.0
1264 9967.0 3747.0
1265 9989.0 3762.0
1266 9973.0 3747.0
1267 9978.0 3738.0
1268 9962.0 3744.0
1269 9960.0 3744.0
1270 9952.0 3753.0
1271 9963.0 3756.0
1272 9988.0 3786.0
1273 9954.0 3786.0
1274 9944.0 3786.0
1275 9935.0 3777.0
1276 9940.0 3804.0
1277 9940.0 3789.0
1278 9938.0 3765.0
1279 9951.0 3765.0
1280 9955.0 3762.0
1281 9951.0 3750.0
1282 9959.0 3750.0
1283 9979.0 3747.0
1284 9960.0 3753.0
1285 9938.0 3714.0
1286 9924.0 3726.0
1287 9913.0 3705.0
1288 9930.0 3711.0
1289 9953.0 3729.0
1290 9953.0 3723.0
1291 9975.0 3753.0
1292 9971.0 3759.0
1293 9978.0 3747.0
1294 10003.0 3774.0
1295 10003.0 3759.0
1296 10019.0 3759.0
1297 10001.0 3762.0
1298 9995.0 3780.0
1299 9980.0 3774.0
1300 10012.0 3756.0
1301 10005.0 3759.0
1302 9990.0 3762.0
1303 9995.0 3789.0
1304 9993.0 3792.0
1305 9977.0 3786.0
1306 9971.0 3783.0
1307 9955.0 3774.0
1308 9961.0 3780.0
1309 9947.0 3783.0
1310 9940.0 3786.0
1311 9929.0 3816.0
1312 9919.0 3819.0
1313 9910.0 3819.0
1314 9913.0 3828.0
1315 9927.0 3813.0
1316 9929.0 3810.0
1317 9931.0 3807.0
1318 9944.0 3798.0
1319 9949.0 3804.0
1320 9961.0 3798.0
1321 9945.0 3798.0
1322 9939.0 3789.0
1323 9930.0 3810.0
1324 9926.0 3810.0
1325 9923.0 3825.0
1326 9910.0 3792.0
1327 9909.0 3777.0
1328 9932.0 3789.0
1329 9925.0 3792.0
1330 9953.0 3801.0
1331 9953.0 3801.0
1332 9925.0 3819.0
1333 9898.0 3825.0
1334 9901.0 3810.0
1335 9916.0 3813.0
1336 9917.0 3792.0
1337 9935.0 3783.0
1338 9936.0 3795.0
1339 9952.0 3789.0
1340 9964.0 3789.0
1341 9934.0 3780.0
1342 9930.0 3780.0
1343 9937.0 3783.0
1344 9952.0 3783.0
1345 9974.0 3780.0
1346 9987.0 3783.0
1347 9978.0 3798.0
1348 9964.0 3807.0
1349 9963.0 3822.0
1350 9981.0 3816.0
1351 9988.0 3804.0
1352 9976.0 3801.0
1353 9962.0 3786.0
1354 9971.0 3795.0
1355 9955.0 3786.0
1356 9946.0 3783.0
1357 9953.0 3789.0
1358 9944.0 3783.0
1359 9948.0 3789.0
1360 9957.0 3795.0
1361 9949.0 3792.0
1362 9934.0 3780.0
1363 9939.0 3789.0
1364 9919.0 3786.0
1365 9935.0 3789.0
1366 9927.0 3795.0
1367 9930.0 3789.0
1368 9933.0 3774.0
1369 9922.0 3774.0
1370 9934.0 3783.0
1371 9963.0 3789.0
1372 9964.0 3807.0
1373 9946.0 3804.0
1374 9956.0 3798.0
1375 9958.0 3798.0
1376 9967.0 3795.0
1377 9958.0 3783.0
1378 9942.0 3783.0
1379 9915.0 3771.0
1380 9924.0 3753.0
1381 9895.0 3738.0
1382 9881.0 3732.0
1383 9889.0 3741.0
1384 9879.0 3756.0
1385 9905.0 3753.0
1386 9880.0 3759.0
1387 9870.0 3774.0
1388 9868.0 3771.0
1389 9863.0 3774.0
1390 9870.0 3774.0
1391 9871.0 3735.0
1392 9881.0 3747.0
1393 9902.0 3747.0
1394 9881.0 3753.0
1395 9890.0 3768.0
1396 9875.0 3771.0
1397 9880.0 3774.0
1398 9886.0 3771.0
1399 9889.0 3750.0
1400 9877.0 3756.0
1401 9867.0 3759.0
1402 9881.0 3747.0
1403 9873.0 3741.0
1404 9878.0 3729.0
1405 9891.0 3738.0
1406 9918.0 3711.0
1407 9897.0 3708.0
1408 9900.0 3723.0
1409 9929.0 3750.0
1410 9913.0 3738.0
1411 9926.0 3741.0
1412 9929.0 3738.0
1413 9944.0 3777.0
1414 9954.0 3765.0
1415 9948.0 3771.0
1416 9937.0 3771.0
1417 9943.0 3795.0
1418 9929.0 3780.0
1419 9945.0 3801.0
1420 9941.0 3813.0
1421 9970.0 3819.0
1422 9958.0 3816.0
1423 9929.0 3804.0
1424 9970.0 3813.0
1425 9964.0 3789.0
1426 9957.0 3807.0
1427 9934.0 3804.0
1428 9951.0 3816.0
1429 9923.0 3804.0
1430 9903.0 3777.0
1431 9923.0 3765.0
1432 9913.0 3801.0
1433 9884.0 3774.0
1434 9895.0 3771.0
1435 9872.0 3759.0
1436 9872.0 3753.0
1437 9861.0 3771.0
1438 9877.0 3771.0
1439 9886.0 3774.0
1440 9898.0 3768.0
1441 9871.0 3783.0
1442 9876.0 3786.0
1443 9893.0 3804.0
1444 9888.0 3816.0
1445 9878.0 3810.0
1446 9859.0 3807.0
1447 9843.0 3810.0
1448 9827.0 3807.0
1449 9860.0 3822.0
1450 9842.0 3798.0
1451 9860.0 3798.0
1452 9865.0 3789.0
1453 9841.0 3792.0
1454 9851.0 3804.0
1455 9835.0 3804.0
1456 9838.0 3804.0
1457 9851.0 3804.0
1458 9861.0 3795.0
1459 9869.0 3795.0
1460 9857.0 3804.0
1461 9871.0 3816.0
1462 9856.0 3807.0
1463 9847.0 3813.0
1464 9854.0 3816.0
1465 9863.0 3816.0
1466 9883.0 3843.0
1467 9881.0 3828.0
1468 9866.0 3846.0
1469 9879.0 3846.0
1470 9874.0 3825.0
1471 9870.0 3837.0
1472 9878.0 3843.0
1473 9871.0 3846.0
1474 9869.0 3858.0
1475 9888.0 3858.0
1476 9890.0 3864.0
1477 9901.0 3837.0
1478 9889.0 3831.0
1479 9877.0 3825.0
1480 9870.0 3843.0
1481 9860.0 3834.0
1482 9836.0 3843.0
1483 9829.0 3828.0
1484 9834.0 3801.0
1485 9834.0 3804.0
1486 9824.0 3792.0
1487 9811.0 3801.0
1488 9818.0 3810.0
1489 9828.0 3813.0
1490 9817.0 3822.0
1491 9840.0 3831.0
1492 9844.0 3846.0
1493 9826.0 3837.0
1494 9819.0 3849.0
1495 9830.0 3879.0
1496 9812.0 3891.0
1497 9815.0 3897.0
1498 9841.0 3903.0
1499 9843.0 3912.0
1500 9862.0 3897.0
1501 9869.0 3906.0
1502 9859.0 3897.0
1503 9873.0 3900.0
1504 9868.0 3888.0
1505 9870.0 3882.0
1506 9856.0 3873.0
1507 9862.0 3858.0
1508 9851.0 3855.0
1509 9848.0 3840.0
1510 9829.0 3849.0
1511 9831.0 3840.0
1512 9825.0 3852.0
1513 9836.0 3849.0
1514 9824.0 3867.0
1515 9844.0 3879.0
1516 9840.0 3888.0
1517 9869.0 3915.0
1518 9883.0 3921.0
1519 9864.0 3918.0
1520 9838.0 3921.0
1521 9841.0 3894.0
1522 9861.0 3900.0
1523 9859.0 3900.0
1524 9832.0 3906.0
1525 9824.0 3906.0
1526 9827.0 3918.0
1527 9841.0 3906.0
1528 9807.0 3906.0
1529 9822.0 3927.0
1530 9807.0 3915.0
1531 9814.0 3915.0
1532 9835.0 3915.0
1533 9821.0 3909.0
1534 9860.0 3912.0
1535 9866.0 3906.0
1536 9841.0 3852.0
1537 9836.0 3834.0
1538 9838.0 3840.0
1539 9844.0 3852.0
1540 9814.0 3846.0
1541 9812.0 3861.0
1542 9800.0 3837.0
1543 9798.0 3828.0
1544 9807.0 3846.0
1545 9821.0 3858.0
1546 9829.0 3855.0
1547 9811.0 3837.0
1548 9824.0 3846.0
1549 9815.0 3840.0
1550 9834.0 3867.0
1551 9817.0 3861.0
1552 9831.0 3867.0
1553 9814.0 3855.0
1554 9826.0 3876.0
1555 9824.0 3873.0
1556 9853.0 3882.0
1557 9854.0 3885.0
1558 9852.0 3888.0
1559 9862.0 3879.0
1560 9877.0 3903.0
1561 9880.0 3921.0
1562 9877.0 3921.0
1563 9870.0 3900.0
1564 9877.0 3918.0
1565 9864.0 3918.0
1566 9878.0 3909.0
1567 9899.0 3906.0
1568 9897.0 3894.0
1569 9896.0 3900.0
1570 9914.0 3906.0
1571 9922.0 3903.0
1572 9908.0 3921.0
1573 9904.0 3933.0
1574 9900.0 3921.0
1575 9913.0 3918.0
1576 9895.0 3927.0
1577 9890.0 3948.0
1578 9899.0 3942.0
1579 9904.0 3954.0
1580 9923.0 3942.0
1581 9924.0 3915.0
1582 9930.0 3888.0
1583 9964.0 3873.0
1584 9963.0 3876.0
1585 9961.0 3882.0
1586 9977.0 3879.0
1587 9980.0 3864.0
1588 9986.0 3876.0
1589 9978.0 3855.0
1590 9977.0 3852.0
1591 9961.0 3843.0
1592 9935.0 3837.0
1593 9921.0 3825.0
1594 9899.0 3828.0
1595 9898.0 3846.0
1596 9871.0 3819.0
1597 9886.0 3840.0
1598 9891.0 3837.0
1599 9877.0 3828.0
1600 9878.0 3822.0
1601 9861.0 3828.0
1602 9854.0 3855.0
1603 9856.0 3867.0
1604 9828.0 3864.0
1605 9805.0 3849.0
1606 9802.0 3843.0
1607 9797.0 3843.0
1608 9766.0 3855.0
1609 9781.0 3873.0
1610 9807.0 3861.0
1611 9818.0 3846.0
1612 9824.0 3840.0
1613 9818.0 3849.0
1614 9835.0 3846.0
1615 9832.0 3849.0
1616 9827.0 3843.0
1617 9823.0 3858.0
1618 9829.0 3864.0
1619 9854.0 3891.0
1620 9856.0 3861.0
1621 9861.0 3876.0
1622 9841.0 3855.0
1623 9843.0 3864.0
1624 9831.0 3858.0
1625 9821.0 3870.0
1626 9821.0 3870.0
1627 9817.0 3867.0
1628 9827.0 3867.0
1629 9866.0 3885.0
1630 9881.0 3870.0
1631 9859.0 3885.0
1632 9860.0 3885.0
1633 9851.0 3927.0
1634 9859.0 3900.0
1635 9880.0 3918.0
1636 9898.0 3930.0
1637 9914.0 3939.0
1638 9905.0 3930.0
1639 9911.0 3936.0
1640 9917.0 3930.0
1641 9900.0 3939.0
1642 9892.0 3927.0
1643 9860.0 3948.0
1644 9870.0 3927.0
1645 9862.0 3918.0
1646 9854.0 3891.0
1647 9869.0 3903.0
1648 9860.0 3936.0
1649 9869.0 3927.0
1650 9870.0 3912.0
1651 9897.0 3909.0
1652 9896.0 3906.0
1653 9895.0 3894.0
1654 9885.0 3882.0
1655 9892.0 3894.0
1656 9892.0 3903.0
1657 9884.0 3900.0
1658 9896.0 3912.0
1659 9885.0 3906.0
1660 9885.0 3894.0
1661 9876.0 3888.0
1662 9869.0 3891.0
1663 9848.0 3870.0
1664 9841.0 3882.0
1665 9832.0 3897.0
1666 9837.0 3909.0
1667 9846.0 3918.0
1668 9848.0 3933.0
1669 9843.0 3927.0
1670 9852.0 3933.0
1671 9867.0 3930.0
1672 9858.0 3933.0
1673 9893.0 3912.0
1674 9914.0 3906.0
1675 9922.0 3894.0
1676 9917.0 3909.0
1677 9895.0 3906.0
1678 9871.0 3888.0
1679 9872.0 3900.0
1680 9867.0 3918.0
1681 9863.0 3903.0
1682 9869.0 3915.0
1683 9871.0 3900.0
1684 9841.0 3915.0
1685 9851.0 3903.0
1686 9844.0 3912.0
1687 9855.0 3915.0
1688 9867.0 3951.0
1689 9872.0 3960.0
1690 9889.0 3948.0
1691 9909.0 3942.0
1692 9910.0 3942.0
1693 9903.0 3957.0
1694 9894.0 3948.0
1695 9879.0 3954.0
1696 9865.0 3948.0
1697 9875.0 3945.0
1698 9867.0 3942.0
1699 9859.0 3942.0
1700 9880.0 3954.0
1701 9872.0 3987.0
1702 9862.0 3960.0
1703 9860.0 3963.0
1704 9859.0 3951.0
1705 9856.0 3945.0
1706 9857.0 3930.0
1707 9838.0 3924.0
1708 9837.0 3900.0
1709 9842.0 3918.0
1710 9847.0 3921.0
1711 9870.0 3933.0
1712 9868.0 3936.0
1713 9854.0 3945.0
1714 9842.0 3933.0
1715 9837.0 3930.0
1716 9835.0 3924.0
1717 9850.0 3930.0
1718 9843.0 3930.0
1719 9841.0 3915.0
1720 9863.0 3939.0
1721 9849.0 3921.0
1722 9844.0 3933.0
1723 9833.0 3924.0
1724 9814.0 3921.0
1725 9843.0 3951.0
1726 9849.0 3942.0
1727 9855.0 3942.0
1728 9851.0 3945.0
1729 9866.0 3951.0
1730 9888.0 3963.0
1731 9886.0 3948.0
1732 9895.0 3963.0
1733 9923.0 3954.0
1734 9916.0 3936.0
1735 9920.0 3927.0
1736 9918.0 3963.0
1737 9945.0 3951.0
1738 9944.0 3942.0
1739 9945.0 3936.0
1740 9938.0 3948.0
1741 9927.0 3942.0
1742 9938.0 3948.0
1743 9951.0 3957.0
1744 9949.0 3960.0
1745 9967.0 3978.0
1746 9999.0 3978.0
1747 9978.0 3957.0
1748 9972.0 3942.0
1749 9975.0 3942.0
1750 10000.0 3960.0
1751 9994.0 3966.0
1752 9979.0 3978.0
1753 10011.0 4002.0
1754 10023.0 3981.0
1755 10015.0 3978.0
1756 10009.0 3987.0
1757 9997.0 3996.0
1758 9995.0 4005.0
1759 10016.0 4029.0
1760 10025.0 4026.0
1761 10039.0 4017.0
1762 10049.0 4023.0
1763 10054.0 3993.0
1764 10024.0 3972.0
1765 10027.0 3972.0
1766 10035.0 3969.0
1767 10054.0 3966.0
1768 10036.0 3966.0
1769 10023.0 3960.0
1770 10012.0 3954.0
1771 10008.0 3942.0
1772 10012.0 3969.0
1773 9977.0 3954.0
1774 9996.0 3957.0
1775 10008.0 3951.0
1776 9993.0 3936.0
1777 9990.0 3948.0
1778 9989.0 3957.0
1779 9987.0 3939.0
1780 9958.0 3942.0
1781 9945.0 3945.0
1782 9931.0 3954.0
1783 9927.0 3933.0
1784 9910.0 3942.0
1785 9918.0 3933.0
1786 9907.0 3900.0
1787 9918.0 3918.0
1788 9909.0 3915.0
1789 9941.0 3942.0
1790 9953.0 3954.0
1791 9942.0 3942.0
1792 9922.0 3921.0
1793 9911.0 3912.0
1794 9930.0 3921.0
1795 9929.0 3918.0
1796 9943.0 3897.0
1797 9938.0 3909.0
1798 9939.0 3903.0
1799 9953.0 3924.0
1800 9909.0 3906.0
1801 9931.0 3930.0
1802 9931.0 3939.0
1803 9918.0 3918.0
1804 9924.0 3900.0
1805 9922.0 3906.0
1806 9929.0 3915.0
1807 9954.0 3915.0
1808 9955.0 3918.0
1809 9948.0 3918.0
1810 9965.0 3921.0
1811 9968.0 3918.0
1812 9954.0 3894.0
1813 9933.0 3903.0
1814 9930.0 3915.0
1815 9928.0 3906.0
1816 9934.0 3918.0
1817 9953.0 3924.0
1818 9950.0 3924.0
1819 9946.0 3924.0
1820 9943.0 3945.0
1821 9932.0 3951.0
1822 9933.0 3927.0
1823 9937.0 3933.0
1824 9941.0 3948.0
1825 9921.0 3948.0
1826 9935.0 3969.0
1827 9921.0 3954.0
1828 9952.0 3966.0
1829 9940.0 3951.0
1830 9927.0 3957.0
1831 9926.0 3948.0
1832 9927.0 3966.0
1833 9903.0 3960.0
1834 9899.0 3942.0
1835 9906.0 3939.0
1836 9915.0 3942.0
1837 9909.0 3963.0
1838 9897.0 3957.0
1839 9903.0 3960.0
1840 9901.0 3960.0
1841 9883.0 3954.0
1842 9888.0 3963.0
1843 9881.0 3942.0
1844 9887.0 3939.0
1845 9921.0 3948.0
1846 9930.0 3951.0
1847 9934.0 3972.0
1848 9936.0 3963.0
1849 9936.0 3975.0
1850 9942.0 3990.0
1851 9961.0 3987.0
1852 9944.0 4002.0
1853 9954.0 3990.0
1854 9906.0 3975.0
1855 9917.0 3975.0
1856 9897.0 3972.0
1857 9889.0 3984.0
1858 9896.0 3981.0
1859 9904.0 3969.0
1860 9925.0 3993.0
1861 9925.0 3993.0
1862 9950.0 4005.0
1863 9945.0 4011.0
1864 9969.0 4014.0
1865 9974.0 3999.0
1866 9986.0 4002.0
1867 9984.0 3984.0
1868 9975.0 3963.0
1869 9973.0 3969.0
1870 9969.0 3954.0
1871 9971.0 3951.0
1872 9989.0 3963.0
1873 9985.0 3948.0
1874 9980.0 3936.0
1875 10008.0 3954.0
1876 9983.0 3966.0
1877 9993.0 3966.0
1878 10025.0 3972.0
1879 10026.0 3960.0
1880 10037.0 3960.0
1881 10045.0 3957.0
1882 10029.0 3954.0
1883 10025.0 3957.0
1884 10033.0 3981.0
1885 10020.0 3960.0
1886 9989.0 3948.0
1887 9984.0 3930.0
1888 9983.0 3933.0
1889 9975.0 3906.0
1890 9983.0 3906.0
1891 9980.0 3939.0
1892 9965.0 3936.0
1893 9964.0 3939.0
1894 9970.0 3921.0
1895 9972.0 3924.0
1896 9964.0 3906.0
1897 9939.0 3915.0
1898 9952.0 3942.0
1899 9940.0 3906.0
1900 9957.0 3930.0
1901 9965.0 3936.0
1902 9976.0 3939.0
1903 9978.0 3924.0
1904 9971.0 3915.0
1905 9986.0 3936.0
1906 9987.0 3942.0
1907 9983.0 3951.0
1908 10001.0 3924.0
1909 10021.0 3924.0
1910 10008.0 3939.0
1911 10000.0 3918.0
1912 9987.0 3915.0
1913 9995.0 3918.0
1914 9968.0 3924.0
1915 9967.0 3924.0
1916 9954.0 3900.0
1917 9926.0 3882.0
1918 9936.0 3906.0
1919 9956.0 3909.0
1920 9946.0 3915.0
1921 9938.0 3900.0
1922 9940.0 3897.0
1923 9932.0 3897.0
1924 9952.0 3924.0
1925 9973.0 3915.0
1926 9986.0 3900.0
1927 10001.0 3909.0
1928 9969.0 3924.0
1929 9963.0 3936.0
1930 9981.0 3924.0
1931 9986.0 3918.0
1932 9967.0 3915.0
1933 9979.0 3900.0
1934 9976.0 3903.0
1935 9981.0 3897.0
1936 9981.0 3888.0
1937 9968.0 3882.0
1938 9952.0 3891.0
1939 9941.0 3909.0
1940 9945.0 3921.0
1941 9943.0 3909.0
1942 9947.0 3891.0
1943 9941.0 3885.0
1944 9930.0 3867.0
1945 9937.0 3891.0
1946 9933.0 3900.0
1947 9917.0 3900.0
1948 9933.0 3897.0
1949 9923.0 3900.0
1950 9929.0 3906.0
1951 9911.0 3921.0
1952 9912.0 3927.0
1953 9907.0 3894.0
1954 9900.0 3900.0
1955 9887.0 3912.0
1956 9882.0 3945.0
1957 9882.0 3930.0
1958 9881.0 3927.0
1959 9907.0 3933.0
1960 9911.0 3927.0
1961 9898.0 3939.0
1962 9906.0 3957.0
1963 9931.0 3969.0
1964 9935.0 3966.0
1965 9925.0 3966.0
1966 9932.0 3945.0
1967 9937.0 3975.0
1968 9911.0 3972.0
1969 9907.0 3954.0
1970 9906.0 3939.0
1971 9914.0 3945.0
1972 9908.0 3927.0
1973 9915.0 3921.0
1974 9893.0 3927.0
1975 9885.0 3936.0
1976 9923.0 3969.0
1977 9935.0 3981.0
1978 9974.0 3981.0
1979 9978.0 3981.0
1980 9951.0 3963.0
1981 9953.0 3960.0
1982 9961.0 3954.0
1983 9972.0 3954.0
1984 9963.0 3936.0
1985 9977.0 3954.0
1986 9980.0 3963.0
1987 9955.0 3960.0
1988 9939.0 3954.0
1989 9935.0 3960.0
1990 9951.0 3951.0
1991 9952.0 3954.0
1992 9959.0 3939.0
1993 9973.0 3942.0
1994 9958.0 3930.0
1995 9961.0 3957.0
1996 9971.0 3972.0
1997 9993.0 3966.0
1998 10024.0 3972.0
1999 10048.0 3981.0
2000 10053.0 3987.0
2001 10038.0 3996.0
2002 10032.0 3999.0
2003 10011.0 4011.0
2004 9994.0 4017.0
2005 10007.0 4011.0
2006 9993.0 4011.0
2007 9997.0 4026.0
2008 10008.0 4005.0
2009 9996.0 3990.0
2010 9997.0 3990.0
2011 9973.0 4005.0
2012 9960.0 4020.0
2013 9989.0 4017.0
2014 9982.0 4035.0
2015 9984.0 4041.0
2016 9976.0 4059.0
2017 9979.0 4068.0
2018 10010.0 4092.0
2019 10007.0 4089.0
2020 10003.0 4086.0
2021 10017.0 4080.0
2022 10013.0 4074.0
2023 9996.0 4080.0
2024 9995.0 4083.0
2025 10015.0 4077.0
2026 10002.0 4065.0
2027 9999.0 4071.0
2028 9983.0 4071.0
2029 9995.0 4062.0
2030 9962.0 4062.0
2031 9961.0 4056.0
2032 9945.0 4056.0
2033 9953.0 4059.0
2034 9964.0 4080.0
2035 9966.0 4080.0
2036 9976.0 4065.0
2037 9974.0 4056.0
2038 9953.0 4047.0
2039 9956.0 4029.0
2040 9949.0 4035.0
2041 9939.0 4023.0
2042 9929.0 4023.0
2043 9933.0 4029.0
2044 9925.0 4011.0
2045 9927.0 4014.0
2046 9913.0 4008.0
2047 9922.0 4020.0
2048 9920.0 4026.0
2049 9908.0 4029.0
2050 9899.0 4014.0
2051 9881.0 3987.0
2052 9890.0 3972.0
2053 9885.0 3966.0
2054 9893.0 3990.0
2055 9894.0 4002.0
2056 9870.0 4014.0
2057 9859.0 3996.0
2058 9878.0 3996.0
2059 9882.0 4017.0
2060 9869.0 3996.0
2061 9884.0 3999.0
2062 9893.0 3996.0
2063 9898.0 4002.0
2064 9906.0 3990.0
2065 9926.0 3984.0
2066 9932.0 4011.0
2067 9929.0 4023.0
2068 9942.0 4035.0
2069 9935.0 4029.0
2070 9933.0 4050.0
2071 9909.0 4050.0
2072 9924.0 4056.0
2073 9936.0 4053.0
2074 9934.0 4074.0
2075 9938.0 4071.0
2076 9930.0 4077.0
2077 9920.0 4065.0
2078 9905.0 4065.0
2079 9925.0 4080.0
2080 9936.0 4059.0
2081 9948.0 4050.0
2082 9962.0 4071.0
2083 9978.0 4062.0
2084 9987.0 4065.0
2085 9999.0 4065.0
2086 10001.0 4068.0
2087 10000.0 4074.0
2088 10007.0 4095.0
2089 10019.0 4083.0
2090 10033.0 4077.0
2091 10042.0 4083.0
2092 10043.0 4080.0
2093 10064.0 4095.0
2094 10037.0 4083.0
2095 10019.0 4071.0
2096 10028.0 4086.0
2097 10011.0 4071.0
2098 9997.0 4062.0
2099 9995.0 4062.0
2100 9993.0 4050.0
2101 10009.0 4065.0
2102 10011.0 4077.0
2103 9980.0 4053.0
2104 9980.0 4050.0
2105 9979.0 4029.0
2106 9985.0 4038.0
2107 10004.0 4038.0
2108 10031.0 4041.0
2109 10015.0 4062.0
2110 10013.0 4059.0
2111 10004.0 4059.0
2112 10014.0 4065.0
2113 9977.0 4017.0
2114 9978.0 3993.0
2115 9981.0 4005.0
2116 9950.0 4008.0
2117 9955.0 4026.0
2118 9952.0 4017.0
2119 9942.0 3999.0
2120 9952.0 4002.0
2121 9966.0 3966.0
2122 9980.0 3972.0
2123 9983.0 3975.0
2124 9980.0 3972.0
2125 9996.0 4002.0
2126 10003.0 4008.0
2127 9991.0 4014.0
2128 9996.0 4026.0
2129 9989.0 4020.0
2130 9989.0 4023.0
2131 9992.0 4032.0
2132 9990.0 4038.0
2133 9988.0 4065.0
2134 9994.0 4059.0
2135 9995.0 4047.0
2136 10004.0 4047.0
2137 9993.0 4026.0
2138 9977.0 4026.0
2139 9965.0 4053.0
2140 9951.0 4071.0
2141 9961.0 4044.0
2142 9982.0 4041.0
2143 9962.0 4026.0
2144 9967.0 4008.0
2145 9960.0 4017.0
2146 9939.0 4014.0
2147 9942.0 4029.0
2148 9944.0 4044.0
2149 9939.0 4035.0
2150 9927.0 4041.0
2151 9942.0 4041.0
2152 9951.0 4044.0
2153 9952.0 4035.0
2154 9916.0 4032.0
2155 9900.0 4032.0
2156 9873.0 4041.0
2157 9893.0 4041.0
2158 9889.0 4035.0
2159 9894.0 4041.0
2160 9905.0 4032.0
2161 9920.0 4023.0
2162 9929.0 4029.0
2163 9907.0 4014.0
2164 9936.0 4011.0
2165 9948.0 4044.0
2166 9948.0 4059.0
2167 9966.0 4056.0
2168 9970.0 4062.0
2169 9962.0 4077.0
2170 9967.0 4059.0
2171 9970.0 4050.0
2172 9976.0 4074.0
2173 9950.0 4059.0
2174 9993.0 4083.0
2175 9972.0 4095.0
2176 9973.0 4080.0
2177 9981.0 4092.0
2178 9999.0 4107.0
2179 10028.0 4113.0
2180 10006.0 4104.0
2181 10043.0 4113.0
2182 10072.0 4125.0
2183 10085.0 4128.0
2184 10075.0 4101.0
2185 10063.0 4101.0
2186 10057.0 4089.0
2187 10059.0 4071.0
2188 10078.0 4080.0
2189 10074.0 4074.0
2190 10071.0 4074.0
2191 10059.0 4083.0
2192 10073.0 4083.0
2193 10073.0 4068.0
2194 10077.0 4068.0
2195 10090.0 4068.0
2196 10073.0 4053.0
2197 10077.0 4089.0
2198 10074.0 4083.0
2199 10071.0 4089.0
2200 10062.0 4077.0
2201 10078.0 4077.0
2202 10078.0 4065.0
2203 10078.0 4062.0
2204 10109.0 4077.0
2205 10109.0 4071.0
2206 10119.0 4071.0
2207 10095.0 4071.0
2208 10100.0 4089.0
2209 10095.0 4089.0
2210 10093.0 4110.0
2211 10063.0 4107.0
2212 10051.0 4107.0
2213 10045.0 4086.0
2214 10027.0 4089.0
2215 10014.0 4086.0
2216 10000.0 4068.0
2217 9984.0 4107.0
2218 9993.0 4113.0
2219 9976.0 4116.0
2220 9978.0 4131.0
2221 9956.0 4101.0
2222 9935.0 4083.0
2223 9922.0 4092.0
2224 9926.0 4086.0
2225 9923.0 4083.0
2226 9944.0 4086.0
2227 9931.0 4077.0
2228 9926.0 4089.0
2229 9917.0 4095.0
2230 9930.0 4092.0
2231 9945.0 4098.0
2232 9954.0 4119.0
2233 9966.0 4119.0
2234 9956.0 4122.0
2235 9965.0 4128.0
2236 9946.0 4113.0
2237 9935.0 4104.0
2238 9927.0 4110.0
2239 9936.0 4122.0
2240 9940.0 4113.0
2241 9949.0 4104.0
2242 9930.0 4086.0
2243 9915.0 4053.0
2244 9931.0 4056.0
2245 9906.0 4059.0
2246 9936.0 4065.0
2247 9937.0 4068.0
2248 9948.0 4086.0
2249 9941.0 4092.0
2250 9944.0 4092.0
2251 9950.0 4095.0
2252 9955.0 4092.0
2253 9949.0 4086.0
2254 9930.0 4092.0
2255 9947.0 4098.0
2256 9954.0 4086.0
2257 9948.0 4068.0
2258 9956.0 4041.0
2259 9951.0 4014.0
2260 9929.0 4035.0
2261 9931.0 4032.0
2262 9937.0 4035.0
2263 9934.0 4047.0
2264 9958.0 4047.0
2265 9953.0 4053.0
2266 9937.0 4053.0
2267 9917.0 4056.0
2268 9925.0 4062.0
2269 9922.0 4074.0
2270 9904.0 4077.0
2271 9894.0 4065.0
2272 9884.0 4065.0
2273 9888.0 4080.0
2274 9885.0 4092.0
2275 9914.0 4104.0
2276 9899.0 4092.0
2277 9887.0 4089.0
2278 9907.0 4089.0
2279 9922.0 4086.0
2280 9919.0 4089.0
2281 9922.0 4113.0
2282 9905.0 4116.0
2283 9922.0 4113.0
2284 9957.0 4131.0
2285 9964.0 4131.0
2286 9972.0 4122.0
2287 9945.0 4122.0
2288 9936.0 4116.0
2289 9942.0 4110.0
2290 9936.0 4122.0
2291 9913.0 4134.0
2292 9925.0 4140.0
2293 9928.0 4143.0
2294 9962.0 4143.0
2295 9958.0 4122.0
2296 9970.0 4131.0
2297 9976.0 4146.0
2298 10012.0 4161.0
2299 10036.0 4182.0
2300 10039.0 4182.0
2301 10026.0 4185.0
2302 10034.0 4179.0
2303 10037.0 4191.0
2304 10047.0 4203.0
2305 10029.0 4203.0
2306 10039.0 4206.0
2307 10018.0 4197.0
2308 10015.0 4203.0
2309 9985.0 4191.0
2310 9991.0 4179.0
2311 10000.0 4212.0
2312 10006.0 4215.0
2313 10035.0 4248.0
2314 10050.0 4245.0
2315 10047.0 4248.0
2316 10041.0 4227.0
2317 10040.0 4227.0
2318 10007.0 4230.0
2319 10008.0 4215.0
2320 10011.0 4215.0
2321 9983.0 4203.0
2322 9988.0 4218.0
2323 9996.0 4209.0
2324 9986.0 4215.0
2325 9986.0 4194.0
2326 10011.0 4182.0
2327 9996.0 4167.0
2328 9992.0 4164.0
2329 10021.0 4176.0
2330 10034.0 4161.0
2331 10015.0 4155.0
2332 9996.0 4152.0
2333 9996.0 4170.0
2334 10015.0 4164.0
2335 10022.0 4146.0
2336 10030.0 4134.0
2337 10032.0 4128.0
2338 10013.0 4119.0
2339 10039.0 4143.0
2340 10007.0 4146.0
2341 10010.0 4125.0
2342 10006.0 4149.0
2343 10004.0 4152.0
2344 9981.0 4167.0
2345 9987.0 4146.0
2346 9985.0 4155.0
2347 9981.0 4149.0
2348 9959.0 4146.0
2349 9946.0 4170.0
2350 9959.0 4173.0
2351 9988.0 4170.0
2352 10003.0 4176.0
2353 10021.0 4194.0
2354 10020.0 4182.0
2355 9986.0 4155.0
2356 9999.0 4152.0
2357 9989.0 4140.0
2358 9992.0 4155.0
2359 9951.0 4143.0
2360 9932.0 4155.0
2361 9946.0 4161.0
2362 9932.0 4152.0
2363 9935.0 4173.0
2364 9906.0 4158.0
2365 9892.0 4134.0
2366 9900.0 4131.0
2367 9907.0 4131.0
2368 9907.0 4146.0
2369 9913.0 4140.0
2370 9915.0 4140.0
2371 9920.0 4119.0
2372 9947.0 4125.0
2373 9973.0 4140.0
2374 9974.0 4155.0
2375 9973.0 4161.0
2376 9966.0 4161.0
2377 9986.0 4173.0
2378 10005.0 4173.0
2379 9989.0 4164.0
2380 10014.0 4158.0
2381 10021.0 4143.0
2382 10006.0 4155.0
2383 10003.0 4137.0
2384 10008.0 4131.0
2385 10026.0 4131.0
2386 10000.0 4122.0
2387 10009.0 4110.0
2388 9989.0 4098.0
2389 9989.0 4110.0
2390 9997.0 4104.0
2391 9990.0 4092.0
2392 9983.0 4104.0
2393 9971.0 4089.0
2394 9992.0 4089.0
2395 9981.0 4080.0
2396 9954.0 4074.0
2397 9965.0 4065.0
2398 9961.0 4086.0
2399 9957.0 4086.0
2400 9954.0 4089.0
2401 9944.0 4089.0
2402 9940.0 4074.0
2403 9939.0 4053.0
2404 9942.0 4035.0
2405 9949.0 4035.0
2406 9967.0 4026.0
2407 9972.0 4053.0
2408 9971.0 4053.0
2409 9957.0 4077.0
2410 9934.0 4065.0
2411 9933.0 4056.0
2412 9944.0 4068.0
2413 9976.0 4071.0
2414 9945.0 4068.0
2415 9952.0 4041.0
2416 9947.0 4038.0
2417 9937.0 4047.0
2418 9942.0 4050.0
2419 9951.0 4053.0
2420 9964.0 4062.0
2421 9940.0 4065.0
2422 9929.0 4065.0
2423 9942.0 4059.0
2424 9966.0 4086.0
2425 9945.0 4059.0
2426 9957.0 4053.0
2427 9946.0 4074.0
2428 9949.0 4068.0
2429 9951.0 4050.0
2430 9974.0 4050.0
2431 9993.0 4041.0
2432 9987.0 4050.0
2433 9991.0 4017.0
2434 9979.0 4014.0
2435 9960.0 4017.0
2436 9929.0 4002.0
2437 9923.0 4002.0
2438 9926.0 4008.0
2439 9920.0 4017.0
2440 9948.0 4023.0
2441 9957.0 4020.0
2442 9933.0 4020.0
2443 9954.0 4038.0
2444 9974.0 4044.0
2445 9969.0 4047.0
2446 9982.0 4041.0
2447 9997.0 4044.0
2448 9983.0 4026.0
2449 9993.0 4035.0
2450 9995.0 4029.0
2451 9978.0 4029.0
2452 9952.0 4023.0
2453 9953.0 4026.0
2454 9983.0 4053.0
2455 9997.0 4071.0
2456 10003.0 4083.0
2457 10036.0 4086.0
2458 10017.0 4068.0
2459 10020.0 4065.0
2460 10013.0 4056.0
2461 9986.0 4059.0
2462 9977.0 4062.0
2463 10001.0 4050.0
2464 9998.0 4044.0
2465 10000.0 4062.0
2466 9981.0 4062.0
2467 9997.0 4050.0
2468 10022.0 4041.0
2469 10009.0 4038.0
2470 10010.0 4053.0
2471 9983.0 4056.0
2472 9987.0 4077.0
2473 9974.0 4077.0
2474 9966.0 4080.0
2475 9975.0 4098.0
2476 9988.0 4095.0
2477 9967.0 4101.0
2478 9981.0 4104.0
2479 9993.0 4089.0
2480 10003.0 4092.0
2481 10000.0 4092.0
2482 9997.0 4095.0
2483 9981.0 4104.0
2484 9980.0 4077.0
2485 9984.0 4077.0
2486 9985.0 4083.0
2487 9982.0 4104.0
2488 9993.0 4086.0
2489 9979.0 4086.0
2490 9957.0 4089.0
2491 9956.0 4089.0
2492 9939.0 4062.0
2493 9940.0 4053.0
2494 9931.0 4035.0
2495 9943.0 4035.0
2496 9956.0 4047.0
2497 9985.0 4062.0
2498 9995.0 4056.0
2499 9986.0 4065.0
2500 9993.0 4077.0
2501 9998.0 4086.0
2502 9993.0 4080.0
2503 10006.0 4089.0
2504 9994.0 4092.0
2505 9982.0 4083.0
2506 9983.0 4086.0
2507 9991.0 4104.0
2508 9997.0 4098.0
2509 10014.0 4098.0
2510 10014.0 4098.0
2511 10004.0 4092.0
2512 10015.0 4083.0
2513 10004.0 4071.0
2514 10003.0 4089.0
2515 10007.0 4098.0
2516 10043.0 4086.0
2517 10029.0 4080.0
2518 10017.0 4086.0
2519 10000.0 4086.0
2520 9992.0 4089.0
2521 9997.0 4077.0
2522 9991.0 4074.0
2523 9986.0 4056.0
2524 9985.0 4065.0
2525 10009.0 4038.0
2526 10018.0 4044.0
2527 9999.0 4050.0
2528 10000.0 4065.0
2529 9968.0 4053.0
2530 9985.0 4053.0
2531 9981.0 4065.0
2532 9969.0 4050.0
2533 9996.0 4059.0
2534 10000.0 4071.0
2535 10008.0 4077.0
2536 10019.0 4062.0
2537 10035.0 4065.0
2538 10053.0 4080.0
2539 10020.0 4071.0
2540 10031.0 4095.0
2541 10026.0 4113.0
2542 10018.0 4089.0
2543 10033.0 4098.0
2544 10030.0 4101.0
2545 10023.0 4104.0
2546 10023.0 4134.0
2547 10022.0 4122.0
2548 10026.0 4104.0
2549 10025.0 4125.0
2550 10030.0 4119.0
2551 10030.0 4134.0
2552 10028.0 4134.0
2553 10044.0 4143.0
2554 10060.0 4137.0
2555 10031.0 4134.0
2556 10024.0 4140.0
2557 9968.0 4119.0
2558 9985.0 4137.0
2559 9956.0 4122.0
2560 9941.0 4116.0
2561 9932.0 4107.0
2562 9910.0 4110.0
2563 9897.0 4095.0
2564 9884.0 4116.0
2565 9869.0 4119.0
2566 9865.0 4110.0
2567 9866.0 4092.0
2568 9926.0 4095.0
2569 9909.0 4092.0
2570 9912.0 4104.0
2571 9934.0 4098.0
2572 9959.0 4113.0
2573 9943.0 4131.0
2574 9934.0 4158.0
2575 9929.0 4134.0
2576 9913.0 4125.0
2577 9923.0 4134.0
2578 9922.0 4107.0
2579 9939.0 4116.0
2580 9949.0 4119.0
2581 9920.0 4113.0
2582 9910.0 4095.0
2583 9901.0 4119.0
2584 9884.0 4107.0
2585 9890.0 4101.0
2586 9870.0 4098.0
2587 9858.0 4098.0
2588 9866.0 4092.0
2589 9872.0 4095.0
2590 9860.0 4095.0
2591 9830.0 4086.0
2592 9832.0 4104.0
2593 9829.0 4128.0
2594 9840.0 4116.0
2595 9840.0 4116.0
2596 9858.0 4113.0
2597 9836.0 4101.0
2598 9835.0 4101.0
2599 9845.0 4095.0
2600 9847.0 4119.0
2601 9835.0 4128.0
2602 9834.0 4131.0
2603 9831.0 4098.0
2604 9852.0 4107.0
2605 9877.0 4122.0
2606 9886.0 4119.0
2607 9900.0 4131.0
2608 9931.0 4140.0
2609 9939.0 4143.0
2610 9945.0 4152.0
2611 9971.0 4149.0
2612 9979.0 4152.0
2613 9974.0 4167.0
2614 9964.0 4164.0
2615 9963.0 4176.0
2616 9961.0 4161.0
2617 9977.0 4167.0
2618 9980.0 4185.0
2619 9991.0 4188.0
2620 9990.0 4173.0
2621 9956.0 4158.0
2622 9983.0 4164.0
2623 9961.0 4146.0
2624 9963.0 4134.0
2625 9963.0 4119.0
2626 9970.0 4122.0
2627 9982.0 4107.0
2628 9978.0 4128.0
2629 9953.0 4098.0
2630 9973.0 4101.0
2631 9977.0 4098.0
2632 9982.0 4104.0
2633 9981.0 4113.0
2634 9969.0 4110.0
2635 9988.0 4119.0
2636 9982.0 4161.0
2637 9979.0 4155.0
2638 9960.0 4164.0
2639 9976.0 4140.0
2640 9967.0 4119.0
2641 9973.0 4125.0
2642 9940.0 4131.0
2643 9963.0 4122.0
2644 9948.0 4104.0
2645 9942.0 4101.0
2646 9947.0 4107.0
2647 9946.0 4107.0
2648 9939.0 4101.0
2649 9916.0 4101.0
2650 9940.0 4110.0
2651 9917.0 4128.0
2652 9926.0 4143.0
2653 9927.0 4149.0
2654 9942.0 4155.0
2655 9931.0 4149.0
2656 9937.0 4131.0
2657 9944.0 4125.0
2658 9945.0 4107.0
2659 9955.0 4113.0
2660 9959.0 4104.0
2661 9943.0 4107.0
2662 9928.0 4107.0
2663 9944.0 4083.0
2664 9938.0 4083.0
2665 9963.0 4089.0
2666 10002.0 4113.0
2667 9975.0 4101.0
2668 9989.0 4113.0
2669 9990.0 4122.0
2670 9979.0 4122.0
2671 9973.0 4101.0
2672 9986.0 4089.0
2673 9990.0 4080.0
2674 10006.0 4089.0
2675 9983.0 4092.0
2676 9955.0 4089.0
2677 9942.0 4089.0
2678 9925.0 4071.0
2679 9937.0 4077.0
2680 9941.0 4065.0
2681 9949.0 4062.0
2682 9937.0 4065.0
2683 9944.0 4077.0
2684 9949.0 4083.0
2685 9942.0 4104.0
2686 9931.0 4110.0
2687 9958.0 4119.0
2688 9960.0 4125.0
2689 9949.0 4131.0
2690 9931.0 4128.0
2691 9917.0 4122.0
2692 9925.0 4095.0
2693 9897.0 4083.0
2694 9922.0 4113.0
2695 9913.0 4110.0
2696 9888.0 4122.0
2697 9883.0 4128.0
2698 9883.0 4128.0
2699 9862.0 4098.0
2700 9866.0 4080.0
2701 9864.0 4077.0
2702 9834.0 4068.0
2703 9868.0 4080.0
2704 9844.0 4062.0
2705 9850.0 4068.0
2706 9851.0 4083.0
2707 9861.0 4098.0
2708 9868.0 4110.0
2709 9853.0 4092.0
2710 9856.0 4098.0
2711 9862.0 4101.0
2712 9858.0 4107.0
2713 9863.0 4104.0
2714 9876.0 4113.0
2715 9873.0 4110.0
2716 9907.0 4119.0
2717 9926.0 4134.0
2718 9938.0 4137.0
2719 9972.0 4137.0
2720 9988.0 4140.0
2721 9977.0 4149.0
2722 9949.0 4119.0
2723 9950.0 4143.0
2724 9952.0 4152.0
2725 9965.0 4179.0
2726 9983.0 4176.0
2727 9989.0 4161.0
2728 9995.0 4167.0
2729 10001.0 4188.0
2730 10021.0 4185.0
2731 10073.0 4212.0
2732 10040.0 4197.0
2733 10018.0 4185.0
2734 10002.0 4185.0
2735 9981.0 4188.0
2736 9993.0 4179.0
2737 9973.0 4185.0
2738 9966.0 4173.0
2739 9959.0 4179.0
2740 9968.0 4191.0
2741 9935.0 4182.0
2742 9938.0 4179.0
2743 9931.0 4149.0
2744 9950.0 4146.0
2745 9949.0 4155.0
2746 9953.0 4179.0
2747 9930.0 4167.0
2748 9920.0 4167.0
2749 9923.0 4149.0
2750 9922.0 4152.0
2751 9904.0 4116.0
2752 9921.0 4107.0
2753 9937.0 4101.0
2754 9948.0 4119.0
2755 9939.0 4110.0
2756 9914.0 4104.0
2757 9927.0 4104.0
2758 9921.0 4113.0
2759 9937.0 4110.0
2760 9943.0 4080.0
2761 9954.0 4089.0
2762 9964.0 4113.0
2763 9955.0 4107.0
2764 9955.0 4113.0
2765 9975.0 4116.0
2766 9985.0 4119.0
2767 9986.0 4107.0
2768 9983.0 4110.0
2769 9977.0 4107.0
2770 9966.0 4098.0
2771 9958.0 4104.0
2772 9919.0 4089.0
2773 9911.0 4077.0
2774 9892.0 4065.0
2775 9891.0 4092.0
2776 9898.0 4104.0
2777 9902.0 4107.0
2778 9883.0 4101.0
2779 9902.0 4116.0
2780 9903.0 4101.0
2781 9899.0 4089.0
2782 9897.0 4080.0
2783 9882.0 4095.0
2784 9882.0 4089.0
2785 9892.0 4080.0
2786 9888.0 4089.0
2787 9893.0 4119.0
2788 9896.0 4137.0
2789 9863.0 4116.0
2790 9880.0 4116.0
2791 9881.0 4116.0
2792 9859.0 4086.0
2793 9856.0 4074.0
2794 9856.0 4089.0
2795 9843.0 4101.0
2796 9835.0 4101.0
2797 9830.0 4107.0
2798 9842.0 4107.0
2799 9841.0 4101.0
2800 9838.0 4095.0
2801 9813.0 4086.0
2802 9815.0 4077.0
2803 9847.0 4095.0
2804 9827.0 4098.0
2805 9835.0 4098.0
2806 9882.0 4107.0
2807 9901.0 4104.0
2808 9868.0 4074.0
2809 9883.0 4092.0
2810 9879.0 4098.0
2811 9865.0 4104.0
2812 9900.0 4137.0
2813 9901.0 4110.0
2814 9933.0 4113.0
2815 9938.0 4101.0
2816 9929.0 4098.0
2817 9944.0 4104.0
2818 9944.0 4089.0
2819 9936.0 4101.0
2820 9927.0 4104.0
2821 9911.0 4089.0
2822 9899.0 4086.0
2823 9892.0 4080.0
2824 9895.0 4089.0
2825 9887.0 4107.0
2826 9874.0 4083.0
2827 9858.0 4074.0
2828 9849.0 4074.0
2829 9843.0 4086.0
2830 9857.0 4065.0
2831 9877.0 4077.0
2832 9877.0 4074.0
2833 9887.0 4065.0
2834 9878.0 4086.0
2835 9881.0 4095.0
2836 9883.0 4107.0
2837 9878.0 4110.0
2838 9874.0 4098.0
2839 9883.0 4089.0
2840 9891.0 4074.0
2841 9866.0 4056.0
2842 9868.0 4044.0
2843 9867.0 4041.0
2844 9856.0 4044.0
2845 9866.0 4056.0
2846 9863.0 4056.0
2847 9850.0 4062.0
2848 9852.0 4086.0
2849 9861.0 4086.0
2850 9866.0 4092.0
2851 9867.0 4095.0
2852 9861.0 4086.0
2853 9884.0 4077.0
2854 9874.0 4086.0
2855 9851.0 4071.0
2856 9844.0 4062.0
2857 9859.0 4047.0
2858 9855.0 4065.0
2859 9850.0 4053.0
2860 9834.0 4053.0
2861 9839.0 4056.0
2862 9842.0 4065.0
2863 9836.0 4038.0
2864 9846.0 4035.0
2865 9836.0 4065.0
2866 9841.0 4077.0
2867 9847.0 4083.0
2868 9854.0 4083.0
2869 9846.0 4074.0
2870 9857.0 4083.0
2871 9875.0 4062.0
2872 9891.0 4071.0
2873 9888.0 4095.0
2874 9870.0 4095.0
2875 9882.0 4083.0
2876 9877.0 4098.0
2877 9876.0 4083.0
2878 9878.0 4080.0
2879 9876.0 4089.0
2880 9866.0 4077.0
2881 9856.0 4089.0
2882 9869.0 4089.0
2883 9879.0 4098.0
2884 9893.0 4134.0
2885 9904.0 4128.0
2886 9919.0 4131.0
2887 9907.0 4107.0
2888 9905.0 4104.0
2889 9904.0 4089.0
2890 9908.0 4107.0
2891 9914.0 4107.0
2892 9928.0 4101.0
2893 9919.0 4110.0
2894 9927.0 4104.0
2895 9931.0 4098.0
2896 9936.0 4095.0
2897 9902.0 4086.0
2898 9891.0 4077.0
2899 9917.0 4101.0
2900 9914.0 4098.0
2901 9910.0 4125.0
2902 9925.0 4128.0
2903 9928.0 4128.0
2904 9945.0 4161.0
2905 9934.0 4128.0
2906 9956.0 4131.0
2907 9974.0 4128.0
2908 9939.0 4125.0
2909 9929.0 4152.0
2910 9902.0 4149.0
2911 9898.0 4122.0
2912 9916.0 4128.0
2913 9902.0 4119.0
2914 9895.0 4104.0
2915 9900.0 4101.0
2916 9916.0 4089.0
2917 9917.0 4074.0
2918 9935.0 4083.0
2919 9959.0 4092.0
2920 9953.0 4086.0
2921 9946.0 4053.0
2922 9973.0 4059.0
2923 9975.0 4065.0
2924 9984.0 4056.0
2925 9977.0 4065.0
2926 9980.0 4065.0
2927 9959.0 4086.0
2928 9955.0 4089.0
2929 9945.0 4071.0
2930 9958.0 4086.0
2931 9949.0 4083.0
2932 9933.0 4080.0
2933 9950.0 4080.0
2934 9956.0 4074.0
2935 9957.0 4095.0
2936 9959.0 4089.0
2937 9974.0 4089.0
2938 9965.0 4077.0
2939 9912.0 4065.0
2940 9920.0 4056.0
2941 9956.0 4068.0
2942 9962.0 4077.0
2943 9969.0 4074.0
2944 9947.0 4056.0
2945 9947.0 4068.0
2946 9943.0 4086.0
2947 9954.0 4098.0
2948 9971.0 4104.0
2949 9980.0 4110.0
2950 9980.0 4092.0
2951 10007.0 4092.0
2952 10017.0 4098.0
2953 10011.0 4101.0
2954 9991.0 4092.0
2955 9991.0 4104.0
2956 9982.0 4092.0
2957 9972.0 4062.0
2958 9981.0 4068.0
2959 9995.0 4086.0
2960 10006.0 4083.0
2961 9976.0 4059.0
2962 9972.0 4068.0
2963 9985.0 4074.0
2964 9967.0 4065.0
2965 9954.0 4059.0
2966 9944.0 4068.0
2967 9940.0 4071.0
2968 9940.0 4083.0
2969 9952.0 4098.0
2970 9927.0 4101.0
2971 9930.0 4086.0
2972 9934.0 4086.0
2973 9940.0 4113.0
2974 9961.0 4113.0
2975 9972.0 4104.0
2976 9977.0 4119.0
2977 9971.0 4155.0
2978 9981.0 4146.0
2979 9985.0 4143.0
2980 10002.0 4158.0
2981 9991.0 4146.0
2982 9988.0 4122.0
2983 9987.0 4122.0
2984 9977.0 4128.0
2985 9974.0 4125.0
2986 10006.0 4140.0
2987 10025.0 4143.0
2988 10045.0 4149.0
2989 10026.0 4152.0
2990 10028.0 4158.0
2991 10004.0 4161.0
2992 10002.0 4143.0
2993 9998.0 4131.0
2994 9982.0 4116.0
2995 9984.0 4128.0
2996 10007.0 4122.0
2997 10026.0 4116.0
2998 10022.0 4104.0
2999 10014.0 4110.0
3000 10035.0 4113.0
3001 10040.0 4128.0
3002 10056.0 4128.0
3003 10030.0 4119.0
3004 10027.0 4122.0
3005 10033.0 4140.0
3006 10041.0 4125.0
3007 10027.0 4125.0
3008 10015.0 4125.0
3009 10007.0 4119.0
3010 10002.0 4122.0
3011 9999.0 4143.0
3012 10009.0 4140.0
3013 9996.0 4149.0
3014 9998.0 4149.0
3015 9979.0 4134.0
3016 9984.0 4152.0
3017 9974.0 4179.0
3018 9984.0 4179.0
3019 9984.0 4179.0
3020 9961.0 4200.0
3021 9965.0 4197.0
3022 9987.0 4182.0
3023 9991.0 4179.0
3024 10000.0 4194.0
3025 10015.0 4191.0
3026 10004.0 4164.0
3027 9986.0 4176.0
3028 9989.0 4170.0
3029 9982.0 4161.0
3030 9980.0 4152.0
3031 9971.0 4146.0
3032 9980.0 4158.0
3033 9964.0 4158.0
3034 9960.0 4149.0
3035 9944.0 4125.0
3036 9959.0 4134.0
3037 9978.0 4161.0
3038 9999.0 4149.0
3039 9996.0 4164.0
3040 9989.0 4173.0
3041 10003.0 4191.0
3042 10005.0 4194.0
3043 9996.0 4170.0
3044 10028.0 4173.0
3045 10005.0 4170.0
3046 9987.0 4185.0
3047 9996.0 4185.0
3048 9998.0 4191.0
3049 10005.0 4170.0
3050 9972.0 4143.0
3051 9989.0 4140.0
3052 9983.0 4146.0
3053 9987.0 4125.0
3054 9999.0 4128.0
3055 9989.0 4146.0
3056 9993.0 4146.0
3057 10008.0 4152.0
3058 10006.0 4137.0
3059 9995.0 4137.0
3060 9980.0 4152.0
3061 9954.0 4146.0
3062 9963.0 4155.0
3063 9988.0 4146.0
3064 9980.0 4113.0
3065 9954.0 4113.0
3066 9966.0 4128.0
3067 9968.0 4155.0
3068 9967.0 4146.0
3069 9959.0 4152.0
3070 9966.0 4179.0
3071 9964.0 4176.0
3072 9940.0 4155.0
3073 9915.0 4134.0
3074 9918.0 4119.0
3075 9917.0 4149.0
3076 9902.0 4122.0
3077 9859.0 4125.0
3078 9881.0 4149.0
3079 9905.0 4149.0
3080 9909.0 4155.0
3081 9923.0 4158.0
3082 9913.0 4161.0
3083 9909.0 4176.0
3084 9917.0 4182.0
3085 9898.0 4152.0
3086 9924.0 4146.0
3087 9934.0 4134.0
3088 9961.0 4128.0
3089 9974.0 4113.0
3090 9995.0 4110.0
3091 9980.0 4104.0
3092 9982.0 4101.0
3093 9991.0 4113.0
3094 9964.0 4107.0
3095 9956.0 4107.0
3096 9948.0 4092.0
3097 9950.0 4089.0
3098 9939.0 4104.0
3099 9948.0 4113.0
3100 9935.0 4116.0
3101 9928.0 4125.0
3102 9925.0 4137.0
3103 9928.0 4170.0
3104 9919.0 4161.0
3105 9945.0 4170.0
3106 9943.0 4176.0
3107 9957.0 4182.0
3108 9951.0 4167.0
3109 9955.0 4155.0
3110 9980.0 4152.0
3111 9961.0 4128.0
3112 9947.0 4131.0
3113 9938.0 4146.0
3114 9975.0 4164.0
3115 9964.0 4167.0
3116 9962.0 4158.0
3117 9962.0 4182.0
3118 9958.0 4176.0
3119 9956.0 4170.0
3120 9946.0 4155.0
3121 9943.0 4119.0
3122 9948.0 4110.0
3123 9961.0 4107.0
3124 9969.0 4086.0
3125 9970.0 4083.0
3126 9932.0 4068.0
3127 9910.0 4065.0
3128 9873.0 4077.0
3129 9860.0 4080.0
3130 9868.0 4083.0
3131 9878.0 4077.0
3132 9854.0 4092.0
3133 9872.0 4101.0
3134 9872.0 4092.0
3135 9865.0 4077.0
3136 9876.0 4077.0
3137 9892.0 4095.0
3138 9889.0 4080.0
3139 9886.0 4071.0
3140 9887.0 4062.0
3141 9861.0 4047.0
3142 9842.0 4047.0
3143 9848.0 4032.0
3144 9838.0 4032.0
3145 9850.0 4038.0
3146 9869.0 4038.0
3147 9875.0 4026.0
3148 9890.0 4026.0
3149 9875.0 4026.0
3150 9893.0 4056.0
3151 9907.0 4065.0
3152 9921.0 4077.0
3153 9911.0 4077.0
3154 9915.0 4053.0
3155 9932.0 4059.0
3156 9942.0 4047.0
3157 9964.0 4053.0
3158 9951.0 4053.0
3159 9957.0 4062.0
3160 9946.0 4056.0
3161 9968.0 4059.0
3162 9985.0 4074.0
3163 9988.0 4080.0
3164 9992.0 4065.0
3165 9989.0 4080.0
3166 9973.0 4071.0
3167 9998.0 4080.0
3168 9972.0 4080.0
3169 9998.0 4083.0
3170 10007.0 4059.0
3171 10029.0 4065.0
3172 10014.0 4038.0
3173 10012.0 4035.0
3174 10007.0 4032.0
3175 9979.0 4014.0
3176 9978.0 4011.0
3177 9973.0 4002.0
3178 9946.0 3960.0
3179 9977.0 3960.0
3180 9979.0 3957.0
3181 9975.0 3969.0
3182 9976.0 3978.0
3183 9983.0 3984.0
3184 9978.0 3972.0
3185 9971.0 3990.0
3186 9956.0 3996.0
3187 9971.0 4026.0
3188 9985.0 4035.0
3189 10003.0 4032.0
3190 10001.0 4026.0
3191 10006.0 4014.0
3192 9986.0 4005.0
3193 9987.0 4020.0
3194 9979.0 4011.0
3195 9974.0 4002.0
3196 9994.0 3987.0
3197 10019.0 3999.0
3198 10013.0 3978.0
3199 10019.0 3996.0
3200 10000.0 3987.0
3201 9970.0 3987.0
3202 9966.0 3993.0
3203 9974.0 4032.0
3204 9971.0 4020.0
3205 9972.0 4041.0
3206 9942.0 4038.0
3207 9929.0 4026.0
3208 9930.0 4017.0
3209 9927.0 4023.0
3210 9943.0 4017.0
3211 9943.0 4038.0
3212 9942.0 4032.0
3213 9948.0 4041.0
3214 9943.0 4059.0
3215 9925.0 4086.0
3216 9936.0 4080.0
3217 9921.0 4056.0
3218 9938.0 4074.0
3219 9932.0 4095.0
3220 9910.0 4104.0
3221 9934.0 4098.0
3222 9956.0 4083.0
3223 9950.0 4065.0
3224 9953.0 4074.0
3225 9944.0 4059.0
3226 9934.0 4083.0
3227 9952.0 4095.0
3228 9927.0 4086.0
3229 9930.0 4116.0
3230 9906.0 4095.0
3231 9886.0 4089.0
3232 9923.0 4113.0
3233 9930.0 4116.0
3234 9917.0 4107.0
3235 9908.0 4098.0
3236 9933.0 4077.0
3237 9940.0 4086.0
3238 9918.0 4080.0
3239 9931.0 4086.0
3240 9904.0 4074.0
3241 9911.0 4056.0
3242 9918.0 4071.0
3243 9914.0 4065.0
3244 9933.0 4053.0
3245 9904.0 4029.0
3246 9911.0 4050.0
3247 9912.0 4032.0
3248 9910.0 4026.0
3249 9919.0 4032.0
3250 9907.0 4044.0
3251 9911.0 4029.0
3252 9921.0 4044.0
3253 9923.0 4056.0
3254 9912.0 4044.0
3255 9913.0 4044.0
3256 9918.0 4047.0
3257 9895.0 4041.0
3258 9886.0 4047.0
3259 9870.0 4035.0
3260 9875.0 4032.0
3261 9905.0 4044.0
3262 9887.0 4047.0
3263 9881.0 4050.0
3264 9884.0 4077.0
3265 9879.0 4095.0
3266 9854.0 4083.0
3267 9861.0 4092.0
3268 9883.0 4074.0
3269 9915.0 4092.0
3270 9911.0 4056.0
3271 9905.0 4059.0
3272 9901.0 4050.0
3273 9876.0 4047.0
3274 9855.0 4047.0
3275 9851.0 4056.0
3276 9857.0 4071.0
3277 9857.0 4080.0
3278 9852.0 4083.0
3279 9864.0 4086.0
3280 9867.0 4053.0
3281 9854.0 4029.0
3282 9842.0 4056.0
3283 9815.0 4032.0
3284 9831.0 4071.0
3285 9830.0 4101.0
3286 9848.0 4098.0
3287 9838.0 4071.0
3288 9841.0 4077.0
3289 9848.0 4107.0
3290 9855.0 4107.0
3291 9876.0 4101.0
3292 9885.0 4059.0
3293 9896.0 4056.0
3294 9913.0 4059.0
3295 9923.0 4059.0
3296 9916.0 4062.0
3297 9914.0 4068.0
3298 9915.0 4056.0
3299 9914.0 4065.0
3300 9911.0 4059.0
3301 9920.0 4050.0
3302 9920.0 4053.0
3303 9930.0 4050.0
3304 9949.0 4074.0
3305 9936.0 4053.0
3306 9930.0 4062.0
3307 9952.0 4071.0
3308 9961.0 4074.0
3309 9961.0 4098.0
3310 9969.0 4086.0
3311 9978.0 4089.0
3312 9972.0 4068.0
3313 9961.0 4074.0
3314 10001.0 4092.0
3315 10007.0 4116.0
3316 10001.0 4122.0
3317 9994.0 4122.0
3318 9988.0 4107.0
3319 10021.0 4125.0
3320 10034.0 4104.0
3321 10037.0 4116.0
3322 10032.0 4113.0
3323 10048.0 4128.0
3324 10070.0 4110.0
3325 10047.0 4092.0
3326 10020.0 4083.0
3327 10018.0 4080.0
3328 10020.0 4077.0
3329 9995.0 4071.0
3330 10008.0 4086.0
3331 10028.0 4080.0
3332 10040.0 4092.0
3333 10039.0 4104.0
3334 10013.0 4089.0
3335 10007.0 4086.0
3336 9982.0 4110.0
3337 9970.0 4131.0
3338 9974.0 4122.0
3339 9992.0 4134.0
3340 9953.0 4119.0
3341 9974.0 4119.0
3342 9984.0 4119.0
3343 9967.0 4125.0
3344 9961.0 4116.0
3345 9990.0 4134.0
3346 9975.0 4137.0
3347 9987.0 4149.0
3348 9965.0 4152.0
3349 9984.0 4164.0
3350 9987.0 4149.0
3351 9990.0 4167.0
3352 9977.0 4143.0
3353 9986.0 4125.0
3354 9975.0 4122.0
3355 9981.0 4119.0
3356 9964.0 4125.0
3357 9955.0 4128.0
3358 9965.0 4131.0
3359 9941.0 4131.0
3360 9929.0 4125.0
3361 9914.0 4128.0
3362 9917.0 4137.0
3363 9931.0 4116.0
3364 9917.0 4119.0
3365 9913.0 4092.0
3366 9902.0 4071.0
3367 9922.0 4068.0
3368 9927.0 4083.0
3369 9920.0 4095.0
3370 9932.0 4110.0
3371 9932.0 4098.0
3372 9928.0 4083.0
3373 9931.0 4101.0
3374 9904.0 4104.0
3375 9899.0 4095.0
3376 9880.0 4071.0
3377 9874.0 4068.0
3378 9906.0 4086.0
3379 9914.0 4092.0
3380 9899.0 4083.0
3381 9916.0 4095.0
3382 9906.0 4089.0
3383 9916.0 4101.0
3384 9925.0 4101.0
3385 9910.0 4095.0
3386 9909.0 4086.0
3387 9933.0 4095.0
3388 9958.0 4116.0
3389 9950.0 4110.0
3390 9918.0 4110.0
3391 9925.0 4083.0
3392 9931.0 4104.0
3393 9932.0 4119.0
3394 9938.0 4131.0
3395 9936.0 4119.0
3396 9931.0 4119.0
3397 9942.0 4110.0
3398 9954.0 4125.0
3399 9966.0 4158.0
3400 9975.0 4182.0
3401 9999.0 4170.0
3402 10023.0 4191.0
3403 10039.0 4191.0
3404 10066.0 4188.0
3405 10082.0 4200.0
3406 10079.0 4203.0
3407 10079.0 4218.0
3408 10076.0 4218.0
3409 10064.0 4221.0
3410 10049.0 4215.0
3411 10029.0 4209.0
3412 10043.0 4200.0
3413 10093.0 4182.0
3414 10072.0 4200.0
3415 10070.0 4191.0
3416 10060.0 4191.0
3417 10078.0 4200.0
3418 10082.0 4206.0
3419 10101.0 4230.0
3420 10103.0 4254.0
3421 10109.0 4272.0
3422 10126.0 4272.0
3423 10115.0 4278.0
3424 10127.0 4287.0
3425 10117.0 4275.0
3426 10114.0 4272.0
3427 10121.0 4260.0
3428 10142.0 4242.0
3429 10127.0 4233.0
3430 10117.0 4239.0
3431 10098.0 4236.0
3432 10074.0 4248.0
3433 10061.0 4245.0
3434 10061.0 4245.0
3435 10048.0 4233.0
3436 10059.0 4227.0
3437 10049.0 4242.0
3438 10057.0 4245.0
3439 10040.0 4251.0
3440 10032.0 4215.0
3441 10041.0 4221.0
3442 10019.0 4209.0
3443 10032.0 4200.0
3444 10019.0 4194.0
3445 10006.0 4182.0
3446 9989.0 4173.0
3447 9980.0 4191.0
3448 9943.0 4179.0
3449 9965.0 4176.0
3450 9925.0 4173.0
3451 9927.0 4167.0
3452 9926.0 4167.0
3453 9923.0 4182.0
3454 9903.0 4176.0
3455 9918.0 4209.0
3456 9930.0 4209.0
3457 9960.0 4212.0
3458 9961.0 4191.0
3459 9958.0 4191.0
3460 9932.0 4206.0
3461 9941.0 4194.0
3462 9928.0 4194.0
3463 9909.0 4188.0
3464 9914.0 4185.0
3465 9926.0 4170.0
3466 9936.0 4158.0
3467 9937.0 4164.0
3468 9942.0 4176.0
3469 9934.0 4152.0
3470 9932.0 4137.0
3471 9928.0 4149.0
3472 9930.0 4155.0
3473 9906.0 4146.0
3474 9920.0 4149.0
3475 9900.0 4161.0
3476 9880.0 4143.0
3477 9888.0 4149.0
3478 9860.0 4134.0
3479 9869.0 4149.0
3480 9881.0 4155.0
3481 9891.0 4161.0
3482 9916.0 4161.0
3483 9920.0 4164.0
3484 9921.0 4149.0
3485 9914.0 4164.0
3486 9916.0 4164.0
3487 9916.0 4173.0
3488 9911.0 4152.0
3489 9913.0 4134.0
3490 9928.0 4140.0
3491 9927.0 4152.0
3492 9916.0 4140.0
3493 9921.0 4125.0
3494 9920.0 4134.0
3495 9914.0 4149.0
3496 9905.0 4131.0
3497 9883.0 4119.0
3498 9889.0 4137.0
3499 9884.0 4128.0
3500 9887.0 4122.0
3501 9877.0 4125.0
3502 9890.0 4128.0
3503 9893.0 4119.0
3504 9906.0 4104.0
3505 9892.0 4077.0
3506 9891.0 4068.0
3507 9902.0 4065.0
3508 9865.0 4068.0
3509 9851.0 4077.0
3510 9832.0 4062.0
3511 9831.0 4062.0
3512 9856.0 4089.0
3513 9847.0 4101.0
3514 9850.0 4086.0
3515 9867.0 4119.0
3516 9877.0 4107.0
3517 9861.0 4080.0
3518 9867.0 4086.0
3519 9883.0 4077.0
3520 9862.0 4080.0
3521 9862.0 4077.0
3522 9887.0 4083.0
3523 9909.0 4086.0
3524 9890.0 4074.0
3525 9917.0 4071.0
3526 9924.0 4056.0
3527 9918.0 4050.0
3528 9936.0 4080.0
3529 9948.0 4089.0
3530 9922.0 4080.0
3531 9915.0 4074.0
3532 9904.0 4104.0
3533 9923.0 4089.0
3534 9927.0 4095.0
3535 9932.0 4092.0
3536 9921.0 4062.0
3537 9942.0 4077.0
3538 9949.0 4074.0
3539 9971.0 4086.0
3540 9997.0 4071.0
3541 10014.0 4089.0
3542 10007.0 4095.0
3543 10001.0 4083.0
3544 9986.0 4098.0
3545 10006.0 4104.0
3546 9989.0 4104.0
3547 10000.0 4110.0
3548 9991.0 4089.0
3549 10016.0 4098.0
3550 10008.0 4092.0
3551 9991.0 4089.0
3552 9999.0 4101.0
3553 10010.0 4104.0
3554 10038.0 4107.0
3555 10038.0 4104.0
3556 10046.0 4107.0
3557 10041.0 4104.0
3558 10039.0 4095.0
3559 10036.0 4119.0
3560 10032.0 4098.0
3561 10032.0 4083.0
3562 10011.0 4095.0
3563 10047.0 4128.0
3564 10042.0 4110.0
3565 10053.0 4101.0
3566 10079.0 4116.0
3567 10085.0 4122.0
3568 10082.0 4113.0
3569 10079.0 4107.0
3570 10045.0 4110.0
3571 10045.0 4104.0
3572 10031.0 4086.0
3573 10031.0 4083.0
3574 10032.0 4068.0
3575 10009.0 4071.0
3576 10021.0 4101.0
3577 10005.0 4110.0
3578 9996.0 4095.0
3579 9997.0 4089.0
3580 9985.0 4059.0
3581 9975.0 4044.0
3582 10000.0 4047.0
3583 9972.0 4026.0
3584 9951.0 4044.0
3585 9948.0 4047.0
3586 9944.0 4041.0
3587 9949.0 4059.0
3588 9967.0 4056.0
3589 9989.0 4074.0
3590 9997.0 4080.0
3591 10010.0 4086.0
3592 10011.0 4074.0
3593 9989.0 4074.0
3594 9987.0 4071.0
3595 10002.0 4068.0
3596 10021.0 4083.0
3597 10030.0 4071.0
3598 10033.0 4080.0
3599 10023.0 4068.0
3600 10005.0 4083.0
3601 10038.0 4116.0
3602 10058.0 4125.0
3603 10071.0 4140.0
3604 10075.0 4116.0
3605 10076.0 4125.0
3606 10075.0 4107.0
3607 10062.0 4098.0
3608 10067.0 4086.0
3609 10056.0 4098.0
3610 10048.0 4113.0
3611 10068.0 4101.0
3612 10041.0 4083.0
3613 10049.0 4068.0
3614 10071.0 4080.0
3615 10055.0 4062.0
3616 10063.0 4059.0
3617 10075.0 4068.0
3618 10076.0 4074.0
3619 10059.0 4056.0
3620 10048.0 4065.0
3621 10049.0 4065.0
3622 10041.0 4068.0
3623 10044.0 4059.0
3624 10049.0 4056.0
3625 10059.0 4071.0
3626 10056.0 4071.0
3627 10055.0 4065.0
3628 10055.0 4071.0
3629 10052.0 4071.0
3630 10062.0 4089.0
3631 10050.0 4071.0
3632 10034.0 4071.0
3633 10011.0 4071.0
3634 10002.0 4032.0
3635 10007.0 4041.0
3636 9994.0 4056.0
3637 10000.0 4068.0
3638 9997.0 4053.0
3639 10005.0 4047.0
3640 9994.0 4023.0
3641 9981.0 4032.0
3642 9975.0 4032.0
3643 9967.0 4044.0
3644 10001.0 4044.0
3645 9982.0 4047.0
3646 9944.0 4029.0
3647 9934.0 4014.0
3648 9923.0 4014.0
3649 9914.0 4020.0
3650 9920.0 4020.0
3651 9907.0 4008.0
3652 9916.0 3999.0
3653 9935.0 3978.0
3654 9930.0 3966.0
3655 9948.0 3972.0
3656 9954.0 3975.0
3657 9957.0 3987.0
3658 9970.0 3981.0
3659 9987.0 3999.0
3660 10002.0 3987.0
3661 9995.0 3981.0
3662 9979.0 4008.0
3663 9994.0 4005.0
3664 10009.0 4017.0
3665 9997.0 4011.0
3666 10018.0 4020.0
3667 10021.0 4029.0
3668 10021.0 4005.0
3669 10032.0 4023.0
3670 10043.0 4026.0
3671 10035.0 4017.0
3672 10044.0 4032.0
3673 10030.0 4020.0
3674 10022.0 4008.0
3675 10052.0 4011.0
3676 10053.0 4002.0
3677 10054.0 3993.0
3678 10053.0 3990.0
3679 10058.0 3990.0
3680 10065.0 3990.0
3681 10033.0 3972.0
3682 10037.0 3984.0
3683 10029.0 3987.0
3684 10053.0 3984.0
3685 10073.0 3987.0
3686 10073.0 3999.0
3687 10059.0 3993.0
3688 10057.0 3969.0
3689 10054.0 4002.0
3690 10046.0 3996.0
3691 10024.0 3996.0
3692 10053.0 3993.0
3693 10056.0 3990.0
3694 10039.0 4011.0
3695 10016.0 4008.0
3696 10020.0 4035.0
3697 10008.0 4041.0
3698 10013.0 4047.0
3699 10000.0 4062.0
3700 9999.0 4068.0
3701 10001.0 4056.0
3702 10038.0 4041.0
3703 10061.0 4023.0
3704 10041.0 4038.0
3705 10040.0 4032.0
3706 10026.0 4035.0
3707 10002.0 4047.0
3708 9979.0 4035.0
3709 9961.0 4011.0
3710 9976.0 4002.0
3711 9980.0 3999.0
3712 9975.0 4014.0
3713 9996.0 4020.0
3714 9987.0 4032.0
3715 9989.0 4017.0
3716 9986.0 4029.0
3717 9961.0 4041.0
3718 9960.0 4044.0
3719 9971.0 4050.0
3720 9971.0 4050.0
3721 9973.0 4038.0
3722 9985.0 4053.0
3723 10007.0 4044.0
3724 10028.0 4044.0
3725 10026.0 4047.0
3726 10005.0 4044.0
3727 9978.0 4038.0
3728 9973.0 4047.0
3729 9955.0 4038.0
3730 9956.0 4050.0
3731 9939.0 4050.0
3732 9934.0 4044.0
3733 9958.0 4056.0
3734 9971.0 4077.0
3735 9958.0 4047.0
3736 9946.0 4029.0
3737 9949.0 4050.0
3738 9955.0 4044.0
3739 9948.0 4029.0
3740 9937.0 4050.0
3741 9948.0 4044.0
3742 9958.0 4035.0
3743 9954.0 4035.0
3744 9952.0 4035.0
3745 9947.0 4017.0
3746 9961.0 4038.0
3747 9945.0 4038.0
3748 9974.0 4038.0
3749 9977.0 4047.0
3750 9983.0 4050.0
3751 9968.0 4056.0
3752 9976.0 4050.0
3753 9948.0 4044.0
3754 9971.0 4044.0
3755 9969.0 4044.0
3756 9977.0 4050.0
3757 9984.0 4050.0
3758 9970.0 4017.0
3759 9971.0 4005.0
3760 9953.0 4008.0
3761 9959.0 4002.0
3762 9959.0 3990.0
3763 9959.0 4035.0
3764 9944.0 4023.0
3765 9946.0 4017.0
3766 9959.0 4002.0
3767 9944.0 4002.0
3768 9930.0 3999.0
3769 9928.0 3999.0
3770 9924.0 3990.0
3771 9894.0 4011.0
3772 9887.0 3984.0
3773 9892.0 3978.0
3774 9899.0 3993.0
3775 9887.0 3990.0
3776 9912.0 3999.0
3777 9907.0 4005.0
3778 9900.0 3999.0
3779 9887.0 3996.0
3780 9879.0 3990.0
3781 9869.0 3981.0
3782 9858.0 4002.0
3783 9850.0 3996.0
3784 9880.0 3981.0
3785 9877.0 3987.0
3786 9854.0 3972.0
3787 9846.0 3966.0
3788 9872.0 3975.0
3789 9907.0 3981.0
3790 9927.0 3984.0
3791 9958.0 3996.0
3792 9958.0 4005.0
3793 9941.0 3987.0
3794 9954.0 4008.0
3795 9929.0 4002.0
3796 9937.0 3999.0
3797 9956.0 4011.0
3798 9979.0 4029.0
3799 9975.0 4023.0
3800 9980.0 4047.0
3801 10004.0 4062.0
3802 9992.0 4050.0
3803 10005.0 4029.0
3804 10006.0 4017.0
3805 9989.0 4017.0
3806 9988.0 4008.0
3807 9978.0 4014.0
3808 9952.0 4014.0
3809 9955.0 4005.0
3810 9943.0 4008.0
3811 9944.0 4011.0
3812 9939.0 3990.0
3813 9938.0 3999.0
3814 9949.0 4002.0
3815 9968.0 4029.0
3816 9977.0 4023.0
3817 9972.0 4017.0
3818 9968.0 4023.0
3819 9974.0 4020.0
3820 9962.0 4023.0
3821 9942.0 4047.0
3822 9934.0 4050.0
3823 9925.0 4047.0
3824 9927.0 4047.0
3825 9954.0 4068.0
3826 9959.0 4038.0
3827 9962.0 4029.0
3828 9965.0 4035.0
3829 9947.0 4047.0
3830 9970.0 4044.0
3831 9955.0 4032.0
3832 9941.0 4029.0
3833 9944.0 4035.0
3834 9958.0 4026.0
3835 9968.0 4014.0
3836 9983.0 4032.0
3837 9993.0 4026.0
3838 9968.0 4029.0
3839 9963.0 4011.0
3840 9934.0 4008.0
3841 9925.0 4014.0
3842 9905.0 4011.0
3843 9891.0 4023.0
3844 9903.0 4029.0
3845 9891.0 3993.0
3846 9862.0 3969.0
3847 9873.0 3981.0
3848 9854.0 3978.0
3849 9873.0 3981.0
3850 9872.0 4008.0
3851 9880.0 3990.0
3852 9888.0 3984.0
3853 9886.0 3987.0
3854 9873.0 4014.0
3855 9891.0 4008.0
3856 9896.0 4020.0
3857 9906.0 3999.0
3858 9902.0 3999.0
3859 9914.0 3999.0
3860 9918.0 4011.0
3861 9919.0 4047.0
3862 9934.0 4047.0
3863 9954.0 4059.0
3864 9955.0 4035.0
3865 9955.0 4050.0
3866 9956.0 4047.0
3867 9971.0 4047.0
3868 9959.0 4029.0
3869 9968.0 4020.0
3870 9942.0 4029.0
3871 9937.0 4035.0
3872 9933.0 4029.0
3873 9919.0 4029.0
3874 9898.0 4008.0
3875 9925.0 4005.0
3876 9924.0 3990.0
3877 9940.0 3999.0
3878 9930.0 3993.0
3879 9927.0 3990.0
3880 9930.0 3990.0
3881 9922.0 4002.0
3882 9897.0 4011.0
3883 9891.0 3984.0
3884 9885.0 3990.0
3885 9884.0 3975.0
3886 9876.0 3990.0
3887 9904.0 4002.0
3888 9943.0 4020.0
3889 9971.0 4029.0
3890 9982.0 4026.0
3891 9992.0 4053.0
3892 9996.0 4026.0
3893 10012.0 4005.0
3894 10002.0 4014.0
3895 10015.0 4017.0
3896 10034.0 4008.0
3897 10023.0 4023.0
3898 10026.0 4023.0
3899 10011.0 4014.0
3900 10005.0 4023.0
3901 10015.0 4023.0
3902 10013.0 3999.0
3903 10019.0 4005.0
3904 9995.0 3999.0
3905 9984.0 3996.0
3906 9961.0 3984.0
3907 9976.0 3984.0
3908 9990.0 3981.0
3909 10005.0 3972.0
3910 9987.0 3969.0
3911 9985.0 3993.0
3912 9982.0 3987.0
3913 9981.0 3951.0
3914 9974.0 3948.0
3915 9983.0 3930.0
3916 10007.0 3939.0
3917 10008.0 3936.0
3918 10011.0 3936.0
3919 10008.0 3951.0
3920 10009.0 3957.0
3921 9998.0 3972.0
3922 9994.0 3948.0
3923 9964.0 3945.0
3924 9983.0 3948.0
3925 9984.0 3942.0
3926 9974.0 3930.0
3927 9967.0 3948.0
3928 9952.0 3939.0
3929 9954.0 3936.0
3930 9962.0 3963.0
3931 9951.0 3969.0
3932 9948.0 3972.0
3933 9949.0 3972.0
3934 9956.0 3978.0
3935 9959.0 3972.0
3936 9955.0 3966.0
3937 9966.0 3972.0
3938 9937.0 3954.0
3939 9933.0 3921.0
3940 9926.0 3912.0
3941 9943.0 3912.0
3942 9949.0 3918.0
3943 9969.0 3933.0
3944 9969.0 3954.0
3945 9983.0 3945.0
3946 9985.0 3930.0
3947 9971.0 3936.0
3948 9972.0 3924.0
3949 9964.0 3921.0
3950 9984.0 3927.0
3951 9977.0 3945.0
3952 9995.0 3960.0
3953 10021.0 3963.0
3954 10003.0 3969.0
3955 9999.0 3975.0
3956 9989.0 3957.0
3957 9995.0 3951.0
3958 9998.0 3960.0
3959 9984.0 3963.0
3960 9978.0 3990.0
3961 9958.0 4002.0
3962 9953.0 3984.0
3963 9935.0 3981.0
3964 9931.0 3975.0
3965 9959.0 3999.0
3966 9978.0 4026.0
3967 9989.0 4041.0
3968 9968.0 4047.0
3969 9974.0 4041.0
3970 9968.0 4050.0
3971 9985.0 4053.0
3972 10020.0 4038.0
3973 10031.0 4047.0
3974 10040.0 4047.0
3975 10016.0 4038.0
3976 10017.0 4041.0
3977 10017.0 4008.0
3978 10012.0 4008.0
3979 10000.0 4002.0
3980 9993.0 4017.0
3981 10007.0 4029.0
3982 9976.0 4005.0
3983 9962.0 4008.0
3984 9953.0 4002.0
3985 9956.0 4014.0
3986 9966.0 4035.0
3987 9966.0 4050.0
3988 9960.0 4047.0
3989 9970.0 4029.0
3990 9966.0 4041.0
3991 9960.0 4047.0
3992 9982.0 4035.0
3993 9989.0 4047.0
3994 9998.0 4047.0
3995 9996.0 4032.0
3996 10012.0 4041.0
3997 9990.0 4047.0
3998 9991.0 4044.0
3999 9988.0 4050.0
4000 9984.0 4035.0
4001 9967.0 4041.0
4002 9962.0 4035.0
4003 9978.0 4014.0
4004 9963.0 4008.0
4005 9959.0 4017.0
4006 9965.0 4002.0
4007 9978.0 4020.0
4008 9981.0 4014.0
4009 9967.0 4008.0
4010 9965.0 4005.0
4011 9972.0 4005.0
4012 9980.0 4020.0
4013 9980.0 4002.0
4014 9986.0 4056.0
4015 10008.0 4047.0
4016 10025.0 4065.0
4017 10000.0 4029.0
4018 9988.0 4047.0
4019 9996.0 4065.0
4020 9999.0 4092.0
4021 9991.0 4110.0
4022 9982.0 4086.0
4023 9996.0 4077.0
4024 9992.0 4074.0
4025 10000.0 4074.0
4026 10009.0 4089.0
4027 9992.0 4074.0
4028 10011.0 4077.0
4029 10012.0 4080.0
4030 10007.0 4068.0
4031 10012.0 4080.0
4032 9998.0 4083.0
4033 9985.0 4068.0
4034 9967.0 4092.0
4035 9953.0 4089.0
4036 9939.0 4059.0
4037 9903.0 4050.0
4038 9909.0 4044.0
4039 9913.0 4029.0
4040 9915.0 4017.0
4041 9907.0 4041.0
4042 9904.0 4035.0
4043 9917.0 4023.0
4044 9905.0 4029.0
4045 9901.0 4011.0
4046 9921.0 4029.0
4047 9922.0 4041.0
4048 9921.0 4038.0
4049 9919.0 4038.0
4050 9901.0 4053.0
4051 9915.0 4047.0
4052 9912.0 4056.0
4053 9924.0 4077.0
4054 9912.0 4068.0
4055 9905.0 4092.0
4056 9919.0 4092.0
4057 9875.0 4083.0
4058 9889.0 4071.0
4059 9898.0 4062.0
4060 9899.0 4068.0
4061 9868.0 4047.0
4062 9867.0 4038.0
4063 9866.0 4050.0
4064 9857.0 4071.0
4065 9873.0 4074.0
4066 9857.0 4053.0
4067 9866.0 4086.0
4068 9861.0 4077.0
4069 9869.0 4089.0
4070 9871.0 4080.0
4071 9886.0 4062.0
4072 9893.0 4065.0
4073 9898.0 4053.0
4074 9886.0 4044.0
4075 9907.0 4056.0
4076 9902.0 4047.0
4077 9909.0 4068.0
4078 9933.0 4089.0
4079 9932.0 4083.0
4080 9927.0 4065.0
4081 9953.0 4083.0
4082 9963.0 4080.0
4083 9965.0 4071.0
4084 9939.0 4062.0
4085 9946.0 4083.0
4086 9951.0 4092.0
4087 9985.0 4098.0
4088 9992.0 4104.0
4089 10004.0 4125.0
4090 9987.0 4158.0
4091 9981.0 4155.0
4092 10000.0 4149.0
4093 9970.0 4104.0
4094 9971.0 4128.0
4095 9959.0 4110.0
4096 9956.0 4104.0
4097 9974.0 4113.0
4098 9976.0 4125.0
4099 9950.0 4122.0
4100 9937.0 4128.0
4101 9949.0 4131.0
4102 9944.0 4137.0
4103 9917.0 4122.0
4104 9901.0 4110.0
4105 9897.0 4098.0
4106 9878.0 4107.0
4107 9898.0 4110.0
4108 9873.0 4089.0
4109 9884.0 4077.0
4110 9873.0 4068.0
4111 9867.0 4071.0
4112 9882.0 4080.0
4113 9891.0 4065.0
4114 9890.0 4071.0
4115 9883.0 4089.0
4116 9873.0 4092.0
4117 9873.0 4077.0
4118 9870.0 4077.0
4119 9868.0 4092.0
4120 9874.0 4116.0
4121 9871.0 4107.0
4122 9887.0 4107.0
4123 9890.0 4137.0
4124 9875.0 4152.0
4125 9897.0 4140.0
4126 9863.0 4134.0
4127 9852.0 4122.0
4128 9867.0 4134.0
4129 9872.0 4128.0
4130 9907.0 4116.0
4131 9899.0 4104.0
4132 9916.0 4080.0
4133 9909.0 4095.0
4134 9903.0 4089.0
4135 9893.0 4083.0
4136 9880.0 4116.0
4137 9880.0 4098.0
4138 9871.0 4101.0
4139 9880.0 4098.0
4140 9874.0 4083.0
4141 9857.0 4077.0
4142 9872.0 4086.0
4143 9871.0 4062.0
4144 9863.0 4050.0
4145 9871.0 4047.0
4146 9855.0 4035.0
4147 9868.0 4032.0
4148 9844.0 4026.0
4149 9851.0 4038.0
4150 9858.0 4035.0
4151 9862.0 4029.0
4152 9865.0 4011.0
4153 9870.0 4005.0
4154 9896.0 4005.0
4155 9900.0 4011.0
4156 9922.0 4011.0
4157 9914.0 3993.0
4158 9917.0 3978.0
4159 9917.0 3993.0
4160 9922.0 4017.0
4161 9905.0 3999.0
4162 9896.0 4011.0
4163 9915.0 4029.0
4164 9899.0 4026.0
4165 9899.0 4029.0
4166 9910.0 4035.0
4167 9918.0 4044.0
4168 9913.0 4044.0
4169 9899.0 4050.0
4170 9881.0 4044.0
4171 9869.0 4056.0
4172 9871.0 4047.0
4173 9889.0 4056.0
4174 9882.0 4050.0
4175 9893.0 4077.0
4176 9900.0 4074.0
4177 9903.0 4089.0
4178 9906.0 4107.0
4179 9897.0 4104.0
4180 9885.0 4098.0
4181 9885.0 4095.0
4182 9887.0 4107.0
4183 9885.0 4131.0
4184 9888.0 4119.0
4185 9872.0 4098.0
4186 9879.0 4104.0
4187 9883.0 4101.0
4188 9908.0 4116.0
4189 9876.0 4104.0
4190 9875.0 4089.0
4191 9864.0 4095.0
4192 9875.0 4080.0
4193 9912.0 4104.0
4194 9929.0 4092.0
4195 9907.0 4086.0
4196 9886.0 4053.0
4197 9892.0 4077.0
4198 9886.0 4080.0
4199 9891.0 4077.0
4200 9906.0 4095.0
4201 9900.0 4065.0
4202 9923.0 4053.0
4203 9927.0 4083.0
4204 9934.0 4086.0
4205 9943.0 4080.0
4206 9945.0 4095.0
4207 9940.0 4095.0
4208 9960.0 4101.0
4209 9968.0 4095.0
4210 9977.0 4074.0
4211 9973.0 4077.0
4212 9952.0 4065.0
4213 9958.0 4080.0
4214 9934.0 4080.0
4215 9937.0 4098.0
4216 9923.0 4101.0
4217 9891.0 4086.0
4218 9892.0 4092.0
4219 9889.0 4104.0
4220 9902.0 4086.0
4221 9900.0 4092.0
4222 9880.0 4086.0
4223 9887.0 4083.0
4224 9887.0 4098.0
4225 9889.0 4086.0
4226 9872.0 4089.0
4227 9881.0 4101.0
4228 9894.0 4089.0
4229 9914.0 4128.0
4230 9919.0 4116.0
4231 9921.0 4113.0
4232 9921.0 4104.0
4233 9912.0 4113.0
4234 9912.0 4107.0
4235 9906.0 4101.0
4236 9901.0 4107.0
4237 9880.0 4110.0
4238 9872.0 4113.0
4239 9891.0 4116.0
4240 9915.0 4098.0
4241 9919.0 4119.0
4242 9938.0 4125.0
4243 9941.0 4113.0
4244 9926.0 4110.0
4245 9930.0 4098.0
4246 9933.0 4110.0
4247 9902.0 4098.0
4248 9918.0 4110.0
4249 9937.0 4092.0
4250 9934.0 4092.0
4251 9949.0 4107.0
4252 9947.0 4110.0
4253 9963.0 4101.0
4254 9967.0 4113.0
4255 9970.0 4122.0
4256 9945.0 4104.0
4257 9936.0 4083.0
4258 9922.0 4092.0
4259 9928.0 4080.0
4260 9910.0 4059.0
4261 9917.0 4038.0
4262 9904.0 4038.0
4263 9907.0 4038.0
4264 9897.0 4035.0
4265 9886.0 4035.0
4266 9916.0 4050.0
4267 9900.0 4029.0
4268 9914.0 4059.0
4269 9920.0 4071.0
4270 9897.0 4086.0
4271 9906.0 4092.0
4272 9904.0 4083.0
4273 9920.0 4098.0
4274 9935.0 4086.0
4275 9947.0 4083.0
4276 9945.0 4086.0
4277 9948.0 4080.0
4278 9958.0 4080.0
4279 9966.0 4086.0
4280 9961.0 4080.0
4281 9957.0 4104.0
4282 9932.0 4104.0
4283 9936.0 4095.0
4284 9941.0 4107.0
4285 9954.0 4134.0
4286 9991.0 4140.0
4287 9996.0 4131.0
4288 10020.0 4146.0
4289 10024.0 4125.0
4290 10026.0 4116.0
4291 10002.0 4113.0
4292 9996.0 4107.0
4293 10002.0 4119.0
4294 10011.0 4110.0
4295 9976.0 4110.0
4296 9986.0 4137.0
4297 9960.0 4125.0
4298 9948.0 4128.0
4299 9938.0 4107.0
4300 9931.0 4107.0
4301 9952.0 4101.0
4302 9956.0 4089.0
4303 9973.0 4101.0
4304 9986.0 4083.0
4305 9990.0 4080.0
4306 10034.0 4083.0
4307 10033.0 4089.0
4308 10040.0 4110.0
4309 10030.0 4086.0
4310 10037.0 4092.0
4311 10052.0 4086.0
4312 10058.0 4080.0
4313 10065.0 4071.0
4314 10050.0 4068.0
4315 10033.0 4083.0
4316 10023.0 4104.0
4317 10028.0 4104.0
4318 10035.0 4089.0
4319 10024.0 4092.0
4320 10019.0 4098.0
4321 10020.0 4095.0
4322 10002.0 4077.0
4323 10001.0 4086.0
4324 10002.0 4095.0
4325 10015.0 4110.0
4326 9990.0 4107.0
4327 10004.0 4107.0
4328 10008.0 4089.0
4329 10012.0 4089.0
4330 10029.0 4089.0
4331 10011.0 4113.0
4332 10019.0 4122.0
4333 10032.0 4134.0
4334 10048.0 4131.0
4335 10027.0 4107.0
4336 10010.0 4095.0
4337 10022.0 4110.0
4338 10008.0 4092.0
4339 9993.0 4077.0
4340 9986.0 4080.0
4341 9989.0 4068.0
4342 10000.0 4080.0
4343 9979.0 4074.0
4344 9983.0 4068.0
4345 9999.0 4098.0
4346 10010.0 4095.0
4347 9988.0 4089.0
4348 9996.0 4101.0
4349 10003.0 4086.0
4350 9974.0 4092.0
4351 9984.0 4098.0
4352 9997.0 4083.0
4353 9995.0 4083.0
4354 9985.0 4077.0
4355 9978.0 4074.0
4356 9959.0 4065.0
4357 9958.0 4074.0
4358 9949.0 4098.0
4359 9924.0 4092.0
4360 9932.0 4092.0
4361 9920.0 4080.0
4362 9913.0 4080.0
4363 9894.0 4092.0
4364 9898.0 4089.0
4365 9909.0 4086.0
4366 9931.0 4083.0
4367 9937.0 4077.0
4368 9939.0 4074.0
4369 9953.0 4068.0
4370 9951.0 4077.0
4371 9975.0 4068.0
4372 9978.0 4074.0
4373 9991.0 4092.0
4374 9993.0 4077.0
4375 10000.0 4089.0
4376 10004.0 4104.0
4377 10000.0 4104.0
4378 9990.0 4089.0
4379 9989.0 4089.0
4380 9960.0 4074.0
4381 9961.0 4068.0
4382 9974.0 4077.0
4383 9949.0 4080.0
4384 9963.0 4098.0
4385 9963.0 4116.0
4386 9970.0 4113.0
4387 9962.0 4119.0
4388 9938.0 4110.0
4389 9915.0 4080.0
4390 9903.0 4083.0
4391 9886.0 4086.0
4392 9876.0 4065.0
4393 9875.0 4074.0
4394 9845.0 4068.0
4395 9821.0 4065.0
4396 9832.0 4062.0
4397 9857.0 4086.0
4398 9858.0 4092.0
4399 9863.0 4092.0
4400 9872.0 4086.0
4401 9871.0 4080.0
4402 9866.0 4086.0
4403 9868.0 4104.0
4404 9883.0 4092.0
4405 9856.0 4080.0
4406 9847.0 4098.0
4407 9843.0 4101.0
4408 9830.0 4095.0
4409 9811.0 4101.0
4410 9807.0 4077.0
4411 9808.0 4098.0
4412 9806.0 4083.0
4413 9798.0 4080.0
4414 9791.0 4086.0
4415 9799.0 4110.0
4416 9815.0 4095.0
4417 9831.0 4095.0
4418 9819.0 4113.0
4419 9812.0 4107.0
4420 9813.0 4116.0
4421 9796.0 4110.0
4422 9804.0 4113.0
4423 9824.0 4131.0
4424 9843.0 4122.0
4425 9850.0 4119.0
4426 9831.0 4134.0
4427 9828.0 4128.0
4428 9822.0 4104.0
4429 9826.0 4110.0
4430 9858.0 4122.0
4431 9844.0 4116.0
4432 9834.0 4104.0
4433 9853.0 4122.0
4434 9852.0 4110.0
4435 9866.0 4122.0
4436 9869.0 4101.0
4437 9874.0 4128.0
4438 9869.0 4116.0
4439 9869.0 4110.0
4440 9879.0 4086.0
4441 9877.0 4080.0
4442 9889.0 4092.0
4443 9887.0 4083.0
4444 9896.0 4077.0
4445 9890.0 4092.0
4446 9883.0 4089.0
4447 9899.0 4098.0
4448 9889.0 4083.0
4449 9892.0 4077.0
4450 9881.0 4071.0
4451 9859.0 4032.0
4452 9872.0 4038.0
4453 9887.0 4026.0
4454 9891.0 4014.0
4455 9864.0 4011.0
4456 9861.0 4020.0
4457 9860.0 4029.0
4458 9867.0 4020.0
4459 9858.0 4029.0
4460 9864.0 4023.0
4461 9860.0 4032.0
4462 9868.0 4047.0
4463 9895.0 4044.0
4464 9905.0 4056.0
4465 9943.0 4080.0
4466 9935.0 4086.0
4467 9934.0 4095.0
4468 9949.0 4095.0
4469 9960.0 4095.0
4470 9960.0 4089.0
4471 9969.0 4068.0
4472 9940.0 4038.0
4473 9938.0 4041.0
4474 9933.0 4029.0
4475 9945.0 4029.0
4476 9948.0 4026.0
4477 9929.0 4032.0
4478 9927.0 4020.0
4479 9950.0 4035.0
4480 9934.0 4023.0
4481 9944.0 4032.0
4482 9952.0 4023.0
4483 9939.0 4005.0
4484 9934.0 4020.0
4485 9926.0 4008.0
4486 9911.0 3990.0
4487 9917.0 3984.0
4488 9946.0 3978.0
4489 9957.0 3978.0
4490 9958.0 3972.0
4491 9965.0 3960.0
4492 9952.0 3969.0
4493 9958.0 3978.0
4494 9912.0 3972.0
4495 9902.0 3960.0
4496 9912.0 3945.0
4497 9949.0 3969.0
4498 9943.0 3978.0
4499 9945.0 4020.0
4500 9929.0 4029.0
4501 9924.0 4005.0
4502 9934.0 3996.0
4503 9949.0 3996.0
4504 9946.0 3999.0
4505 9931.0 4020.0
4506 9923.0 4002.0
4507 9926.0 3999.0
4508 9935.0 4011.0
4509 9924.0 4017.0
4510 9942.0 4035.0
4511 9945.0 4044.0
4512 9928.0 4032.0
4513 9912.0 4026.0
4514 9908.0 4008.0
4515 9924.0 4008.0
4516 9912.0 4005.0
4517 9906.0 4017.0
4518 9908.0 4029.0
4519 9867.0 4026.0
4520 9863.0 4026.0
4521 9874.0 4044.0
4522 9854.0 4041.0
4523 9852.0 4023.0
4524 9856.0 4014.0
4525 9855.0 4026.0
4526 9873.0 4032.0
4527 9849.0 4026.0
4528 9847.0 4020.0
4529 9830.0 4029.0
