MCS Volumen AContact r h theta
0 14000.0 0.0 0.0 29.902658734369908 180.0
1 15645.0 99.0 5.613615477764332 30.015596865105458 158.81346642353702
2 17706.0 270.0 9.27058084855655 29.686329155660776 145.31444819423825
3 20281.0 477.0 12.322086499845234 29.37700032590263 134.48909322059282
4 23125.0 696.0 14.884343478431232 29.156872496037604 125.91212481609563
5 26112.0 954.0 17.42606184481555 28.724986644287437 117.51366940619138
6 28947.0 1224.0 19.738573927438622 28.17123229004615 109.9648938759644
7 31659.0 1560.0 22.283703068536735 27.151693908486063 101.24777133201266
8 34084.0 1800.0 23.936536824085962 26.74339850855869 96.3400710696113
9 36333.0 2049.0 25.538538658086665 26.23531889983624 91.54209707228623
10 38327.0 2274.0 26.904213074943115 25.800169589241335 87.59990426939883
11 39999.0 2478.0 28.085083193101518 25.37697236187062 84.20034221780143
12 41328.0 2679.0 29.201920914323004 24.852846572380997 80.80014530096528
13 42345.0 2829.0 30.00830998263554 24.495605363256534 78.44911567058651
14 43127.0 2949.0 30.638143781175756 24.20977230143323 76.63045543735203
15 43712.0 3066.0 31.240008179248324 23.869195127237194 74.76389095941403
16 44137.0 3147.0 31.649979649604663 23.649009958486744 73.53450835488638
17 44411.0 3213.0 31.98014484502094 23.444598137123872 72.49017876936199
18 44628.0 3270.0 32.26256852485548 23.263531182404055 71.58839359394959
19 44782.0 3315.0 32.48380015791358 23.11589041857594 70.87228885766943
20 44919.0 3363.0 32.7181317809573 22.949763238523143 70.09461048139738
21 45000.0 3393.0 32.86374056344776 22.845303067646523 69.61036405297443
22 45096.0 3420.0 32.99423905394037 22.76123952573337 69.20009084453244
23 45163.0 3438.0 33.08095205250103 22.706771049793403 68.9314209881994
24 45234.0 3462.0 33.19621704303494 22.627387417001422 68.55867838431115
25 45302.0 3474.0 33.253699713001694 22.600711677215145 68.40358458958681
26 45324.0 3492.0 33.33973788969849 22.52945520179338 68.09802233002202
27 45352.0 3507.0 33.41126712422853 22.4741474039382 67.85363694614327
28 45387.0 3525.0 33.49690058494759 22.40864431233461 67.56319668810582
29 45414.0 3534.0 33.53963532558928 22.379741767799114 67.4273930846161
30 45452.0 3546.0 33.59653042216892 22.342109707714915 67.24879842569604
31 45448.0 3561.0 33.6675140855466 22.27515057045607 66.97895482744165
32 45467.0 3579.0 33.75249742836501 22.20443897203726 66.67868633061487
33 45463.0 3594.0 33.82315376993316 22.138061601036885 66.4114092936598
34 45459.0 3615.0 33.92182540127231 22.04620609201559 66.04065702502339
35 45473.0 3627.0 33.97808054008656 22.000279836972297 65.84486081753508
36 45481.0 3630.0 33.992129778040685 21.99057074487889 65.80018011614197
37 45498.0 3642.0 34.04826875894523 21.94600305832494 65.60806369102112
38 45504.0 3651.0 34.09031232560095 21.910061867615962 65.45822894772641
39 45502.0 3657.0 34.11831258685169 21.883826732540207 65.35303650526926
40 45505.0 3669.0 34.17424428437779 21.83419409956342 65.14965998811361
41 45523.0 3693.0 34.28583395043409 21.740058851809593 64.75616527212998
42 45513.0 3702.0 34.327586554437424 21.6984574441881 64.59393721587354
43 45512.0 3714.0 34.383177824142415 21.64789922885953 64.38963422152227
44 45517.0 3720.0 34.41093978088511 21.624802560569368 64.292819249759
45 45507.0 3729.0 34.45254077102813 21.583491563139265 64.13183862188639
46 45513.0 3732.0 34.46639660942099 21.573337112843948 64.08685665726753
47 45512.0 3741.0 34.50793074372268 21.535618165421116 63.93470629490163
48 45525.0 3744.0 34.52176435050956 21.52819450497567 63.896338916059364
49 45542.0 3744.0 34.52176435050956 21.534732394857283 63.91196289954845
50 45539.0 3750.0 34.54941494713355 21.508756458207483 63.80870038980956
51 45578.0 3759.0 34.59084939929734 21.486576198275948 63.69408982616915
52 45590.0 3771.0 34.64601825317124 21.441765441437056 63.50516296141014
53 45586.0 3780.0 34.68733731168665 21.403277245731594 63.352019173267216
54 45585.0 3777.0 34.67356976309445 21.415201767895816 63.400881845798644
55 45579.0 3792.0 34.74235294865525 21.351468577579272 63.146939056160925
56 45553.0 3792.0 34.74235294865525 21.341513638950033 63.123102936252
57 45570.0 3813.0 34.83842126185964 21.262451738686085 62.79278325644825
58 45554.0 3813.0 34.83842126185964 21.256336559287526 62.77812678608414
59 45566.0 3816.0 34.8521236896311 21.248739753088312 62.73988582619998
60 45564.0 3822.0 34.87951239616815 21.2236399434267 62.639722641147486
61 45573.0 3828.0 34.906879612929465 21.20278001804973 62.549809454023276
62 45583.0 3834.0 34.934225390419826 21.182338194551217 62.46098551998655
63 45583.0 3846.0 34.988852828620416 21.133943431737414 62.26557530506707
64 45571.0 3846.0 34.988852828620416 21.12937101777371 62.25460264189428
65 45586.0 3864.0 35.070634442709576 21.06279582521613 61.97654864573474
66 45564.0 3861.0 35.05701742241653 21.066447291029533 62.004961913314254
67 45565.0 3858.0 35.04339511087738 21.078859013685747 62.054433941079296
68 45560.0 3855.0 35.02976750191918 21.08899634333036 62.09846566257274
69 45537.0 3858.0 35.04339511087738 21.068198766078954 62.02883304090817
70 45569.0 3864.0 35.070634442709576 21.056328642685212 61.96101771636495
71 45566.0 3867.0 35.0842461779175 21.0431761820448 61.90980793288478
72 45565.0 3873.0 35.11145381766214 21.018804074832023 61.81209198076463
73 45555.0 3879.0 35.13864039069986 20.991052841128862 61.70633679822647
74 45548.0 3879.0 35.13864039069986 20.988392805122484 61.699943360354226
75 45537.0 3894.0 35.20651497663012 20.92452386604361 61.44913930050753
76 45542.0 3891.0 35.19295053190525 20.93833968333005 61.50176595252859
77 45540.0 3909.0 35.27425895879937 20.866222985117176 61.21223635807768
78 45556.0 3912.0 35.28779214899948 20.86042719784305 61.17903070939404
79 45550.0 3921.0 35.328360614761664 20.822637092552462 61.030438918345794
80 45548.0 3921.0 35.328360614761664 20.821879959771298 61.0286162397471
81 45536.0 3930.0 35.3688825481142 20.78191402018866 60.87496363630768
82 45557.0 3942.0 35.42283968482062 20.742757535623856 60.70441407638947
83 45586.0 3954.0 35.47671475729832 20.706759042669187 60.541811018105705
84 45576.0 3957.0 35.490170746690694 20.691273454617026 60.48558503566617
85 45573.0 3972.0 35.55737431141417 20.631728790142173 60.24784541173803
86 45557.0 3972.0 35.55737431141417 20.625701159719537 60.233311736911155
87 45576.0 3981.0 35.597635552065405 20.59792844533117 60.11008921834721
88 45557.0 3984.0 35.61104585035691 20.579154983360645 60.046104699372556
89 45557.0 3987.0 35.624451100540114 20.567543035267448 59.99941280430645
90 45565.0 3987.0 35.624451100540114 20.570552724760134 60.00667343059798
91 45556.0 3996.0 35.66463661935206 20.532390210204202 59.85869326080523
92 45529.0 3999.0 35.6780217339608 20.510669703002844 59.78768271590272
93 45535.0 4008.0 35.71814698195629 20.47827277220019 59.65385180350421
94 45553.0 4011.0 35.73151205145375 20.473499104470744 59.62383067591668
95 45568.0 4017.0 35.758227204383154 20.456089427619407 59.54486791835017
96 45557.0 4026.0 35.7982625524751 20.417479463605336 59.39640363978181
97 45557.0 4020.0 35.77157729900708 20.440458659455366 59.48869362705928
98 45565.0 4017.0 35.758227204383154 20.45496404755074 59.5421506929332
99 45576.0 4026.0 35.7982625524751 20.424600764809007 59.413602495944914
100 45567.0 4035.0 35.838253176621144 20.386828691467823 59.267342662619605
101 45581.0 4047.0 35.89150469659639 20.346335821882374 59.09645282618503
102 45592.0 4056.0 35.93139154501889 20.316246437043066 58.96917668545286
103 45594.0 4056.0 35.93139154501889 20.31699371792336 58.97098254632262
104 45599.0 4062.0 35.95795819674078 20.2961065671984 58.884233609457866
105 45589.0 4068.0 35.98450523483212 20.269657856365832 58.784121631331814
106 45576.0 4065.0 35.97123416477546 20.276156716969766 58.81791041531577
107 45567.0 4077.0 36.024289111255406 20.227453917443196 58.62797510065772
108 45562.0 4074.0 36.01103270266993 20.236909611473557 58.66885186791797
109 45541.0 4074.0 36.01103270266993 20.229073916633237 58.649900358053415
110 45573.0 4092.0 36.09049811604256 20.173227067407883 58.407087277816686
111 45583.0 4095.0 36.103725346875535 20.165685746593585 58.37096303656555
112 45575.0 4101.0 36.13016528110169 20.140207620601956 58.273624129596186
113 45573.0 4104.0 36.14337799512211 20.128228094053654 58.22682136445237
114 45575.0 4113.0 36.182987188372536 20.095322600451073 58.09387121857359
115 45549.0 4101.0 36.13016528110169 20.13053267238646 58.25021062603987
116 45538.0 4101.0 36.13016528110169 20.126438761738722 58.24030170225731
117 45536.0 4113.0 36.182987188372536 20.08082642413519 58.05877831961261
118 45539.0 4128.0 36.24890633062862 20.026069884989376 57.83778673406537
119 45540.0 4134.0 36.275240446946604 20.004158785573622 57.749507530463426
120 45546.0 4143.0 36.31470581540548 19.97303039283347 57.62144744247452
121 45558.0 4155.0 36.367259686339445 19.933132797416317 57.454870981514134
122 45555.0 4149.0 36.34099225085286 19.954175197597934 57.54076918564888
123 45580.0 4158.0 36.380386291959596 19.930210265510055 57.430362444221856
124 45572.0 4155.0 36.367259686339445 19.938314554152928 57.4674257609981
125 45569.0 4158.0 36.380386291959596 19.926140432744923 57.42050191432684
126 45579.0 4158.0 36.380386291959596 19.929840296567065 57.429466109234674
127 45552.0 4161.0 36.39350816300557 19.908797463027778 57.36107146151397
128 45542.0 4158.0 36.380386291959596 19.916149216483554 57.396290912085476
129 45548.0 4170.0 36.43284541984618 19.874218160319334 57.22517839140005
130 45575.0 4182.0 36.48522912111986 19.840184053067123 57.073523127543886
131 45576.0 4191.0 36.52446759360452 19.807641766698584 56.9429792700209
132 45566.0 4197.0 36.550603173044486 19.782062158764894 56.84662743546383
133 45561.0 4197.0 36.550603173044486 19.780219277266436 56.842158625681435
134 45565.0 4212.0 36.61586050615398 19.72712807257286 56.627942100534746
135 45575.0 4218.0 36.64193089785566 19.709044888050006 56.550039730621876
136 45569.0 4215.0 36.6288980214349 19.71771453440246 56.588078975793486
137 45564.0 4215.0 36.6288980214349 19.715875048128588 56.58361707965327
138 45555.0 4212.0 36.61586050615398 19.723447781526904 56.61901508932009
139 45556.0 4212.0 36.61586050615398 19.723815824532178 56.61990785787801
140 45551.0 4209.0 36.602818347055944 19.732868453228352 56.65891520476871
141 45537.0 4215.0 36.6288980214349 19.705940489718767 56.55951637553393
142 45543.0 4209.0 36.602818347055944 19.72992300472905 56.651770242956715
143 45542.0 4218.0 36.64193089785566 19.696907155968546 56.52059469979515
144 45547.0 4221.0 36.654959140364355 19.687881930945778 56.4817122116052
145 45557.0 4233.0 36.70702586993376 19.648189575450505 56.31766253704628
146 45543.0 4239.0 36.73303155925316 19.621421734611534 56.218955814579644
147 45545.0 4233.0 36.70702586993376 19.64378230233169 56.3069675469567
148 45539.0 4239.0 36.73303155925316 19.61995341990582 56.21539206168872
149 45537.0 4239.0 36.73303155925316 19.619219244259472 56.21361009644187
150 45536.0 4242.0 36.746027502189136 19.608053836937806 56.169668630308635
151 45544.0 4245.0 36.759018850483365 19.6001996261566 56.133783688417125
152 45539.0 4251.0 36.784987782617165 19.576814278996956 56.04343685916211
153 45527.0 4257.0 36.81093839450982 19.550902975876564 55.94703241729512
154 45525.0 4263.0 36.83687072487971 19.528695920661832 55.85969673193565
155 45541.0 4272.0 36.875735026940866 19.502407479073785 55.74588860704775
156 45523.0 4263.0 36.83687072487971 19.527963462683648 55.85791808123762
157 45543.0 4269.0 36.862784812309044 19.51384607955503 55.79030286608944
158 45544.0 4269.0 36.862784812309044 19.51421202402398 55.79119143480979
159 45535.0 4281.0 36.91455841199794 19.468149361738313 55.61289880069762
160 45532.0 4278.0 36.90162182200474 19.47773096516956 55.65274665974343
161 45524.0 4284.0 36.92749046999213 19.453460380100797 55.560664723157124
162 45525.0 4290.0 36.95334100901381 19.432516822358828 55.47673934264543
163 45519.0 4296.0 36.97917347704738 19.40905443757673 55.38677041029482
164 45502.0 4296.0 36.97917347704738 19.402849033683818 55.37169320348307
165 45503.0 4302.0 37.00498791193787 19.381983121804463 55.28810656387882
166 45525.0 4302.0 37.00498791193787 19.390008418392373 55.30760645897447
167 45541.0 4305.0 37.01788837874493 19.38523796901524 55.27959929527987
168 45533.0 4305.0 37.01788837874493 19.3823211317648 55.27251301125771
169 45514.0 4311.0 37.04367583459182 19.354214058135476 55.171446353947815
170 45521.0 4317.0 37.06944535133247 19.335621029034343 55.09357255561269
171 45522.0 4323.0 37.09519696635303 19.31487721447338 55.01054765011287
172 45532.0 4314.0 37.056562833010744 19.350195765271174 55.145325768414224
173 45549.0 4317.0 37.06944535133247 19.34581739108806 55.11834797756314
174 45569.0 4323.0 37.09519696635303 19.33198039197344 55.052104817695835
175 45567.0 4326.0 37.10806607236597 19.320707190601702 55.00843219313304
176 45558.0 4329.0 37.12093071690997 19.30689812099308 54.95861690924257
177 45556.0 4326.0 37.10806607236597 19.316706085875214 54.99871125947403
178 45542.0 4329.0 37.12093071690997 19.30107961716672 54.944478712264115
179 45545.0 4332.0 37.13379090462191 19.29164570207491 54.90531190580936
180 45562.0 4335.0 37.14664664013069 19.287307908780832 54.87854715588749
181 45553.0 4341.0 37.17234477301419 19.263030689598878 54.78716315240518
182 45567.0 4350.0 37.21085869607808 19.23666804399342 54.6746569686968
183 45565.0 4356.0 37.23651251415192 19.215023149830024 54.58985631116446
184 45547.0 4368.0 37.28776720119881 19.166773496830626 54.408421273848894
185 45559.0 4383.0 37.35173665498774 19.11916058918558 54.21291227665826
186 45610.0 4392.0 37.390065794529015 19.10651127804433 54.134520877817245
187 45595.0 4389.0 37.37729378192939 19.111446020359022 54.162379930748536
188 45593.0 4389.0 37.37729378192939 19.110723531176557 54.16062397704466
189 45595.0 4398.0 37.415596740347624 19.08041868781059 54.03943072948398
190 45600.0 4392.0 37.390065794529015 19.102900289301576 54.12574519326729
191 45610.0 4395.0 37.40283344584685 19.09616711673653 54.09353395673695
192 45602.0 4398.0 37.415596740347624 19.082944903102124 54.04557072226707
193 45606.0 4395.0 37.40283344584685 19.09472321359926 54.09002487780483
194 45610.0 4395.0 37.40283344584685 19.09616711673653 54.09353395673695
195 45606.0 4392.0 37.390065794529015 19.105066916458895 54.13101076882599
196 45605.0 4389.0 37.37729378192939 19.11505829645354 54.17115887383382
197 45609.0 4395.0 37.40283344584685 19.095806145184785 54.09265670757648
198 45613.0 4404.0 37.441110276718746 19.066269760456176 53.97344240471671
199 45615.0 4416.0 37.492085263260826 19.025807073488146 53.81212070648367
200 45588.0 4410.0 37.46660643920819 19.036649991826053 53.869924580586726
201 45599.0 4416.0 37.492085263260826 19.0200442706197 53.798113238246174
202 45622.0 4422.0 37.51754678420115 19.00778752353152 53.736945752806676
203 45611.0 4428.0 37.542991037233904 18.98332566019058 53.64618528575719
204 45632.0 4428.0 37.542991037233904 18.990878834884246 53.66454395256455
205 45606.0 4431.0 37.5557066992538 18.971289509275213 53.60130535932347
206 45603.0 4434.0 37.56841805744458 18.95998223314232 53.558215273827216
207 45610.0 4428.0 37.542991037233904 18.982965954674313 53.645310915107935
208 45607.0 4419.0 37.50481818441693 19.012652797370535 53.76445039105026
209 45610.0 4428.0 37.542991037233904 18.982965954674313 53.645310915107935
210 45587.0 4434.0 37.56841805744458 18.95422994125397 53.544230441565304
211 45601.0 4446.0 37.61922053914905 18.918438146995506 53.394995031755975
212 45589.0 4452.0 37.64459607022283 18.8937722695395 53.304026326828456
213 45592.0 4452.0 37.64459607022283 18.89484878604002 53.30664387856142
214 45589.0 4455.0 37.65727742347802 18.883606795531158 53.26383905238401
215 45580.0 4452.0 37.64459607022283 18.890542571929796 53.29617295135987
216 45592.0 4461.0 37.68262732700428 18.864377531387127 53.186197752295755
217 45584.0 4470.0 37.72062023935376 18.831119566490525 53.059137957608684
218 45582.0 4470.0 37.72062023935376 18.830403234258092 53.05739594890199
219 45599.0 4467.0 37.70796018857282 18.846614724402595 53.11219472606152
220 45603.0 4476.0 37.7459276023076 18.81770332685604 52.99581308163525
221 45583.0 4482.0 37.77121800889865 18.790363694946677 52.898702592804746
222 45576.0 4479.0 37.75857492301846 18.79794529481328 52.93244329569866
223 45556.0 4476.0 37.7459276023076 18.800879947478546 52.95489914844856
224 45563.0 4476.0 37.7459276023076 18.803385936580014 52.96099455845426
225 45569.0 4470.0 37.72062023935376 18.82574680972435 53.04607160327366
226 45553.0 4467.0 37.70796018857282 18.830132887408052 53.07211184343062
227 45558.0 4476.0 37.7459276023076 18.801595957915676 52.956640760085904
228 45542.0 4470.0 37.72062023935376 18.816074306258134 53.022544668104956
229 45549.0 4473.0 37.73327604250783 18.80847365626569 52.988704527348304
230 45560.0 4476.0 37.7459276023076 18.802311957511968 52.958382318985514
231 45551.0 4473.0 37.73327604250783 18.809189936308425 52.99044686661324
232 45557.0 4458.0 37.669954507635644 18.861973074217477 53.19578029475406
233 45584.0 4467.0 37.70796018857282 18.841240845268484 53.09912729928906
234 45581.0 4476.0 37.7459276023076 18.8098292987776 52.97666550368907
235 45601.0 4482.0 37.77121800889865 18.796801916091727 52.91435902388628
236 45584.0 4491.0 37.809121900031 18.760513858921296 52.7803090345104
237 45586.0 4503.0 37.85960139100264 18.721071994262047 52.62357287692161
238 45576.0 4500.0 37.8469878303024 18.72752805064369 52.65445000637721
239 45591.0 4506.0 37.87221075068316 18.71283823251715 52.588389849211595
240 45585.0 4512.0 37.89741688375691 18.69068858688577 52.504258251690445
241 45580.0 4509.0 37.88481591353866 18.698905510954575 52.53936434772465
242 45571.0 4503.0 37.85960139100264 18.7157184325186 52.610551919604255
243 45577.0 4506.0 37.87221075068316 18.707843404730745 52.57624181055399
244 45570.0 4515.0 37.910013665518704 18.67535031813764 52.451849034853915
245 45582.0 4518.0 37.92260626299788 18.669644986171917 52.42288788808044
246 45603.0 4533.0 37.985506631755264 18.62732999397629 52.244809998740166
247 45600.0 4536.0 37.99807421080277 18.6163295689811 52.203076712828285
248 45597.0 4542.0 38.02319690724042 18.595422404332457 52.12232302995306
249 45591.0 4545.0 38.03575203286151 18.58338355624113 52.07811717026439
250 45594.0 4548.0 38.0483030155601 18.574550718842424 52.04172638220665
251 45605.0 4563.0 38.110995928427755 18.52908522571264 51.856871993865845
252 45599.0 4563.0 38.110995928427755 18.526958120453862 51.85169891004559
253 45579.0 4560.0 38.09846559899868 18.52972141842035 51.873238943926104
254 45571.0 4557.0 38.08593114707233 18.53674566011707 51.905159430604925
255 45577.0 4557.0 38.08593114707233 18.538874599475847 51.91033803117576
256 45564.0 4557.0 38.08593114707233 18.53426177915684 51.899117154035515
257 45552.0 4557.0 38.08593114707233 18.5300034009158 51.88875752258536
258 45550.0 4575.0 38.16107610236958 18.470264192781706 51.65470229188664
259 45546.0 4581.0 38.1860915597282 18.449239542769604 51.57412008352938
260 45558.0 4572.0 38.14856222234714 18.48291560751006 51.70022370291953
261 45555.0 4575.0 38.16107610236958 18.4720350887267 51.659010624263736
262 45560.0 4578.0 38.1735858801527 18.463996122169597 51.624727947119624
263 45559.0 4584.0 38.19859314512115 18.444048028433468 51.54680001633819
264 45565.0 4584.0 38.19859314512115 18.446170855515245 51.55196415460642
265 45567.0 4596.0 38.24855862513909 18.407787656839663 51.39999878729582
266 45564.0 4605.0 38.28598994248883 18.377498819315306 51.282555685511305
267 45552.0 4599.0 38.261039799765676 18.3927375667522 51.34878263336718
268 45559.0 4596.0 38.24855862513909 18.404960978846475 51.393122559312424
269 45571.0 4584.0 38.19859314512115 18.448293590208007 51.557127843380414
270 45577.0 4596.0 38.24855862513909 18.41132077476138 51.408592955401566
271 45582.0 4605.0 38.28598994248883 18.383852076656783 51.29800939612868
272 45572.0 4596.0 38.24855862513909 18.40955424768487 51.4042960264635
273 45547.0 4593.0 38.23607337635692 18.410478402833313 51.421165741425256
274 45555.0 4596.0 38.24855862513909 18.40354757863017 51.389684147466646
275 45555.0 4602.0 38.27351690422249 18.384055396634874 51.313075112517346
276 45591.0 4611.0 38.31092383633497 18.367578068719475 51.22933166413561
277 45567.0 4614.0 38.323384699841036 18.34940321774219 51.17060434898673
278 45577.0 4608.0 38.298458918537534 18.372359653757965 51.255500734124766
279 45574.0 4617.0 38.33584151300923 18.34216923617127 51.13850588363304
280 45569.0 4614.0 38.323384699841036 18.35010845914084 51.17231981439196
281 45581.0 4632.0 38.39806496170502 18.29624611913718 50.95454903955577
282 45592.0 4632.0 38.39806496170502 18.30011671534279 50.963962404417344
283 45588.0 4638.0 38.42292612647326 18.27940964275879 50.884814743186475
284 45571.0 4641.0 38.43535067849613 18.263796118132007 50.83247401630463
285 45564.0 4644.0 38.44777121547521 18.251708868607754 50.7887263646795
286 45559.0 4650.0 38.47260025985541 18.23072500200395 50.709043143367055
287 45554.0 4644.0 38.44777121547521 18.24819414084568 50.78017713355732
288 45591.0 4656.0 38.497413290657974 18.222762390633164 50.66109720997398
289 45577.0 4656.0 38.497413290657974 18.217849200129745 50.64914898952951
290 45578.0 4647.0 38.46018774130042 18.247009440783895 50.762964634359186
291 45597.0 4641.0 38.43535067849613 18.272935835587866 50.85470176851103
292 45597.0 4641.0 38.43535067849613 18.272935835587866 50.85470176851103
293 45612.0 4665.0 38.5346028790668 18.201384291630884 50.56635781836272
294 45605.0 4668.0 38.54699143520717 18.189365538505843 50.52291584466836
295 45611.0 4674.0 38.57175661054391 18.172361194512195 50.45318309641911
296 45594.0 4674.0 38.57175661054391 18.166407899622556 50.438708455702944
297 45582.0 4674.0 38.57175661054391 18.162205147268175 50.428488987958744
298 45591.0 4683.0 38.608874588605815 18.13676555450896 50.324182106404066
299 45605.0 4695.0 38.65830978758509 18.103649230569857 50.187295067587506
300 45624.0 4707.0 38.707681850856204 18.072394077464875 50.05520040840085
301 45618.0 4707.0 38.707681850856204 18.070300918357557 50.050112691930494
302 45584.0 4710.0 38.72001503002877 18.04898989432962 49.98432052261293
303 45591.0 4710.0 38.72001503002877 18.051431657132767 49.990256837498116
304 45581.0 4710.0 38.72001503002877 18.047943388454037 49.98177621211615
305 45589.0 4728.0 38.79393176615336 17.99421184641018 49.76759670923084
306 45601.0 4728.0 38.79393176615336 17.998389059336787 49.77775050171708
307 45603.0 4728.0 38.79393176615336 17.999085228104345 49.77944263815693
308 45597.0 4728.0 38.79393176615336 17.996996693184446 49.77436608971937
309 45583.0 4734.0 38.81853940057592 17.973348475356563 49.68915980509859
310 45575.0 4734.0 38.81853940057592 17.970565240741827 49.68239397102699
311 45565.0 4737.0 38.83083736996431 17.95771287531895 49.637315952157664
312 45593.0 4740.0 38.8431314457417 17.958082563661783 49.624396018885385
313 45603.0 4740.0 38.8431314457417 17.961558807148624 49.63284505402017
314 45615.0 4737.0 38.83083736996431 17.97510091267104 49.67958090511245
315 45605.0 4728.0 38.79393176615336 17.99978138733285 49.78113472822508
316 45606.0 4737.0 38.83083736996431 17.97197150391987 49.67197534265362
317 45590.0 4743.0 38.85542163160399 17.947679699290465 49.585306416141314
318 45593.0 4746.0 38.867707931241206 17.93937000784546 49.55132111177708
319 45596.0 4755.0 38.90454354961545 17.912402530594107 49.44451056192024
320 45579.0 4764.0 38.94134432424719 17.878570890672766 49.32116807557968
321 45589.0 4773.0 38.978110353828505 17.85417484774692 49.22090641161107
322 45589.0 4770.0 38.96585886512296 17.863454611049136 49.25709975782668
323 45586.0 4767.0 38.953603523141865 17.871702572598448 49.290802214472926
324 45593.0 4791.0 39.05153857028608 17.800045886378715 49.00785861385674
325 45586.0 4788.0 39.039310125154486 17.806858077904433 49.03795741557187
326 45592.0 4791.0 39.05153857028608 17.799700246420617 49.00701884736437
327 45607.0 4791.0 39.05153857028608 17.804884603339605 49.01961416666353
328 45634.0 4788.0 39.039310125154486 17.823452495507993 49.078271558951485
329 45629.0 4791.0 39.05153857028608 17.812487387035997 49.03808273554882
330 45646.0 4815.0 39.14922862554194 17.744735977415758 48.76566585031582
331 45634.0 4812.0 39.137030703879425 17.749775061847178 48.79133210404181
332 45626.0 4821.0 39.17361307426282 17.719521085698737 48.677626027036666
333 45632.0 4821.0 39.17361307426282 17.721587373315923 48.682643631584625
334 45618.0 4827.0 39.197982353804356 17.69847630395356 48.5997781296851
335 45604.0 4821.0 39.17361307426282 17.71194399744702 48.65922474229706
336 45601.0 4830.0 39.21016131397203 17.683494018865698 48.55004820123728
337 45596.0 4833.0 39.22233649244089 17.67265090070336 48.51038640129035
338 45579.0 4842.0 39.25883937283315 17.63948782878245 48.38996022614358
339 45570.0 4839.0 39.24667551835904 17.645490819941415 48.417817717702036
340 45583.0 4833.0 39.22233649244089 17.668178891934097 48.499525448966665
341 45574.0 4839.0 39.24667551835904 17.64686603947323 48.42115781756981
342 45579.0 4839.0 39.24667551835904 17.64858501319838 48.425332696180845
343 45570.0 4836.0 39.23450789273152 17.654594753127846 48.453222566084506
344 45575.0 4839.0 39.24667551835904 17.647209838724002 48.421992815178314
345 45587.0 4836.0 39.23450789273152 17.660441187203077 48.46742209406188
346 45597.0 4833.0 39.22233649244089 17.672994885559167 48.511221782326174
347 45585.0 4833.0 39.22233649244089 17.66886691814128 48.50119648545314
348 45602.0 4839.0 39.24667551835904 17.65649156691076 48.444533614310664
349 45589.0 4836.0 39.23450789273152 17.66112896010607 48.469092418526095
350 45582.0 4833.0 39.22233649244089 17.667834875440764 48.49868991425777
351 45573.0 4833.0 39.22233649244089 17.664738625308477 48.49116960789431
352 45573.0 4854.0 39.30745714919905 17.601117778933173 48.24382110912954
353 45577.0 4851.0 39.295308344350325 17.611556408367427 48.28238621989827
354 45594.0 4854.0 39.30745714919905 17.60832478588689 48.26132110889556
355 45582.0 4851.0 39.295308344350325 17.613272995359765 48.286554672199614
356 45578.0 4854.0 39.30745714919905 17.6028338223921 48.247988210014945
357 45580.0 4869.0 39.368144937612655 17.558305940774797 48.07401794159028
358 45608.0 4869.0 39.368144937612655 17.567898162223262 48.09730409845735
359 45610.0 4875.0 39.392393874274504 17.55054468637146 48.028937607772676
360 45605.0 4878.0 39.40451274669604 17.539826004542896 47.98982227886959
361 45605.0 4887.0 39.44084702158646 17.512850930670194 47.885147786115354
362 45604.0 4893.0 39.46505128714883 17.494564408664466 47.81470910700172
363 45606.0 4890.0 39.45295101052311 17.504216365550057 47.851154958671245
364 45591.0 4893.0 39.46505128714883 17.490123206750777 47.803930990809725
365 45562.0 4902.0 39.501329877270486 17.453369960105277 47.67576675269598
366 45568.0 4899.0 39.489240717116736 17.46435929940188 47.7154097493096
367 45573.0 4905.0 39.51341533873645 17.44819056393995 47.65024052248387
368 45592.0 4902.0 39.501329877270486 17.463609647453204 47.700617323092445
369 45594.0 4890.0 39.45295101052311 17.500115449471263 47.841202451104934
370 45577.0 4887.0 39.44084702158646 17.503278280652754 47.86191372805435
371 45558.0 4881.0 39.41662789309966 17.514746192557457 47.915861566887465
372 45556.0 4884.0 39.42873931692001 17.505075886952977 47.87932399791006
373 45565.0 4887.0 39.44084702158646 17.499175188861607 47.85195371384559
374 45546.0 4884.0 39.42873931692001 17.501655026831276 47.87101868443242
375 45540.0 4887.0 39.44084702158646 17.490626064436412 47.83119874879727
376 45537.0 4896.0 39.477147854877245 17.462718242827524 47.72440973845104
377 45543.0 4902.0 39.501329877270486 17.44688380954041 47.660023129986016
378 45571.0 4896.0 39.477147854877245 17.474332932126476 47.752603599252794
379 45586.0 4899.0 39.489240717116736 17.470505229301082 47.7303258047396
380 45581.0 4896.0 39.477147854877245 17.47774853591406 47.76089357474093
381 45583.0 4890.0 39.45295101052311 17.496355998792012 47.83207797167189
382 45584.0 4899.0 39.489240717116736 17.46982238315096 47.72866863488979
383 45576.0 4908.0 39.525497104907416 17.440287316913807 47.61811900246342
384 45561.0 4902.0 39.501329877270486 17.45302860338847 47.67493823626095
385 45557.0 4911.0 39.537575179170965 17.42488921705473 47.56782504746556
386 45555.0 4917.0 39.56172026550032 17.40639655422462 47.49714378987327
387 45561.0 4914.0 39.549649564909515 17.41734341730246 47.53660329802081
388 45563.0 4914.0 39.549649564909515 17.418025187107258 47.538257774793635
389 45549.0 4920.0 39.573787284315486 17.395458646752267 47.45772206433368
390 45571.0 4929.0 39.60996628375117 17.376311399128454 47.372713607937364
391 45571.0 4932.0 39.6220186090822 17.367446049725427 47.33838400239184
392 45565.0 4929.0 39.60996628375117 17.374269697054018 47.367760127324416
393 45553.0 4926.0 39.597910290081636 17.37905688495431 47.39221009014146
394 45548.0 4929.0 39.60996628375117 17.368484454025037 47.353723225181504
395 45540.0 4938.0 39.6461122681097 17.339199416105874 47.244259989037644
396 45534.0 4944.0 39.67019129387532 17.319490476462107 47.17091369948557
397 45524.0 4944.0 39.67019129387532 17.316092688329135 47.16266986259599
398 45518.0 4947.0 39.68222532761 17.30523265749571 47.12358096288154
399 45523.0 4950.0 39.694255713009206 17.29811675886623 47.09359201470737
400 45528.0 4953.0 39.7062824533891 17.291007172219008 47.06363356648108
401 45503.0 4956.0 39.71830555206083 17.273723953250872 47.009009266434376
402 45500.0 4950.0 39.694255713009206 17.290306405374587 47.074641818393445
403 45502.0 4953.0 39.7062824533891 17.28218133250017 47.042220914517095
404 45522.0 4956.0 39.71830555206083 17.28017146866234 47.02465134255372
405 45518.0 4953.0 39.7062824533891 17.28761278842183 47.055398755702925
406 45527.0 4956.0 39.71830555206083 17.28186805598593 47.02876706091968
407 45544.0 4962.0 39.74234083749936 17.270055258328867 46.974763177701554
408 45551.0 4965.0 39.754353030863435 17.263648544712918 46.94656983902037
409 45550.0 4965.0 39.754353030863435 17.26330963528384 46.94574792857664
410 45565.0 4959.0 39.730325012330546 17.285963757017228 47.02601672288174
411 45535.0 4962.0 39.74234083749936 17.26700380552889 46.96736206951322
412 45554.0 4968.0 39.76636159571394 17.255892467377674 46.91511916416767
413 45547.0 4965.0 39.754353030863435 17.262292894329427 46.943282135805056
414 45544.0 4968.0 39.76636159571394 17.252504517626768 46.90690312911923
415 45551.0 4968.0 39.76636159571394 17.25487610458565 46.912654461002305
416 45552.0 4974.0 39.79036785301406 17.237692272226766 46.845745916699705
417 45552.0 4983.0 39.82635010710659 17.2114644663407 46.74440343264605
418 45542.0 4995.0 39.87427593684974 17.173221122942298 46.60156328914207
419 45552.0 4989.0 39.85032022670497 17.1940165979293 46.67700985685842
420 45568.0 4992.0 39.86229988133503 17.190709145303664 46.65646591368996
421 45544.0 4983.0 39.82635010710659 17.208758793735246 46.737843437554275
422 45554.0 4995.0 39.87427593684974 17.17727398873744 46.61138774521255
423 45553.0 4995.0 39.87427593684974 17.176936261354157 46.610569095968266
424 45565.0 4992.0 39.86229988133503 17.189695691748277 46.65400938803774
425 45564.0 5001.0 39.898217263496086 17.16326000788155 46.552440377305295
426 45557.0 5001.0 39.898217263496086 17.16089766303195 46.546714862441156
427 45548.0 5010.0 39.93410234099161 17.131834792963687 46.43891883245327
428 45560.0 5013.0 39.94605686972549 17.127218720617886 46.41530788637227
429 45538.0 5016.0 39.958007821935944 17.111152265221186 46.36396465476718
430 45540.0 5019.0 39.9699552008311 17.103181527249046 46.33225550319165
431 45540.0 5019.0 39.9699552008311 17.103181527249046 46.33225550319165
432 45555.0 5019.0 39.9699552008311 17.10823352370377 46.34449718204461
433 45567.0 5031.0 40.0177090472537 17.077757404798927 46.22121674086786
434 45579.0 5028.0 40.005775929634204 17.090412448384328 46.26421368014057
435 45585.0 5025.0 39.993839251484076 17.101058481408582 46.30235975336331
436 45577.0 5031.0 40.0177090472537 17.08112020450023 46.229362409293515
437 45579.0 5031.0 40.0177090472537 17.081792739954977 46.23099142435839
438 45585.0 5031.0 40.0177090472537 17.08381029734775 46.23587823231911
439 45587.0 5031.0 40.0177090472537 17.084482800154774 46.23750708922924
440 45581.0 5022.0 39.981899009614295 17.108347181314528 46.33238846824138
441 45591.0 5013.0 39.94605686972549 17.137665009539393 46.44061885672524
442 45593.0 5019.0 39.9699552008311 17.121029847225333 46.37549941640841
443 45582.0 5016.0 39.958007821935944 17.125975492849033 46.3998824122947
444 45596.0 5022.0 39.981899009614295 17.11339615504301 46.34461915619629
445 45615.0 5025.0 39.993839251484076 17.11115220291715 46.32680795870424
446 45609.0 5028.0 40.005775929634204 17.100503019386984 46.28865391838443
447 45588.0 5034.0 40.02963860752683 17.07620563649105 46.20512938964682
448 45585.0 5031.0 40.0177090472537 17.08381029734775 46.23587823231911
449 45593.0 5037.0 40.04156461363309 17.069279608061127 46.17603897930566
450 45585.0 5034.0 40.02963860752683 17.07519723724217 46.20268709562346
451 45578.0 5037.0 40.04156461363309 17.06423934064363 46.16383224635333
452 45579.0 5031.0 40.0177090472537 17.081792739954977 46.23099142435839
453 45582.0 5037.0 40.04156461363309 17.065583456706694 46.16708759190541
454 45581.0 5031.0 40.0177090472537 17.082465267247827 46.232620399884055
455 45573.0 5040.0 40.05348706874727 17.05396218081484 46.12664166178668
456 45565.0 5028.0 40.005775929634204 17.085702885803435 46.25280518630053
457 45558.0 5028.0 40.005775929634204 17.083347954307936 46.247100211643264
458 45549.0 5037.0 40.04156461363309 17.05449352585826 46.14022627615414
459 45555.0 5040.0 40.05348706874727 17.04791518498453 46.11199564017713
460 45582.0 5046.0 40.07732133867491 17.03981136907927 46.067814135371904
461 45560.0 5037.0 40.04156461363309 17.0581904156011 46.149181240388884
462 45578.0 5040.0 40.05348706874727 17.055641785098224 46.130709435445816
463 45575.0 5037.0 40.04156461363309 17.063231232237754 46.161390633730555
464 45571.0 5043.0 40.065405976039436 17.04470092162472 46.09192692974167
465 45562.0 5055.0 40.113046190224225 17.00739830574049 45.9525977160002
466 45556.0 5061.0 40.136845092460426 16.988291200753032 45.88192146597705
467 45558.0 5058.0 40.12494740579249 16.997505514548426 45.916430502073176
468 45574.0 5052.0 40.1011414426137 17.01998300154194 45.99529862597567
469 45566.0 5055.0 40.113046190224225 17.008739736313743 45.95584585464168
470 45567.0 5049.0 40.08923315981436 17.02620175178172 46.02260005829935
471 45568.0 5046.0 40.07732133867491 17.035111747188203 46.05643343491812
472 45576.0 5049.0 40.08923315981436 17.0292219454462 46.02991359304778
473 45595.0 5043.0 40.065405976039436 17.052759841937913 46.11144264778051
474 45596.0 5040.0 40.05348706874727 17.061687940099322 46.14535138430685
475 45584.0 5058.0 40.12494740579249 17.006221397845287 45.937533125410425
476 45595.0 5061.0 40.136845092460426 17.001360100620467 45.91356093549296
477 45585.0 5070.0 40.17251701041172 16.972411442600873 45.80696107326343
478 45584.0 5079.0 40.208157280923395 16.946544466157643 45.707957070703934
479 45559.0 5073.0 40.184400612804595 16.95519273166383 45.753137070744344
480 45556.0 5076.0 40.196280701937106 16.945681264945925 45.717984596443664
481 45560.0 5073.0 40.184400612804595 16.95552739481688 45.753947184108924
482 45572.0 5079.0 40.208157280923395 16.942531763164215 45.69824572395399
483 45568.0 5070.0 40.17251701041172 16.966720754042885 45.79318636963528
484 45557.0 5076.0 40.196280701937106 16.946015816865266 45.718794410716846
485 45556.0 5070.0 40.17251701041172 16.962703449467455 45.78346136490262
486 45533.0 5067.0 40.160629891639736 16.96352209342305 45.797597672877785
487 45553.0 5058.0 40.12494740579249 16.99582922720508 45.91237155013579
488 45574.0 5061.0 40.136845092460426 16.994323380401195 45.89652613659989
489 45585.0 5076.0 40.196280701937106 16.95538246125475 45.7414652923628
490 45564.0 5070.0 40.17251701041172 16.965381684512398 45.78994485629439
491 45561.0 5082.0 40.22003035287298 16.930359636081043 45.65668385312344
492 45558.0 5085.0 40.23189992089083 16.92087072185022 45.62163138486504
493 45560.0 5091.0 40.25562855752818 16.90458835623054 45.55809493799169
494 45543.0 5094.0 40.26748763233472 16.890448201239703 45.51183241409947
495 45536.0 5088.0 40.2437659880773 16.905041724768186 45.57124977240488
496 45538.0 5097.0 40.27934321558361 16.88032402510162 45.475303679546556
497 45525.0 5088.0 40.2437659880773 16.90136624339749 45.56235352429055
498 45517.0 5094.0 40.26748763233472 16.881766769940793 45.490821915560346
499 45550.0 5103.0 40.30304391973247 16.86743832992262 45.42010689372412
500 45538.0 5097.0 40.27934321558361 16.88032402510162 45.475303679546556
501 45552.0 5097.0 40.27934321558361 16.884996586985224 45.48661040830742
502 45556.0 5100.0 40.29119531035698 16.877881849384636 45.457378231119286
503 45550.0 5103.0 40.30304391973247 16.86743832992262 45.42010689372412
504 45570.0 5109.0 40.32673069457759 16.857241425926876 45.37147092915875
505 45566.0 5121.0 40.37406255440728 16.822262893670253 45.23909344584943
506 45537.0 5118.0 40.362234793041885 16.821008814939244 45.247981149521806
507 45563.0 5121.0 40.37406255440728 16.82126455456101 45.23667904224254
508 45559.0 5124.0 40.38588685179197 16.811540709856583 45.201254042910165
509 45581.0 5121.0 40.37406255440728 16.827254326292 45.2511641922011
510 45576.0 5118.0 40.362234793041885 16.833992394117523 45.27938420930072
511 45562.0 5124.0 40.38588685179197 16.812538721410274 45.203667569082164
512 45533.0 5127.0 40.397707688237645 16.79450802275446 45.148168260396425
513 45514.0 5133.0 40.42133899045648 16.771448925984956 45.068660885932005
514 45516.0 5139.0 40.44495648530853 16.75540251705922 45.00617393402325
515 45510.0 5151.0 40.4921501495377 16.72007496470547 44.87355498584762
516 45516.0 5151.0 40.4921501495377 16.72206522205117 44.87836681904816
517 45498.0 5142.0 40.45676006252913 16.741080262191034 44.95971995934716
518 45505.0 5136.0 40.43314946229083 16.760099282085143 45.02936519068694
519 45517.0 5130.0 40.40952506678155 16.780812543970978 45.10316838702672
520 45519.0 5124.0 40.38588685179197 16.798232216902658 45.16906560523291
521 45518.0 5124.0 40.38588685179197 16.797899464718647 45.16826070146842
522 45515.0 5121.0 40.37406255440728 16.80528874508186 45.198037053690484
523 45511.0 5124.0 40.38588685179197 16.79557014498939 45.16262611173446
524 45510.0 5124.0 40.38588685179197 16.795237377250814 45.16182113271744
525 45521.0 5130.0 40.40952506678155 16.782142612206687 45.10638533549292
526 45530.0 5127.0 40.397707688237645 16.793510193173475 45.14575490811129
527 45545.0 5130.0 40.40952506678155 16.79012237033775 45.12568387601766
528 45534.0 5130.0 40.40952506678155 16.786465119787685 45.116839381967644
529 45547.0 5130.0 40.40952506678155 16.79078729978392 45.12729184396554
530 45557.0 5136.0 40.43314946229083 16.777376790854994 45.07114524306748
531 45584.0 5148.0 40.48035689163516 16.752948290780832 44.96480417926772
532 45576.0 5157.0 40.515726367051705 16.725323797206418 44.8627142048179
533 45584.0 5145.0 40.46856019696776 16.761287015032476 44.99676254994585
534 45602.0 5151.0 40.4921501495377 16.750584658646655 44.94729975638972
535 45590.0 5151.0 40.4921501495377 16.746606053773263 44.93768532248135
536 45596.0 5142.0 40.45676006252913 16.77361577351736 45.03837975500458
537 45581.0 5127.0 40.397707688237645 16.810470919716497 45.18677040325633
538 45565.0 5127.0 40.397707688237645 16.805150451086675 45.17390542611482
539 45570.0 5142.0 40.45676006252913 16.764985706323124 45.017519548081204
540 45564.0 5145.0 40.46856019696776 16.754650491409887 44.980721176391604
541 45551.0 5151.0 40.4921501495377 16.7336736808685 44.90642919449876
542 45559.0 5157.0 40.515726367051705 16.719690481674505 44.84910053013131
543 45565.0 5169.0 40.562837692696185 16.68848817672176 44.72679520911045
544 45567.0 5175.0 40.586372848545075 16.67259645110546 44.66502719718795
545 45585.0 5172.0 40.57460697705605 16.686823600747296 44.71107815078511
546 45583.0 5172.0 40.57460697705605 16.686162087495262 44.70948016125774
547 45576.0 5172.0 40.57460697705605 16.68384673136173 44.70388690922958
548 45577.0 5178.0 40.59813531013054 16.667635674222275 44.64137538316139
549 45592.0 5187.0 40.63340226507402 16.647828101627667 44.558605422222264
550 45588.0 5193.0 40.6568965730591 16.630033083822227 44.492412646235444
551 45585.0 5187.0 40.63340226507402 16.64551694465496 44.5530243641701
552 45582.0 5184.0 40.621650015438455 16.652773390391616 44.58217922655644
553 45592.0 5196.0 40.66863863729614 16.62312562329559 44.46414293494357
554 45570.0 5199.0 40.68037731228077 16.60765172183475 44.41520532729006
555 45565.0 5193.0 40.6568965730591 16.622444123253473 44.47408766716696
556 45586.0 5193.0 40.6568965730591 16.629373213610652 44.49081936008374
557 45575.0 5178.0 40.59813531013054 16.66697459712637 44.6397785747292
558 45556.0 5181.0 40.609894364775435 16.652436044914424 44.593005980072775
559 45562.0 5196.0 40.66863863729614 16.613230502216986 44.440250901628325
560 45562.0 5187.0 40.63340226507402 16.63792249382131 44.534683465687976
561 45548.0 5181.0 40.609894364775435 16.649792306830633 44.58661965189053
562 45558.0 5196.0 40.66863863729614 16.61191102535022 44.437064681992915
563 45558.0 5193.0 40.6568965730591 16.620134242591742 44.468509548153484
564 45554.0 5187.0 40.63340226507402 16.635280712323112 44.52830289544173
565 45563.0 5190.0 40.64515111663227 16.630014944887993 44.503971807469426
566 45570.0 5193.0 40.6568965730591 16.62409398172412 44.47807176603732
567 45565.0 5202.0 40.69211260094613 16.597792931474604 44.379839889118124
568 45575.0 5208.0 40.715573031030544 16.584687449890726 44.32511549847647
569 45566.0 5211.0 40.72729817829478 16.573533636319215 44.28666789549507
570 45563.0 5211.0 40.72729817829478 16.57254580111046 44.28428334867919
571 45548.0 5205.0 40.70384450622116 16.58398784656825 44.334961453167914
572 45537.0 5202.0 40.69211260094613 16.588562647915445 44.357552725662536
573 45538.0 5211.0 40.72729817829478 16.564313190460748 44.264408984187284
574 45545.0 5208.0 40.715573031030544 16.574805353378302 44.301258819587936
575 45543.0 5205.0 40.70384450622116 16.582340112951595 44.3309830212021
576 45515.0 5187.0 40.63340226507402 16.62240030267265 44.497189282928666
577 45540.0 5196.0 40.66863863729614 16.605973008539305 44.42272490224638
578 45539.0 5196.0 40.66863863729614 16.60564310092065 44.42192816186374
579 45558.0 5205.0 40.70384450622116 16.587283173960476 44.3429176418264
580 45573.0 5205.0 40.70384450622116 16.59222581543601 44.35485023667806
581 45560.0 5196.0 40.66863863729614 16.612570767530244 44.43865780990509
582 45552.0 5208.0 40.715573031030544 16.577111325764097 44.306826101599675
583 45567.0 5217.0 40.750738351848746 16.557504762548174 44.22497248801664
584 45566.0 5223.0 40.774165050163056 16.54084550036135 44.16181297179557
585 45571.0 5220.0 40.76245338395847 16.550651761058294 44.19694920107637
586 45565.0 5235.0 40.820978113858864 16.507939583160145 44.03666172816234
587 45561.0 5235.0 40.820978113858864 16.50662618152884 44.03349295593398
588 45550.0 5244.0 40.85605271129112 16.47865887431783 43.9318490054246
589 45553.0 5235.0 40.820978113858864 16.50399929014615 44.02715498626436
590 45537.0 5232.0 40.809279882320794 16.506875833119643 44.04551105056433
591 45532.0 5226.0 40.78587335336207 16.52151410508513 44.10370394004686
592 45549.0 5220.0 40.76245338395847 16.543415135148614 44.17948364628361
593 45535.0 5214.0 40.73901995093015 16.5551463861352 44.230773693704435
594 45549.0 5220.0 40.76245338395847 16.543415135148614 44.17948364628361
595 45544.0 5232.0 40.809279882320794 16.50917538948094 44.0510601373023
596 45536.0 5235.0 40.820978113858864 16.498416755854795 44.01368491821857
597 45536.0 5241.0 40.84436452546724 16.48217627309771 43.951710740173134
598 45545.0 5250.0 40.8794190573313 16.46081734316667 43.86609687467808
599 45539.0 5262.0 40.92611172710042 16.426532658032766 43.73813787403943
600 45546.0 5265.0 40.93777657320507 16.42076085135766 43.71293389708359
601 45565.0 5259.0 40.914443555308864 16.443115332618245 43.789425597141786
602 45576.0 5274.0 40.97275118579801 16.406417447552684 43.6445643306662
603 45580.0 5271.0 40.961096299717866 16.415771421265138 43.67836455545746
604 45572.0 5274.0 40.97275118579801 16.405110163337163 43.64141333594916
605 45567.0 5274.0 40.97275118579801 16.403476017586367 43.637474397402805
606 45560.0 5274.0 40.97275118579801 16.401188137971353 43.631959519153696
607 45562.0 5268.0 40.94943809646488 16.417937891138447 43.69485240296958
608 45557.0 5274.0 40.97275118579801 16.4002075911497 43.62959586980122
609 45575.0 5277.0 40.98440275753526 16.39805128659231 43.61315934622935
610 45578.0 5280.0 40.99605101775554 16.39099848744303 43.584933683293194
611 45567.0 5283.0 41.00769596928077 16.379381132845204 43.54572190271624
612 45567.0 5283.0 41.00769596928077 16.379381132845204 43.54572190271624
613 45586.0 5286.0 41.01933761492886 16.377563771915092 43.530139837180755
614 45574.0 5295.0 41.054242744729464 16.349631562259326 43.42930804230546
615 45566.0 5295.0 41.054242744729464 16.34702342505865 43.423024545026166
616 45580.0 5304.0 41.08911822269767 16.32763020089247 43.34289076939836
617 45577.0 5301.0 41.07749635335964 16.334631947580792 43.37088303013922
618 45580.0 5307.0 41.100736805772435 16.319657871900862 43.312574556209064
619 45571.0 5298.0 41.06587119496825 16.340662029085173 43.39654812047411
620 45573.0 5301.0 41.07749635335964 16.33332884057746 43.3677441362307
621 45567.0 5301.0 41.07749635335964 16.33137412684702 43.36303553894777
622 45559.0 5307.0 41.100736805772435 16.312821215328672 43.29610847143082
623 45562.0 5322.0 41.15878052457499 16.274047396918352 43.1473609711833
624 45575.0 5328.0 41.18197510546619 16.262415772655714 43.09729359362098
625 45586.0 5334.0 41.20515663001828 16.25015558240734 43.045764965696826
626 45579.0 5334.0 41.20515663001828 16.24788413715174 43.04029819845893
627 45590.0 5325.0 41.17037944844188 16.27521318363166 43.139127732684386
628 45608.0 5331.0 41.19356749840669 16.265209149331113 43.09299944054387
629 45610.0 5334.0 41.20515663001828 16.25794274585677 43.06450504456259
630 45614.0 5334.0 41.20515663001828 16.25924050875014 43.06762792090568
631 45609.0 5334.0 41.20515663001828 16.257618300772517 43.06372430448892
632 45601.0 5346.0 41.25148059813787 16.223431296109517 42.937561741384705
633 45596.0 5346.0 41.25148059813787 16.22181128147701 42.933664297094246
634 45597.0 5340.0 41.228325120254915 16.237916755270675 42.99433978841053
635 45587.0 5343.0 41.2399044843704 16.22678140464843 42.95657814561177
636 45599.0 5343.0 41.2399044843704 16.230670937922838 42.96593659492068
637 45611.0 5346.0 41.25148059813787 16.226671195361742 42.94535600440794
638 45619.0 5349.0 41.26305346429292 16.221379679743666 42.921679976264215
639 45609.0 5346.0 41.25148059813787 16.22602322937956 42.94379721852903
640 45610.0 5352.0 41.274623085567335 16.2105892977742 42.884790637770394
641 45600.0 5355.0 41.28618946468902 16.19948381996176 42.847157831085326
642 45606.0 5352.0 41.274623085567335 16.20929427380485 42.88167568659817
643 45590.0 5352.0 41.274623085567335 16.204113901427913 42.8692145517252
644 45571.0 5352.0 41.274623085567335 16.197961634659304 42.85441418972536
645 45562.0 5352.0 41.274623085567335 16.195047185312596 42.847402444376364
646 45566.0 5352.0 41.274623085567335 16.19634251341213 42.85051885878314
647 45564.0 5334.0 41.20515663001828 16.243016466679336 43.0285823119596
648 45573.0 5349.0 41.26305346429292 16.206480648603392 42.885837987946445
649 45575.0 5352.0 41.274623085567335 16.199256900554715 42.85753030482701
650 45583.0 5367.0 41.33242261407386 16.162583918400603 42.71486042734665
651 45574.0 5367.0 41.33242261407386 16.1596748405513 42.70786472143729
652 45579.0 5370.0 41.343972823217605 16.153458584766245 42.68206083826507
653 45579.0 5367.0 41.33242261407386 16.161291012057923 42.7117513071846
654 45585.0 5370.0 41.343972823217605 16.15539724321289 42.68672244963833
655 45595.0 5370.0 41.343972823217605 16.15862820366535 42.69449114329315
656 45584.0 5373.0 41.3555198064963 16.147247718990247 42.656282818993766
657 45565.0 5373.0 41.3555198064963 16.141110577295596 42.641526273900865
658 45571.0 5379.0 41.378604106260156 16.127418569478564 42.58695806143379
659 45589.0 5382.0 41.390141428136744 16.1254211115578 42.571348732005724
660 45573.0 5385.0 41.40167553493111 16.11245981004095 42.52939760413963
661 45557.0 5391.0 41.424734114014726 16.0917243581562 42.4580067890512
662 45544.0 5385.0 41.40167553493111 16.103105151959348 42.50690973722968
663 45552.0 5385.0 41.40167553493111 16.10568588996813 42.51311397269345
664 45535.0 5388.0 41.41320642932957 16.09241373206524 42.47042986043398
665 45553.0 5391.0 41.424734114014726 16.090434956895745 42.45490759746599
666 45556.0 5394.0 41.43625859166543 16.083624716237942 42.427783901101414
667 45551.0 5397.0 41.4477798649568 16.074243338689577 42.39449430841426
668 45555.0 5394.0 41.43625859166543 16.08330248174956 42.4270094445089
669 45556.0 5403.0 41.4708128091435 16.060331994700476 42.339614593810765
670 45547.0 5400.0 41.45929793656026 16.06519161272319 42.36201089765454
671 45565.0 5409.0 41.493832967901675 16.047730947295307 42.28793514409311
672 45586.0 5415.0 41.516840362499 16.039008300158553 42.24562180382237
673 45590.0 5418.0 41.5283392798674 16.03256467740146 42.2194821986941
674 45595.0 5409.0 41.493832967901675 16.057379514556565 42.311112317125406
675 45597.0 5418.0 41.5283392798674 16.034813442880637 42.224882367809776
676 45598.0 5424.0 41.55132756797165 16.019694034680175 42.167281297368234
677 45591.0 5427.0 41.56281694398771 16.009737064930302 42.13274534596714
678 45585.0 5430.0 41.574303144827134 16.000108887187892 42.09901274462068
679 45594.0 5433.0 41.585786173120916 15.995298843043722 42.076860063049274
680 45568.0 5421.0 41.53983501414431 16.0177764717751 42.17331709585914
681 45575.0 5427.0 41.56281694398771 16.004602250918218 42.12041693984563
682 45578.0 5424.0 41.55132756797165 16.01327339175567 42.151864844849484
683 45585.0 5427.0 41.56281694398771 16.007811559541388 42.12812243311995
684 45584.0 5430.0 41.574303144827134 15.999788078366759 42.0982425684342
685 45586.0 5433.0 41.585786173120916 15.992733361642948 42.070701701598104
686 45592.0 5436.0 41.597266031496424 15.986966910737022 42.046266069500724
687 45578.0 5439.0 41.6087427225774 15.974796277509258 42.00647212563724
688 45579.0 5436.0 41.597266031496424 15.982799395026221 42.03626265114173
689 45584.0 5433.0 41.585786173120916 15.992091974722081 42.069162031679674
690 45573.0 5436.0 41.597266031496424 15.980875831933167 42.03164523609341
691 45572.0 5433.0 41.585786173120916 15.988243514007898 42.0599233438989
692 45564.0 5436.0 41.597266031496424 15.977990375623214 42.02471857739179
693 45565.0 5442.0 41.620216248983965 15.962955344310362 41.967483782148065
694 45555.0 5442.0 41.620216248983965 15.95975143155522 41.95979357213073
695 45551.0 5457.0 41.67753650235275 15.920201093488417 41.81223133363942
696 45546.0 5451.0 41.65461786630437 15.933889019413348 41.86609938431871
697 45525.0 5442.0 41.620216248983965 15.950138703849953 41.936718191976176
698 45549.0 5442.0 41.620216248983965 15.957829004744008 41.955179066113665
699 45554.0 5445.0 41.63168661333264 15.951764113306245 41.930069046943586
700 45554.0 5451.0 41.65461786630437 15.936449534207894 41.87224407819932
701 45565.0 5457.0 41.67753650235275 15.924678607983287 41.82297420835675
702 45563.0 5457.0 41.67753650235275 15.924038982692263 41.82143960619674
703 45556.0 5454.0 41.666078760142454 15.92944174364339 41.844909927684725
704 45535.0 5445.0 41.63168661333264 15.945678369227302 41.9154617357813
705 45563.0 5448.0 41.643153818236335 15.946985099809208 41.908057464851616
706 45580.0 5454.0 41.666078760142454 15.93711983410508 41.86333250312181
707 45562.0 5457.0 41.67753650235275 15.923719167592106 41.82067229333824
708 45565.0 5454.0 41.666078760142454 15.932321138199027 41.85181892437285
709 45581.0 5448.0 41.643153818236335 15.952747667016139 41.92188598224671
710 45589.0 5451.0 41.65461786630437 15.947650551193695 41.89912118569123
711 45570.0 5445.0 41.63168661333264 15.956888489393199 41.94236772746517
712 45561.0 5433.0 41.585786173120916 15.984715548749199 42.05145354037823
713 45547.0 5433.0 41.585786173120916 15.980225121197481 42.040672398195724
714 45553.0 5436.0 41.597266031496424 15.974463524825824 42.01625178750467
715 45547.0 5439.0 41.6087427225774 15.964860726281461 41.98262262231367
716 45535.0 5445.0 41.63168661333264 15.945678369227302 41.9154617357813
717 45548.0 5445.0 41.63168661333264 15.949842363599581 41.92545652009245
718 45551.0 5442.0 41.620216248983965 15.958469820277443 41.956717266453296
719 45548.0 5448.0 41.643153818236335 15.94218255356194 41.896531747348476
720 45552.0 5454.0 41.666078760142454 15.928161970117642 41.841839057994704
721 45572.0 5460.0 41.68899109553381 15.91928031029379 41.79952652692885
722 45579.0 5466.0 41.71189084518466 15.906261760442872 41.7473383206778
723 45573.0 5460.0 41.68899109553381 15.91959999473462 41.8002934236644
724 45575.0 5457.0 41.67753650235275 15.927876636250607 41.83064674801722
725 45563.0 5463.0 41.70044254228063 15.908773560126392 41.76383710815264
726 45557.0 5466.0 41.71189084518466 15.899233568451281 41.73048067444864
727 45545.0 5478.0 41.7576526700772 15.864979064425299 41.60655840870151
728 45539.0 5478.0 41.7576526700772 15.863064772323872 41.60196776330399
729 45542.0 5478.0 41.7576526700772 15.864021925658193 41.604263120936245
730 45541.0 5484.0 41.780514786583325 15.848531610451923 41.54630798367504
731 45534.0 5487.0 41.79194115485017 15.838724492046605 41.51240648415587
732 45534.0 5487.0 41.79194115485017 15.838724492046605 41.51240648415587
733 45548.0 5490.0 41.803364399878284 15.835615812064534 41.494577160068886
734 45554.0 5487.0 41.79194115485017 15.845098553738376 41.527688040201866
735 45572.0 5481.0 41.76908529251457 15.866000315274768 41.59859321980843
736 45566.0 5469.0 41.72333600683377 15.894491733081127 41.70864635535239
737 45594.0 5481.0 41.76908529251457 15.873015417020044 41.61541115745735
738 45594.0 5499.0 41.83761542110957 15.827579338936172 41.44424186964065
739 45585.0 5502.0 41.84902619874465 15.817166228675147 41.408953870335935
740 45579.0 5496.0 41.82620153045354 15.830361820577739 41.46125858014249
741 45571.0 5499.0 41.83761542110957 15.820261074895384 41.42670598247462
742 45607.0 5505.0 41.86043386590454 15.816617583173471 41.39731166484897
743 45588.0 5490.0 41.803364399878284 15.848357828785106 41.525119344294495
744 45603.0 5496.0 41.82620153045354 15.838000675631228 41.47956343242013
745 45595.0 5499.0 41.83761542110957 15.827897505111837 41.44500420742255
746 45596.0 5496.0 41.82620153045354 15.835772771677705 41.47422497455699
747 45617.0 5493.0 41.81478452422734 15.850022054097924 41.518732879582714
748 45617.0 5499.0 41.83761542110957 15.83489675577816 41.4617736969579
749 45620.0 5505.0 41.86043386590454 15.820750390536597 41.40721139150674
750 45612.0 5505.0 41.86043386590454 15.818207156401074 41.40111940501527
751 45619.0 5499.0 41.83761542110957 15.835533012853901 41.46329801181694
752 45623.0 5502.0 41.84902619874465 15.829251641429218 41.43790711507917
753 45628.0 5502.0 41.84902619874465 15.830841655406786 41.44171592887726
754 45630.0 5502.0 41.84902619874465 15.831477649802757 41.443239400762295
755 45606.0 5499.0 41.83761542110957 15.831397227342167 41.45338941650166
756 45608.0 5517.0 41.90603348058574 15.78681495454119 41.28472823331955
757 45602.0 5514.0 41.894638229938465 15.792430185958217 41.30845909235772
758 45592.0 5508.0 41.87183842513151 15.804310880180376 41.35751444912493
759 45596.0 5523.0 41.92881469101024 15.767985388601232 41.21910845628816
760 45588.0 5511.0 41.88323987896436 15.7955085514335 41.32612553218575
761 45580.0 5511.0 41.88323987896436 15.79296672861511 41.32003698977446
762 45592.0 5511.0 41.88323987896436 15.796779424645495 41.32916962040289
763 45586.0 5511.0 41.88323987896436 15.794873105278105 41.324603442330044
764 45598.0 5520.0 41.917425633434654 15.77612694098628 41.24886277401903
765 45608.0 5517.0 41.90603348058574 15.78681495454119 41.28472823331955
766 45603.0 5517.0 41.90603348058574 15.785227622738503 41.280927087839395
767 45594.0 5511.0 41.88323987896436 15.797414851701964 41.33069161876432
768 45598.0 5514.0 41.894638229938465 15.7911598310732 41.30541665894295
769 45581.0 5505.0 41.86043386590454 15.808351158960132 41.37750833323172
770 45576.0 5508.0 41.87183842513151 15.799225414752886 41.34533196190332
771 45581.0 5514.0 41.894638229938465 15.785760539150123 41.292484958177035
772 45578.0 5523.0 41.92881469101024 15.762274555964506 41.20543395642764
773 45586.0 5520.0 41.917425633434654 15.772318451064981 41.23974284448027
774 45582.0 5526.0 41.940200655834104 15.756044701014952 41.180271135180114
775 45558.0 5526.0 41.940200655834104 15.748432338841639 41.16204348635218
776 45550.0 5526.0 41.940200655834104 15.745894682662765 41.15596663542754
777 45550.0 5523.0 41.92881469101024 15.753390019970196 41.18415763405098
778 45537.0 5529.0 41.951583530424436 15.734283164960537 41.11793195563382
779 45562.0 5532.0 41.962963317296 15.73472646902059 41.108775103485065
780 45567.0 5532.0 41.962963317296 15.736311285481666 41.11256935920121
781 45552.0 5532.0 41.962963317296 15.731556718036583 41.10118602673035
782 45567.0 5538.0 41.985713637924896 15.72136043787319 41.05637046245807
783 45556.0 5535.0 41.97434001896017 15.725347347005714 41.07611214333432
784 45554.0 5529.0 41.951583530424436 15.739673980654388 41.13084060815973
785 45552.0 5538.0 41.985713637924896 15.71660927608521 41.04499726905662
786 45556.0 5538.0 41.985713637924896 15.71787628708592 41.04803028591599
787 45564.0 5541.0 41.99708417669475 15.712944490187502 41.02603911491902
788 45575.0 5547.0 42.01981602365112 15.701511921068063 40.97833682410494
789 45583.0 5544.0 42.00845163777089 15.711498375498877 41.0124011681503
790 45588.0 5547.0 42.01981602365112 15.705624723717257 40.98817827298053
791 45583.0 5544.0 42.00845163777089 15.711498375498877 41.0124011681503
792 45584.0 5541.0 41.99708417669475 15.7192766487151 41.0411944382615
793 45598.0 5553.0 42.042535579798106 15.693892516890314 40.93980464531397
794 45601.0 5556.0 42.0538907550436 15.68740195530288 40.91414211683514
795 45578.0 5547.0 42.01981602365112 15.702461052804315 40.98060803983509
796 45583.0 5547.0 42.01981602365112 15.704042907788226 40.98439324986081
797 45576.0 5541.0 41.99708417669475 15.716743860518822 41.0351326689598
798 45590.0 5541.0 41.99708417669475 15.721176174046375 41.045740450205976
799 45576.0 5541.0 41.99708417669475 15.716743860518822 41.0351326689598
800 45576.0 5538.0 41.985713637924896 15.724210965458965 41.06319356709486
801 45582.0 5538.0 41.985713637924896 15.726111246559494 41.06774196543323
802 45580.0 5532.0 41.962963317296 15.740431624094947 41.12243354215789
803 45578.0 5535.0 41.97434001896017 15.732317955409252 41.09279902061396
804 45600.0 5547.0 42.01981602365112 15.709420922596815 40.997261565889254
805 45611.0 5556.0 42.0538907550436 15.690561870056722 40.92170050898765
806 45615.0 5550.0 42.03117733682984 15.706712968426203 40.98062307756223
807 45613.0 5553.0 42.042535579798106 15.698634098620913 40.95114735008609
808 45594.0 5553.0 42.042535579798106 15.69262803590979 40.93677964087069
809 45595.0 5547.0 42.01981602365112 15.707839200403729 40.99347699134539
810 45598.0 5550.0 42.03117733682984 15.701337277425402 40.96776240344712
811 45599.0 5550.0 42.03117733682984 15.70165350702271 40.96851897340178
812 45601.0 5547.0 42.01981602365112 15.709737262348455 40.998018458369174
813 45597.0 5544.0 42.00845163777089 15.715928948335147 41.02300348807957
814 45572.0 5544.0 42.00845163777089 15.708016995991514 41.00406974425265
815 45573.0 5544.0 42.00845163777089 15.708333492860437 41.00482718386752
816 45585.0 5550.0 42.03117733682984 15.697226150712352 40.957926314808475
817 45584.0 5547.0 42.01981602365112 15.704359274098453 40.985150269437234
818 45597.0 5550.0 42.03117733682984 15.701021046268188 40.9670058260284
819 45579.0 5559.0 42.06524286505062 15.673019367939112 40.86961479521437
820 45552.0 5550.0 42.03117733682984 15.686789029830598 40.932952116938104
821 45551.0 5559.0 42.06524286505062 15.664172992805975 40.8484522168774
822 45535.0 5556.0 42.0538907550436 15.666542618122564 40.864238070094885
823 45548.0 5565.0 42.087937899269846 15.648390195893468 40.79049541132952
824 45545.0 5571.0 42.11062070226343 15.63263341392697 40.73265238304817
825 45542.0 5574.0 42.12195752322593 15.624291646971573 40.70264203914962
826 45541.0 5583.0 42.15594969353796 15.601827842189007 40.61881327706102
827 45536.0 5598.0 42.212542482736815 15.563463808080668 40.47714274133663
828 45539.0 5598.0 42.212542482736815 15.564407351606196 40.47939758605346
829 45526.0 5601.0 42.22385193839391 15.552980285154074 40.442130167063354
830 45541.0 5601.0 42.22385193839391 15.55769640119923 40.45339975565388
831 45538.0 5607.0 42.246461767022744 15.542092211046876 40.396227187015285
832 45545.0 5616.0 42.28035383967556 15.522343131372695 40.319298572787865
833 45541.0 5625.0 42.31421876608172 15.49919545463486 40.234364292565004
834 45539.0 5622.0 42.30293346950388 15.505859637518018 40.260151644241546
835 45557.0 5634.0 42.348056611366204 15.482367817936847 40.16462952221012
836 45561.0 5640.0 42.37060016186435 15.469087339276134 40.113276572153595
837 45560.0 5637.0 42.35932988631936 15.476037813774731 40.139687434053364
838 45568.0 5643.0 42.38186744039402 15.464019360225443 40.0913698430069
839 45552.0 5640.0 42.37060016186435 15.466271153249883 40.10655582913147
840 45565.0 5643.0 42.38186744039402 15.463081013071658 40.08913082069567
841 45561.0 5652.0 42.41565131777166 15.440093455407029 40.004911661617
842 45551.0 5643.0 42.38186744039402 15.458701882790733 40.07868120569106
843 45569.0 5640.0 42.37060016186435 15.471590514504125 40.11925008274922
844 45555.0 5640.0 42.37060016186435 15.467209895324311 40.108796140758336
845 45575.0 5640.0 42.37060016186435 15.473467833391815 40.12372991724505
846 45566.0 5646.0 42.39313172429801 15.456141766890237 40.062770944690996
847 45562.0 5649.0 42.40439301596279 15.447645492207073 40.0327086337242
848 45555.0 5649.0 42.40439301596279 15.445457503771113 40.027488575335774
849 45549.0 5655.0 42.426906632104775 15.429111766370546 39.96894611004544
850 45551.0 5652.0 42.41565131777166 15.436968842612474 39.997457632944695
851 45548.0 5649.0 42.40439301596279 15.443269442723002 40.02226817046841
852 45555.0 5646.0 42.39313172429801 15.452702297447154 40.05456443982219
853 45540.0 5640.0 42.37060016186435 15.462516050967658 40.0975939431012
854 45533.0 5634.0 42.348056611366204 15.47485218298362 40.14668937080519
855 45545.0 5634.0 42.348056611366204 15.478610107977358 40.15565995980387
856 45537.0 5649.0 42.40439301596279 15.439830914377149 40.01406397708399
857 45530.0 5652.0 42.41565131777166 15.430406674159148 39.98180187491602
858 45514.0 5658.0 42.43815896133912 15.410956054275728 39.91588052098424
859 45524.0 5655.0 42.426906632104775 15.421302318383143 39.95031603781327
860 45521.0 5661.0 42.44940830784852 15.405925074618947 39.89413742396531
861 45510.0 5661.0 42.44940830784852 15.402491044785897 39.88594599652427
862 45525.0 5655.0 42.426906632104775 15.421614714027912 39.95106132527425
863 45522.0 5661.0 42.44940830784852 15.406237250314755 39.89488205704073
864 45521.0 5658.0 42.43815896133912 15.413142110640655 39.9210955137633
865 45528.0 5652.0 42.41565131777166 15.42978167170825 39.980310687979255
866 45546.0 5655.0 42.426906632104775 15.428174681358637 39.966710733951935
867 45552.0 5652.0 42.41565131777166 15.437281310550079 39.99820306757929
868 45570.0 5658.0 42.43815896133912 15.42844248170738 39.95759080966694
869 45578.0 5661.0 42.44940830784852 15.423716738986405 39.9365702979434
870 45569.0 5667.0 42.471898062172144 15.406480920290774 39.87600278664154
871 45566.0 5664.0 42.46065467400368 15.412755413073633 39.900692182644576
872 45565.0 5655.0 42.426906632104775 15.434109328552445 39.980867044606384
873 45584.0 5658.0 42.43815896133912 15.432813365798854 39.96801493404327
874 45566.0 5655.0 42.426906632104775 15.434421663631328 39.98161204310931
875 45562.0 5649.0 42.40439301596279 15.447645492207073 40.0327086337242
876 45565.0 5655.0 42.426906632104775 15.434109328552445 39.980867044606384
877 45559.0 5667.0 42.471898062172144 15.403362029612557 39.86856618565546
878 45539.0 5667.0 42.471898062172144 15.397123807793674 39.85369088314667
879 45546.0 5673.0 42.49437591400355 15.384909313803806 39.805149743073606
880 45540.0 5679.0 42.5168418822206 15.368666329191498 39.74705272091148
881 45548.0 5679.0 42.5168418822206 15.371158094051426 39.752992326811395
882 45539.0 5679.0 42.5168418822206 15.368354852018314 39.74631023887254
883 45546.0 5676.0 42.505610382385946 15.377719267441494 39.77831542729384
884 45551.0 5682.0 42.52807041585944 15.36491375115515 39.728436244468135
885 45561.0 5667.0 42.471898062172144 15.403985819494396 39.87005356186757
886 45571.0 5664.0 42.46065467400368 15.41431538533616 39.90441201133263
887 45564.0 5670.0 42.48313847471833 15.397717532042172 39.84539138866193
888 45564.0 5670.0 42.48313847471833 15.397717532042172 39.84539138866193
889 45565.0 5667.0 42.471898062172144 15.405233381638922 39.87302823026961
890 45563.0 5673.0 42.49437591400355 15.390207858130976 39.81778162865767
891 45550.0 5679.0 42.5168418822206 15.371781020675646 39.7544771587272
892 45542.0 5679.0 42.5168418822206 15.369289279160789 39.748537664121784
893 45534.0 5673.0 42.49437591400355 15.381168910199507 39.79623190364696
894 45532.0 5673.0 42.49437591400355 15.38054548910961 39.79474549937437
895 45532.0 5667.0 42.471898062172144 15.39494029142188 39.84848386561118
896 45533.0 5667.0 42.471898062172144 15.395252226736195 39.84922774626385
897 45532.0 5670.0 42.48313847471833 15.387739914223397 39.82160147585806
898 45525.0 5673.0 42.49437591400355 15.378363469196314 39.78954286459423
899 45519.0 5670.0 42.48313847471833 15.383686078242382 39.81193477916487
900 45530.0 5682.0 42.52807041585944 15.358375110472512 39.712851351156424
901 45529.0 5694.0 42.57295493538714 15.329417870812081 39.60526822043168
902 45556.0 5694.0 42.57295493538714 15.337812544186328 39.625269148250226
903 45554.0 5691.0 42.56173824307405 15.344346140059837 39.65046708458946
904 45532.0 5682.0 42.52807041585944 15.358997865834784 39.71433575865407
905 45520.0 5697.0 42.5841686732177 15.31947372676735 39.571958458427666
906 45510.0 5691.0 42.56173824307405 15.330660346066956 39.617854953191866
907 45521.0 5703.0 42.60658729476181 15.305510653478962 39.519493462947786
908 45544.0 5727.0 42.696144066819066 15.255773101360225 39.324666728893725
909 45549.0 5730.0 42.70732545867419 15.250237139852647 39.30198658928743
910 45556.0 5724.0 42.684959745981 15.266580209657615 39.35990451927298
911 45541.0 5718.0 42.66258230814111 15.276129533335792 39.40169879512258
912 45548.0 5715.0 42.65138918652432 15.28540731256166 39.43333390096068
913 45535.0 5712.0 42.64019312669459 15.288487629879606 39.45022464826665
914 45543.0 5721.0 42.673772493857 15.269648341763176 39.37673394985496
915 45527.0 5736.0 42.72967946463235 15.229279970634204 39.23313940028494
916 45539.0 5739.0 42.74085208332626 15.225926598676077 39.21568831942655
917 45546.0 5736.0 42.72967946463235 15.235157852486083 39.24712529466007
918 45538.0 5742.0 42.752021782218975 15.218557498311663 39.188694096217645
919 45532.0 5736.0 42.72967946463235 15.230826831236083 39.236820134787834
920 45541.0 5742.0 42.752021782218975 15.21948490532486 39.190900315417046
921 45546.0 5739.0 42.74085208332626 15.228091296515668 39.22083837847576
922 45543.0 5733.0 42.718503923846306 15.24130184310514 39.27122884317261
923 45551.0 5727.0 42.696144066819066 15.257940863272662 39.32982597545375
924 45552.0 5736.0 42.72967946463235 15.23701391943733 39.25154138719899
925 45557.0 5736.0 42.72967946463235 15.238560602930258 39.255221278893295
926 45546.0 5727.0 42.696144066819066 15.256392469024084 39.326140833218396
927 45534.0 5727.0 42.696144066819066 15.252676177634742 39.317295800727486
928 45535.0 5733.0 42.718503923846306 15.238826084226027 39.265337487492616
929 45534.0 5730.0 42.70732545867419 15.245593476692141 39.290935501215564
930 45520.0 5724.0 42.684959745981 15.255427225657751 39.33335681080336
931 45526.0 5730.0 42.70732545867419 15.243116725589818 39.28504096523897
932 45534.0 5730.0 42.70732545867419 15.245593476692141 39.290935501215564
933 45520.0 5727.0 42.696144066819066 15.248340245295212 39.30697536299351
934 45512.0 5730.0 42.70732545867419 15.238782192314192 39.274724485564874
935 45497.0 5721.0 42.673772493857 15.255391002249219 39.342790756662616
936 45498.0 5730.0 42.70732545867419 15.234447380528447 39.264406680102695
937 45501.0 5739.0 42.74085208332626 15.21417417238037 39.187725100807285
938 45501.0 5745.0 42.763188563598455 15.2000685015151 39.13525879227086
939 45512.0 5745.0 42.763188563598455 15.203468283868132 39.14334699691066
940 45514.0 5748.0 42.77435242974964 15.197040832792732 39.118618511621854
941 45500.0 5748.0 42.77435242974964 15.192715402555507 39.10832919487613
942 45515.0 5754.0 42.79667142549209 15.183275791251226 39.06703174040004
943 45511.0 5757.0 42.8078265596384 15.175013004119428 39.03797372410165
944 45515.0 5760.0 42.81897878766651 15.169224937453654 39.01481249540239
945 45509.0 5760.0 42.81897878766651 15.167373888059867 39.010411067669786
946 45525.0 5754.0 42.79667142549209 15.186362980668514 39.07437365031242
947 45526.0 5748.0 42.77435242974964 15.200748124793536 39.12743688109026
948 45523.0 5754.0 42.79667142549209 15.185745554014087 39.072905321739135
949 45536.0 5769.0 42.85241805772795 15.154663227587124 38.952057106466505
950 45540.0 5763.0 42.83012811184652 15.169917563632723 39.00706950793331
951 45553.0 5775.0 42.87469641538458 15.145899809451375 38.912517290457785
952 45558.0 5775.0 42.87469641538458 15.147439277752774 38.91617530190834
953 45540.0 5766.0 42.8412745344456 15.162903793648379 38.98101533961985
954 45526.0 5766.0 42.8412745344456 15.158588193488987 38.97075671229224
955 45516.0 5763.0 42.83012811184652 15.162516564424894 38.9894744236016
956 45531.0 5757.0 42.8078265596384 15.18118513549929 39.05265068076404
957 45529.0 5757.0 42.8078265596384 15.180567947588154 39.05118310507221
958 45526.0 5754.0 42.79667142549209 15.186671691890236 39.07510780458476
959 45554.0 5763.0 42.83012811184652 15.174234441488663 39.017331539927966
960 45566.0 5766.0 42.8412745344456 15.170917754145128 39.00006362701584
961 45550.0 5760.0 42.81897878766651 15.180021721555782 39.04048271602391
962 45539.0 5775.0 42.87469641538458 15.1415891134914 38.902273980547385
963 45557.0 5778.0 42.88583125427258 15.140138746930672 38.889485643640654
964 45551.0 5787.0 42.919218438196154 15.117350515181416 38.80738200040785
965 45568.0 5784.0 42.90809226343028 15.129553751918651 38.84568166529016
966 45561.0 5787.0 42.919218438196154 15.120425022328607 38.814684563602626
967 45568.0 5790.0 42.93034172941264 15.115606160084644 38.793935568394424
968 45584.0 5793.0 42.94146213932054 15.113556177545021 38.77977171270406
969 45573.0 5796.0 42.952579670157775 15.103216928915925 38.745936328691606
970 45562.0 5796.0 42.952579670157775 15.099838788910432 38.73791540542565
971 45559.0 5796.0 42.952579670157775 15.098917449143823 38.73572774386763
972 45565.0 5796.0 42.952579670157775 15.100760116310402 38.740103008256504
973 45551.0 5793.0 42.94146213932054 15.103418115607294 38.75569787799759
974 45561.0 5799.0 42.96369432415935 15.092578644042305 38.71140386544377
975 45563.0 5799.0 42.96369432415935 15.093192645763544 38.712861616298326
976 45556.0 5799.0 42.96369432415935 15.091043615730259 38.70775937430322
977 45547.0 5805.0 42.98591501058114 15.074394588758839 38.64971914514911
978 45547.0 5805.0 42.98591501058114 15.074394588758839 38.64971914514911
979 45540.0 5805.0 42.98591501058114 15.07224694946657 38.64462086938209
980 45555.0 5808.0 42.997021047456954 15.069913656569668 38.62984051422657
981 45589.0 5793.0 42.94146213932054 15.115092116786427 38.78341864248337
982 45575.0 5793.0 42.94146213932054 15.110791400198375 38.77320682731621
983 45575.0 5796.0 42.952579670157775 15.103831118325738 38.74739459354654
984 45577.0 5787.0 42.919218438196154 15.125343946632883 38.82636730077009
985 45583.0 5787.0 42.919218438196154 15.12718845213137 38.830747894406976
986 45586.0 5796.0 42.952579670157775 15.107209061822804 38.75541458367581
987 45586.0 5799.0 42.96369432415935 15.100253271097927 38.72962387815486
988 45571.0 5784.0 42.90809226343028 15.130476379581141 38.847873175001006
989 45569.0 5790.0 42.93034172941264 15.115913483105828 38.794665407346834
990 45559.0 5787.0 42.919218438196154 15.119810131942224 38.813224103422314
991 45550.0 5790.0 42.93034172941264 15.110074110012487 38.78079734777009
992 45552.0 5790.0 42.93034172941264 15.110688804294819 38.78225725480704
993 45540.0 5799.0 42.96369432415935 15.086131294658175 38.69609590823469
994 45545.0 5799.0 42.96369432415935 15.087666432718128 38.699740920524675
995 45567.0 5811.0 43.00812421640832 15.066662777292155 38.612891268217126
996 45580.0 5817.0 43.03032195941729 15.056800135654909 38.571047216091046
997 45565.0 5817.0 43.03032195941729 15.052205254419524 38.56014526014013
998 45557.0 5820.0 43.04141653790755 15.042841697458705 38.52872501528108
999 45574.0 5808.0 42.997021047456954 15.075740323531251 38.64366973350828
