MCS Volumen AContact r h theta
0 14000.0 0.0 0.0 29.902658734369908 180.0
1 15565.0 51.0 4.029119531035698 30.453775146401835 164.92675730384897
2 17698.0 186.0 7.694520051971082 30.503620860141236 151.68504201925114
3 20186.0 381.0 11.012541334134653 30.20683763091704 139.9392076164209
4 22990.0 624.0 14.093451279891855 29.703723178608247 129.23436089515926
5 25833.0 879.0 16.727055627203253 29.17947851564412 120.35325557771475
6 28545.0 1164.0 19.248706645328987 28.4121586737148 111.76618741317033
7 31197.0 1479.0 21.697472702271718 27.485224915908177 103.42324140155931
8 33723.0 1719.0 23.391765524430518 27.1047780023062 98.41078473210806
9 35999.0 1992.0 25.180812005932435 26.433704821349256 92.78105387940752
10 38038.0 2223.0 26.60080594618454 25.970641164664144 88.62647671929209
11 39659.0 2448.0 27.914558950087667 25.395151733572355 84.58845027797439
12 41085.0 2631.0 28.939131129830994 25.007081152790096 81.66235554479569
13 42191.0 2793.0 29.816765621229397 24.618024917936985 79.08913917134944
14 43026.0 2892.0 30.340603007249587 24.457646075898392 77.74477160409785
15 43663.0 2970.0 30.747038263316654 24.326694962737303 76.70126100377594
16 44088.0 3021.0 31.00990432363879 24.24654347036746 76.04347289381897
17 44372.0 3072.0 31.270560761786875 24.110338088786 75.26613742264621
18 44599.0 3108.0 31.453253031430968 24.02633192549599 74.75055991364646
19 44771.0 3132.0 31.574460621325464 23.979259297156716 74.42978819632324
20 44903.0 3156.0 31.695204697178458 23.916427317915236 74.07462523256856
21 44990.0 3162.0 31.725318912709863 23.922577496632652 74.03647170581891
22 45059.0 3171.0 31.770436715424612 23.90701643201354 73.92237564735908
23 45141.0 3180.0 31.815490536285218 23.896731949353928 73.820694594869
24 45201.0 3198.0 31.905407316249114 23.83454643427065 73.52224526838002
25 45252.0 3210.0 31.96521131871285 23.79768406224081 73.33440803815346
26 45270.0 3207.0 31.950270812489475 23.819215261990887 73.40972291316692
27 45300.0 3213.0 31.98014484502094 23.80261279961891 73.3201383477759
28 45317.0 3216.0 31.99507140118726 23.795124274444223 73.27726183600953
29 45338.0 3225.0 32.03980934622934 23.76070146836892 73.12121434484209
30 45316.0 3231.0 32.06959997037424 23.7234025698767 72.98417484506051
31 45317.0 3240.0 32.11423409074988 23.68114219888223 72.81037156014372
32 45320.0 3240.0 32.11423409074988 23.682341747037583 72.81314414083
33 45320.0 3231.0 32.06959997037424 23.72500282365192 72.9878704350104
34 45344.0 3258.0 32.20331674201883 23.606902068036305 72.48716277665709
35 45356.0 3264.0 32.23295624828558 23.583434918561863 72.38258243145016
36 45376.0 3270.0 32.26256852485548 23.56319869100805 72.28558493365945
37 45380.0 3282.0 32.321711688201184 23.50849037841579 72.05889964172277
38 45392.0 3276.0 32.29215364663835 23.541404258392078 72.18508097595955
39 45381.0 3276.0 32.29215364663835 23.537018939703447 72.17491897690205
40 45393.0 3282.0 32.321711688201184 23.51367112565809 72.07091144786796
41 45406.0 3288.0 32.35124272377035 23.490761351259543 71.96801823994369
42 45415.0 3282.0 32.321711688201184 23.522436744554724 72.09123077622273
43 45399.0 3288.0 32.35124272377035 23.487973270267844 71.96155163686768
44 45411.0 3297.0 32.39548880242368 23.450699330281978 71.80064136949926
45 45417.0 3294.0 32.380746827233715 23.46709472172515 71.86346795470223
46 45434.0 3312.0 32.46909827883606 23.389974767510065 71.53618195904274
47 45431.0 3318.0 32.49849538606084 23.360907950726777 71.41946095971934
48 45431.0 3315.0 32.48380015791358 23.37483953967954 71.476412151115
49 45399.0 3315.0 32.48380015791358 23.362117346404915 71.44683792834417
50 45418.0 3333.0 32.571872077769406 23.286252253010083 71.123398516228
51 45425.0 3336.0 32.586527589007176 23.275166342771442 71.07320216313151
52 45426.0 3339.0 32.60117651201682 23.26170869347167 71.01750656487948
53 45405.0 3342.0 32.615818855675364 23.23953050351964 70.9415143800787
54 45398.0 3354.0 32.67432261364318 23.18149494889219 70.70921591104911
55 45410.0 3357.0 32.68893219300663 23.172466543768802 70.66398146085292
56 45423.0 3357.0 32.68893219300663 23.17762088157474 70.67600619944415
57 45437.0 3363.0 32.7181317809573 23.15562361324232 70.57642294600662
58 45431.0 3363.0 32.7181317809573 23.153246102274373 70.57087471148289
59 45431.0 3375.0 32.77645291776237 23.098284295600134 70.34638323981076
60 45431.0 3378.0 32.79101699442768 23.084571072820054 70.29037859842782
61 45428.0 3381.0 32.80557460535322 23.069681338881914 70.23164606380784
62 45428.0 3384.0 32.82012575914278 23.055990121322683 70.17573586262955
63 45422.0 3384.0 32.82012575914278 23.05361568530666 70.17018471933699
64 45424.0 3381.0 32.80557460535322 23.068098081167424 70.22794553841615
65 45408.0 3387.0 32.83467046438108 23.03439596347181 70.10136544960477
66 45424.0 3387.0 32.83467046438108 23.04072716220776 70.11617210872127
67 45458.0 3399.0 32.892784970851956 22.999554897625863 69.92464342700532
68 45450.0 3390.0 32.849208729633816 23.037341691524176 70.08440661051706
69 45437.0 3390.0 32.849208729633816 23.032200233384184 70.07238322770299
70 45440.0 3393.0 32.86374056344776 23.01972723838006 70.01939018377196
71 45451.0 3402.0 32.90729756144153 22.98316059804435 69.86254426153947
72 45454.0 3396.0 32.878265974350796 23.01161304474711 69.97661762700452
73 45448.0 3396.0 32.878265974350796 23.00924122655622 69.97106890520853
74 45435.0 3399.0 32.892784970851956 22.99046431449437 69.90337042393033
75 45439.0 3396.0 32.878265974350796 23.005683197832028 69.96274441206042
76 45454.0 3399.0 32.892784970851956 22.997974096135152 69.92094456751998
77 45441.0 3402.0 32.90729756144153 22.979208953981285 69.85329471668717
78 45439.0 3408.0 32.9363035587535 22.95119736989042 69.74033359588218
79 45443.0 3402.0 32.90729756144153 22.97999931843515 69.85514479250924
80 45447.0 3405.0 32.921803754591075 22.967963320580097 69.80326584093866
81 45442.0 3414.0 32.96528403383568 22.92520415827825 69.63218701449655
82 45435.0 3411.0 32.95079698236311 22.936023197970727 69.68114802750759
83 45457.0 3414.0 32.96528403383568 22.931126530577448 69.64606190227565
84 45462.0 3417.0 32.97976472156848 22.919525921579165 69.59529613106672
85 45458.0 3423.0 33.00870703931185 22.89083126324018 69.48095883692635
86 45453.0 3417.0 32.97976472156848 22.91597355001251 69.58697247130492
87 45440.0 3417.0 32.97976472156848 22.910841713458534 69.57494643976776
88 45455.0 3417.0 32.97976472156848 22.916762996908485 69.58882231871326
89 45448.0 3414.0 32.96528403383568 22.9275732268995 69.63773753048316
90 45460.0 3420.0 32.99423905394037 22.905173022498 69.53810399286296
91 45468.0 3426.0 33.02316868602507 22.88123395520441 69.43495855923662
92 45479.0 3414.0 32.96528403383568 22.939810872532906 69.66640328543323
93 45478.0 3417.0 32.97976472156848 22.92584036342673 69.6100895996128
94 45483.0 3414.0 32.96528403383568 22.941389613352282 69.67010063924877
95 45495.0 3414.0 32.96528403383568 22.946125410461786 69.68119070849764
96 45487.0 3408.0 32.9363035587535 22.970153875202584 69.78471721258084
97 45490.0 3417.0 32.97976472156848 22.93057545124219 69.62118121721167
98 45494.0 3423.0 33.00870703931185 22.90503192834091 69.51424133337109
99 45487.0 3426.0 33.02316868602507 22.888727070044272 69.45252413647424
100 45482.0 3423.0 33.00870703931185 22.900299009096273 69.50315014805547
101 45471.0 3432.0 33.05207299675423 22.855364131925803 69.3273778606475
102 45457.0 3426.0 33.02316868602507 22.87689510837527 69.42478560241535
103 45448.0 3426.0 33.02316868602507 22.873344745770176 69.41646041229376
104 45451.0 3426.0 33.02316868602507 22.8745282396773 69.41923566187795
105 45464.0 3426.0 33.02316868602507 22.87965625447401 69.43125959178364
106 45482.0 3441.0 33.09538213041849 22.819199288366868 69.17236987324534
107 45500.0 3453.0 33.15303963428737 22.772433161502295 68.96942987205803
108 45480.0 3450.0 33.13863466309495 22.7780078965488 69.00576626681244
109 45475.0 3450.0 33.13863466309495 22.776039328929738 69.00114311892241
110 45473.0 3444.0 33.109805919349256 22.802175575645816 69.10908319135419
111 45447.0 3441.0 33.09538213041849 22.805408599775312 69.13999979347084
112 45442.0 3450.0 33.13863466309495 22.763044043987502 68.97061747778264
113 45441.0 3444.0 33.109805919349256 22.789568549543162 69.07948232170399
114 45437.0 3450.0 33.13863466309495 22.761074646377477 68.96599043063121
115 45444.0 3462.0 33.19621704303494 22.71012354349894 68.75345300608839
116 45450.0 3459.0 33.181830816121824 22.725895993272076 68.81368785117527
117 45451.0 3453.0 33.15303963428737 22.753144857606063 68.92412051824671
118 45456.0 3459.0 33.181830816121824 22.728257409856376 68.81923879481057
119 45476.0 3465.0 33.21059703809666 22.709311312638548 68.72841770288488
120 45473.0 3471.0 33.23933836501469 22.681358625955188 68.61651265485821
121 45486.0 3477.0 33.2680548613988 22.65973724387473 68.5195900696468
122 45473.0 3477.0 33.2680548613988 22.654628918033403 68.50756981285866
123 45477.0 3474.0 33.253699713001694 22.66956060148892 68.56571664164224
124 45478.0 3477.0 33.2680548613988 22.656593745117966 68.51219339504817
125 45483.0 3474.0 33.253699713001694 22.67191878587025 68.57126438986352
126 45471.0 3480.0 33.282403818227905 22.64049440863845 68.45131930367815
127 45484.0 3480.0 33.282403818227905 22.645601742682747 68.46334007586488
128 45507.0 3492.0 33.33973788969849 22.60133701546678 68.26746461303071
129 45522.0 3489.0 33.32541361926729 22.620532515514828 68.33553662417751
130 45504.0 3498.0 33.36836798332966 22.573575196626884 68.15640651621084
131 45494.0 3504.0 33.396973533360814 22.54311255058318 68.0390663240748
132 45480.0 3507.0 33.41126712422853 22.52436980353025 67.97214571068076
133 45495.0 3513.0 33.43983597692514 22.503774790935527 67.87819495144667
134 45484.0 3519.0 33.468380443050414 22.473033008461446 67.76039798533517
135 45477.0 3519.0 33.468380443050414 22.470290828748716 67.75392654443492
136 45469.0 3507.0 33.41126712422853 22.520056562772776 67.96197432393419
137 45483.0 3510.0 33.4255546028051 22.512303800860103 67.92098757592306
138 45480.0 3519.0 33.468380443050414 22.471466074089854 67.75670013929604
139 45467.0 3516.0 33.454111254406506 22.479581813395747 67.7984708166226
140 45483.0 3513.0 33.43983597692514 22.499072258020732 67.86710271582596
141 45474.0 3525.0 33.49690058494759 22.442728923201795 67.64371127874087
142 45470.0 3528.0 33.511151553720346 22.427985592204415 67.586362357218
143 45471.0 3528.0 33.511151553720346 22.428377112320117 67.58728699155591
144 45459.0 3534.0 33.53963532558928 22.39735872392105 67.46903014702053
145 45449.0 3525.0 33.49690058494759 22.432937777818957 67.62059041140587
146 45457.0 3528.0 33.511151553720346 22.42289544586331 67.57434029303445
147 45453.0 3537.0 33.55386814410625 22.381866904086777 67.40997127814765
148 45469.0 3540.0 33.568094927931476 22.374993522669858 67.37130416819112
149 45489.0 3543.0 33.58231568473458 22.369690947422647 67.33637466577284
150 45475.0 3549.0 33.61073914787167 22.3380005148031 67.21674174995937
151 45467.0 3546.0 33.59653042216892 22.34797526890789 67.26266901191345
152 45473.0 3534.0 33.53963532558928 22.40283781209542 67.48197566360955
153 45475.0 3531.0 33.525396464694715 22.416776471127054 67.5373816164874
154 45472.0 3534.0 33.53963532558928 22.402446476072726 67.48105111341374
155 45466.0 3531.0 33.525396464694715 22.413253579824104 67.52906010139199
156 45449.0 3531.0 33.525396464694715 22.406598296120777 67.51333727372634
157 45450.0 3522.0 33.48264355064144 22.446515339594036 67.67521234917335
158 45448.0 3522.0 33.48264355064144 22.44573176700482 67.67336214047104
159 45457.0 3522.0 33.48264355064144 22.44925771007918 67.68168744883238
160 45483.0 3525.0 33.49690058494759 22.44625308771707 67.65203173167473
161 45463.0 3525.0 33.49690058494759 22.43842114529426 67.63353963702937
162 45467.0 3528.0 33.511151553720346 22.4268110064847 67.58358833436017
163 45474.0 3531.0 33.525396464694715 22.416385055653247 67.53645708350571
164 45450.0 3534.0 33.53963532558928 22.39383601632004 67.46070596582297
165 45455.0 3537.0 33.55386814410625 22.382649555907488 67.41182106761732
166 45459.0 3537.0 33.55386814410625 22.384214808985057 67.41552040754671
167 45470.0 3546.0 33.59653042216892 22.349148267821047 67.2654425932044
168 45452.0 3543.0 33.58231568473458 22.355220995282885 67.30216761628782
169 45455.0 3543.0 33.58231568473458 22.35639444896855 67.30494217421843
170 45433.0 3546.0 33.59653042216892 22.334678640916636 67.23122260289527
171 45436.0 3546.0 33.59653042216892 22.335852068020497 67.23399820948816
172 45451.0 3546.0 33.59653042216892 22.341718636721023 67.24787356112189
173 45447.0 3552.0 33.62494186946387 22.313964603528422 67.13757611630668
174 45452.0 3555.0 33.63913859455048 22.302839794062002 67.08897142419048
175 45467.0 3549.0 33.61073914787167 22.33487331118941 67.20934615870398
176 45485.0 3549.0 33.61073914787167 22.341909142117263 67.22598445500711
177 45469.0 3546.0 33.59653042216892 22.348757272380222 67.26451808595466
178 45491.0 3543.0 33.58231568473458 22.370472943132725 67.33822292077582
179 45473.0 3546.0 33.59653042216892 22.350321228962947 67.2682159958763
180 45476.0 3552.0 33.62494186946387 22.325299293381 67.16438972920209
181 45476.0 3546.0 33.59653042216892 22.351494152335256 67.27098921994282
182 45480.0 3549.0 33.61073914787167 22.339954880846147 67.22136335023674
183 45478.0 3552.0 33.62494186946387 22.3260808663522 67.16623832991233
184 45458.0 3549.0 33.61073914787167 22.331354886459188 67.2010246017769
185 45460.0 3552.0 33.62494186946387 22.319046106813346 67.14959807183334
186 45469.0 3558.0 33.65332933072042 22.296412637902893 67.0515068238538
187 45466.0 3555.0 33.63913859455048 22.308310612837165 67.1019161839201
188 45465.0 3555.0 33.63913859455048 22.30791986724672 67.10099168684236
189 45464.0 3558.0 33.65332933072042 22.2944593767824 67.04688459815851
190 45460.0 3558.0 33.65332933072042 22.292896692719747 67.043186461845
191 45463.0 3555.0 33.63913859455048 22.307138363522256 67.09914263333063
192 45432.0 3552.0 33.62494186946387 22.308100451105393 67.123700467816
193 45438.0 3552.0 33.62494186946387 22.310446225152692 67.12925126234167
194 45449.0 3549.0 33.61073914787167 22.327836122158356 67.19270143851018
195 45443.0 3549.0 33.61073914787167 22.325490090618665 67.18715177040689
196 45435.0 3543.0 33.58231568473458 22.348570709797904 67.28644174187188
197 45442.0 3543.0 33.58231568473458 22.351309209777487 67.29291779777677
198 45436.0 3549.0 33.61073914787167 22.32275286303302 67.18067625494186
199 45434.0 3543.0 33.58231568473458 22.348179478698437 67.28551651149029
200 45439.0 3543.0 33.58231568473458 22.350135592153475 67.29014246454807
201 45428.0 3549.0 33.61073914787167 22.319624351319003 67.17327447528311
202 45440.0 3543.0 33.58231568473458 22.35052680223211 67.29106759550712
203 45443.0 3540.0 33.568094927931476 22.36482156392453 67.347258600494
204 45444.0 3552.0 33.62494186946387 22.312791848427004 67.13480134334341
205 45434.0 3561.0 33.6675140855466 22.26968120094299 66.96600601167896
206 45445.0 3564.0 33.681692866586 22.26093187030526 66.92309189772789
207 45453.0 3561.0 33.6675140855466 22.277103718551963 66.98357846625198
208 45457.0 3558.0 33.65332933072042 22.291724635823222 67.0404126520638
209 45439.0 3555.0 33.63913859455048 22.297759014125013 67.07694781672895
210 45451.0 3552.0 33.62494186946387 22.31552821837104 67.1412755361751
211 45453.0 3555.0 33.63913859455048 22.30323059401245 67.0898961785157
212 45445.0 3555.0 33.63913859455048 22.300104077310372 67.08249758971617
213 45441.0 3552.0 33.62494186946387 22.311619055635646 67.13202639202628
214 45456.0 3555.0 33.63913859455048 22.304402968772624 67.09267032274578
215 45464.0 3552.0 33.62494186946387 22.320609503928466 67.15329646151284
216 45453.0 3543.0 33.58231568473458 22.355612150714595 67.3030924888076
217 45462.0 3555.0 33.63913859455048 22.306747605388107 67.09821807689558
218 45467.0 3567.0 33.695865681379686 22.256485147385746 66.8903901627065
219 45471.0 3570.0 33.710032537452896 22.245018808851764 66.84109125937499
220 45459.0 3570.0 33.710032537452896 22.240335206785602 66.82999924537167
221 45469.0 3567.0 33.695865681379686 22.257265902389193 66.89223878710195
222 45491.0 3573.0 33.724193442315034 22.23980447528502 66.80662147778408
223 45488.0 3570.0 33.710032537452896 22.2516528877736 66.85680009604262
224 45480.0 3573.0 33.724193442315034 22.235513098514282 66.796458647238
225 45479.0 3576.0 33.73834840345975 22.22211563495006 66.74263153772895
226 45473.0 3570.0 33.710032537452896 22.245799351033423 66.84293965289392
227 45459.0 3573.0 33.724193442315034 22.227319076190337 66.77705027694304
228 45462.0 3573.0 33.724193442315034 22.22848976283689 66.7798234319883
229 45459.0 3570.0 33.710032537452896 22.240335206785602 66.82999924537167
230 45460.0 3576.0 33.73834840345975 22.214703707432914 66.7250723245458
231 45481.0 3588.0 33.79490896018868 22.170971839185302 66.53333275775172
232 45480.0 3588.0 33.79490896018868 22.17058214495968 66.53240897100532
233 45498.0 3591.0 33.80903431460284 22.16463998212394 66.49636314771843
234 45487.0 3588.0 33.79490896018868 22.173309917980735 66.53887506785934
235 45491.0 3591.0 33.80903431460284 22.161913161446062 66.48989886430692
236 45510.0 3597.0 33.83726733356426 22.14343157471179 66.40223903627962
237 45511.0 3600.0 33.851375012865375 22.130895400661213 66.350630034725
238 45520.0 3594.0 33.82315376993316 22.16026123646973 66.46404778668054
239 45502.0 3591.0 33.80903431460284 22.166198074822955 66.50005659466517
240 45508.0 3591.0 33.80903431460284 22.168535090410245 66.50559617977396
241 45527.0 3588.0 33.79490896018868 22.18889331871388 66.57580583072532
242 45503.0 3582.0 33.76664052449308 22.205488804104235 66.65913317243908
243 45499.0 3591.0 33.80903431460284 22.165029511472017 66.49728653872283
244 45501.0 3591.0 33.80903431460284 22.165808557821467 66.49913326219573
245 45521.0 3588.0 33.79490896018868 22.186556228857263 66.57026820809568
246 45521.0 3594.0 33.82315376993316 22.16065058456304 66.46497070381639
247 45508.0 3585.0 33.78077769929061 22.194459548467897 66.61098557891725
248 45503.0 3585.0 33.78077769929061 22.192511139967333 66.60636887337394
249 45491.0 3591.0 33.80903431460284 22.161913161446062 66.48989886430692
250 45497.0 3597.0 33.83726733356426 22.138370323813906 66.39023740804896
251 45488.0 3594.0 33.82315376993316 22.147799927567714 66.4345041499476
252 45489.0 3597.0 33.83726733356426 22.13525536305275 66.38285015524643
253 45491.0 3600.0 33.851375012865375 22.123110478079465 66.33216596544028
254 45499.0 3588.0 33.79490896018868 22.177985630454582 66.5499575779266
255 45502.0 3597.0 33.83726733356426 22.140317040870585 66.39485380825347
256 45503.0 3591.0 33.80903431460284 22.16658758770903 66.50097990762391
257 45483.0 3603.0 33.86547681519039 22.10708370244719 66.27229392490136
258 45489.0 3591.0 33.80903431460284 22.161134032780208 66.48805175055257
259 45490.0 3594.0 33.82315376993316 22.14857888268272 66.43635121195965
260 45499.0 3591.0 33.80903431460284 22.165029511472017 66.49728653872283
261 45499.0 3594.0 33.82315376993316 22.15208397722095 66.44466202606566
262 45503.0 3591.0 33.80903431460284 22.16658758770903 66.50097990762391
263 45511.0 3597.0 33.83726733356426 22.143820872971563 66.40316210218997
264 45521.0 3603.0 33.86547681519039 22.121871431459752 66.30737307606753
265 45503.0 3603.0 33.86547681519039 22.114867454688476 66.29076013248697
266 45494.0 3609.0 33.89366281825115 22.085569958866838 66.17762117857266
267 45512.0 3615.0 33.92182540127231 22.066815218226367 66.08958925620334
268 45508.0 3618.0 33.935897928490924 22.052398354893402 66.0336448748574
269 45525.0 3615.0 33.92182540127231 22.071868539423704 66.10158320457576
270 45514.0 3621.0 33.94996462253688 22.04187841916593 65.98697387399626
271 45511.0 3627.0 33.97808054008656 22.0150411599838 65.87993102402805
272 45485.0 3618.0 33.935897928490924 22.043457919326194 66.01241627400691
273 45480.0 3630.0 33.992129778040685 21.990182335095476 65.79925705344102
274 45470.0 3624.0 33.96402549065787 22.011940956341256 65.89420288737112
275 45484.0 3618.0 33.935897928490924 22.04306915591423 66.01149305950011
276 45479.0 3615.0 33.92182540127231 22.053984465286543 66.05912840261456
277 45457.0 3618.0 33.935897928490924 22.03257100553558 65.9865589611813
278 45461.0 3627.0 33.97808054008656 21.995617150553972 65.83378023690426
279 45463.0 3630.0 33.992129778040685 21.98357874936643 65.7835620432637
280 45462.0 3630.0 33.992129778040685 21.983190266707993 65.78263863415272
281 45457.0 3633.0 34.006173211723066 21.9684433209854 65.72600289630506
282 45472.0 3633.0 34.006173211723066 21.97426904560573 65.73985254996937
283 45468.0 3630.0 33.992129778040685 21.985521101923503 65.78817880009386
284 45462.0 3636.0 34.02021084832166 21.957590915798217 65.67864759187768
285 45454.0 3630.0 33.992129778040685 21.980082259667014 65.77525066824785
286 45458.0 3633.0 34.006173211723066 21.968831730933736 65.72692634114229
287 45452.0 3624.0 33.96402549065787 22.00494482112213 65.87757888665094
288 45437.0 3624.0 33.96402549065787 21.9991137035485 65.86372077673624
289 45434.0 3627.0 33.97808054008656 21.985123971296712 65.80883878280846
290 45440.0 3618.0 33.935897928490924 22.025959536709042 65.97085248214846
291 45464.0 3615.0 33.92182540127231 22.048150838152537 66.04527559523635
292 45477.0 3615.0 33.92182540127231 22.05320670130828 66.05728161321007
293 45477.0 3609.0 33.89366281825115 22.078956360952887 66.16192414219189
294 45482.0 3609.0 33.89366281825115 22.080901659352882 66.16654149930397
295 45459.0 3615.0 33.92182540127231 22.04620609201559 66.04065702502339
296 45458.0 3609.0 33.89366281825115 22.071563295551343 66.14437376290695
297 45451.0 3615.0 33.92182540127231 22.043094286259887 66.03326630599096
298 45459.0 3624.0 33.96402549065787 22.007665696674717 65.88404451861891
299 45457.0 3627.0 33.97808054008656 21.994062792010027 65.83008609337827
300 45459.0 3624.0 33.96402549065787 22.007665696674717 65.88404451861891
301 45448.0 3621.0 33.94996462253688 22.016225182329027 65.92604091702115
302 45447.0 3621.0 33.94996462253688 22.015836360761412 65.92511704348973
303 45453.0 3621.0 33.94996462253688 22.018169229182487 65.93065999487438
304 45434.0 3621.0 33.94996462253688 22.010781310376967 65.91310492916898
305 45448.0 3615.0 33.92182540127231 22.041927291847443 66.03049446688144
306 45445.0 3615.0 33.92182540127231 22.040760260748606 66.02772245349449
307 45449.0 3618.0 33.935897928490924 22.02945987264207 65.97916837325013
308 45433.0 3615.0 33.92182540127231 22.036091769459 66.01663265691909
309 45435.0 3624.0 33.96402549065787 21.998336152171518 65.8618727006081
310 45414.0 3609.0 33.89366281825115 22.054436848308253 66.10370388176466
311 45416.0 3609.0 33.89366281825115 22.055215494873995 66.10555332820638
312 45439.0 3612.0 33.90774703361832 22.051292141809682 66.07447389298355
313 45435.0 3606.0 33.87957274787787 22.075498631966504 66.17550798428915
314 45441.0 3606.0 33.87957274787787 22.077834558919452 66.18105395657831
315 45459.0 3609.0 33.89366281825115 22.071952441029612 66.14529764167534
316 45440.0 3606.0 33.87957274787787 22.07744524799222 66.18012967644694
317 45442.0 3606.0 33.87957274787787 22.078223865754175 66.18197821727738
318 45465.0 3618.0 33.935897928490924 22.035681877918 65.99394831146077
319 45432.0 3612.0 33.90774703361832 22.048568109896852 66.06800398979713
320 45424.0 3621.0 33.94996462253688 22.00689234244067 65.90386261863087
321 45404.0 3618.0 33.935897928490924 22.011954894704946 65.93757324384757
322 45423.0 3624.0 33.96402549065787 21.993670502756274 65.85078262206622
323 45426.0 3624.0 33.96402549065787 21.994836969941055 65.85355540236684
324 45426.0 3618.0 33.935897928490924 22.020513914185717 65.95791353667062
325 45453.0 3630.0 33.992129778040685 21.97969374056438 65.77432708587567
326 45463.0 3633.0 34.006173211723066 21.97077372001515 65.73154327689436
327 45468.0 3627.0 33.97808054008656 21.998337121911494 65.8402442461391
328 45468.0 3630.0 33.992129778040685 21.985521101923503 65.78817880009386
329 45473.0 3624.0 33.96402549065787 22.01310685100354 65.89697294648157
330 45482.0 3624.0 33.96402549065787 22.0166043158074 65.9052820823335
331 45461.0 3621.0 33.94996462253688 22.021279492748217 65.93804951489955
332 45460.0 3621.0 33.94996462253688 22.020890724030558 65.93712589250315
333 45472.0 3615.0 33.92182540127231 22.05126222005553 66.05266430105638
334 45453.0 3615.0 33.92182540127231 22.04387226215427 66.03511410191615
335 45464.0 3615.0 33.92182540127231 22.048150838152537 66.04527559523635
336 45440.0 3612.0 33.90774703361832 22.051681272897145 66.07539808730351
337 45435.0 3615.0 33.92182540127231 22.036869892109067 66.01848115003844
338 45428.0 3615.0 33.92182540127231 22.034146391483457 66.01201108511646
339 45413.0 3609.0 33.89366281825115 22.054047518892283 66.10277912940883
340 45426.0 3612.0 33.90774703361832 22.04623306618544 66.06245760216125
341 45428.0 3627.0 33.97808054008656 21.982791752183505 65.80329432865484
342 45450.0 3627.0 33.97808054008656 21.991342508450963 65.82362060016497
343 45459.0 3624.0 33.96402549065787 22.007665696674717 65.88404451861891
344 45450.0 3627.0 33.97808054008656 21.991342508450963 65.82362060016497
345 45453.0 3624.0 33.96402549065787 22.005333529809864 65.87850260624901
346 45461.0 3624.0 33.96402549065787 22.00844305315042 65.88589166838445
347 45450.0 3624.0 33.96402549065787 22.004167391565943 65.87573138956226
348 45461.0 3618.0 33.935897928490924 22.034126474288882 65.9902537910125
349 45449.0 3624.0 33.96402549065787 22.00377867069738 65.87480761207071
350 45459.0 3633.0 34.006173211723066 21.969220136837986 65.72784976675
351 45443.0 3627.0 33.97808054008656 21.98862202619381 65.81715416239715
352 45436.0 3630.0 33.992129778040685 21.973088296181146 65.75862323937731
353 45437.0 3633.0 34.006173211723066 21.960674272674737 65.70752996064174
354 45425.0 3639.0 34.0342426950096 21.93044065501197 65.59254881038055
355 45442.0 3645.0 34.06228904727216 21.911509577159215 65.50454270820995
356 45425.0 3657.0 34.11831258685169 21.853978667799623 65.28198035035545
357 45462.0 3660.0 34.13230410377644 21.855613784980658 65.26453638963747
358 45458.0 3654.0 34.104315329816714 21.87949412674732 65.3640947186837
359 45445.0 3654.0 34.104315329816714 21.87445299542638 65.3520943521696
360 45450.0 3654.0 34.104315329816714 21.876391972242057 65.35671025936456
361 45432.0 3654.0 34.104315329816714 21.869411186752103 65.34009076057211
362 45436.0 3660.0 34.13230410377644 21.845536160103872 65.24053805290093
363 45428.0 3654.0 34.104315329816714 21.86785972471581 65.33639669878633
364 45454.0 3654.0 34.104315329816714 21.87794308155492 65.36040264165835
365 45464.0 3660.0 34.13230410377644 21.856388874977114 65.26638188254033
366 45451.0 3660.0 34.13230410377644 21.85135050423061 65.25438481777837
367 45444.0 3654.0 34.104315329816714 21.874065188039438 65.35117111348242
368 45465.0 3654.0 34.104315329816714 21.882208301554403 65.37055511901258
369 45472.0 3654.0 34.104315329816714 21.884922280021257 65.37701458469967
370 45494.0 3654.0 34.104315329816714 21.89345064862018 65.39730967958894
371 45490.0 3648.0 34.07630356711932 21.917378700848012 65.49705926305757
372 45498.0 3654.0 34.104315329816714 21.895001052795326 65.40099870551553
373 45490.0 3663.0 34.14628988764702 21.853761006497624 65.23880868158383
374 45493.0 3666.0 34.160269945505064 21.842230617727328 65.19006337004849
375 45506.0 3678.0 34.21613305714107 21.796594403641794 64.99645899658019
376 45511.0 3678.0 34.21613305714107 21.798528386559255 65.00106621386008
377 45500.0 3678.0 34.21613305714107 21.79427349336257 64.99092971273495
378 45480.0 3672.0 34.18821291127805 21.811845243830472 65.07519229806462
379 45492.0 3675.0 34.20217583320439 21.80382921349101 65.03488334468983
380 45510.0 3672.0 34.18821291127805 21.823456433388145 65.10284777063924
381 45500.0 3660.0 34.13230410377644 21.870337761707425 65.29958774089484
382 45491.0 3654.0 34.104315329816714 21.89228780343231 65.39454271000234
383 45487.0 3660.0 34.13230410377644 21.865301261044994 65.2875995803431
384 45484.0 3660.0 34.13230410377644 21.864138895778403 65.2848326252874
385 45509.0 3666.0 34.160269945505064 21.84842589392732 65.20481347679865
386 45500.0 3660.0 34.13230410377644 21.870337761707425 65.29958774089484
387 45509.0 3657.0 34.11831258685169 21.8865390166842 65.35949055606699
388 45518.0 3654.0 34.104315329816714 21.90275211249451 65.4194392614553
389 45496.0 3648.0 34.07630356711932 21.919705503472045 65.50259394696887
390 45497.0 3639.0 34.0342426950096 21.958391739208007 65.65902305902365
391 45469.0 3639.0 34.0342426950096 21.94752435762315 65.63318377941039
392 45455.0 3648.0 34.07630356711932 21.903802803621435 65.4647598948665
393 45477.0 3657.0 34.11831258685169 21.874138403431683 65.32997870839193
394 45468.0 3651.0 34.09031232560095 21.896103411304995 65.42501842031166
395 45476.0 3648.0 34.07630356711932 21.911948932452095 65.48414232552186
396 45457.0 3657.0 34.11831258685169 21.866385939705562 65.31152389999895
397 45459.0 3657.0 34.11831258685169 21.86716125810942 65.31336972378973
398 45468.0 3657.0 34.11831258685169 21.87064999283299 65.321674987665
399 45478.0 3669.0 34.17424428437779 21.823741099343156 65.1247662806104
400 45477.0 3666.0 34.160269945505064 21.83603432148983 65.17530840575843
401 45463.0 3666.0 34.160269945505064 21.83061172536394 65.1623938258723
402 45445.0 3663.0 34.14628988764702 21.83632653455413 65.19729214484327
403 45455.0 3663.0 34.14628988764702 21.840201560131952 65.20652136860313
404 45464.0 3657.0 34.11831258685169 21.86909948408467 65.3179839498076
405 45467.0 3663.0 34.14628988764702 21.844851063919222 65.21759392737637
406 45447.0 3663.0 34.14628988764702 21.8371015716062 65.1991381417244
407 45462.0 3669.0 34.17424428437779 21.817545359761603 65.11000793238098
408 45467.0 3666.0 34.160269945505064 21.83216111825832 65.16608408554848
409 45464.0 3663.0 34.14628988764702 21.843688741856038 65.21482604432272
410 45472.0 3666.0 34.160269945505064 21.834097769694335 65.17069648295472
411 45466.0 3660.0 34.13230410377644 21.857163948987516 65.26822729931821
412 45466.0 3669.0 34.17424428437779 21.81909439019051 65.11369797456922
413 45461.0 3672.0 34.18821291127805 21.804489640288537 65.05766835102673
414 45479.0 3675.0 34.20217583320439 21.798798439145354 65.02289794382823
415 45486.0 3675.0 34.20217583320439 21.80150740099296 65.0293520183815
416 45503.0 3681.0 34.230084590058105 21.782792873550736 64.94241262870374
417 45489.0 3681.0 34.230084590058105 21.777378357547462 64.92951019233668
418 45491.0 3681.0 34.230084590058105 21.77815190733379 64.93135362391527
419 45484.0 3684.0 34.24403043891132 21.76281556275774 64.87366702921052
420 45448.0 3684.0 34.24403043891132 21.748891675556504 64.84047178435986
421 45458.0 3681.0 34.230084590058105 21.765386310772893 64.90092734992511
422 45443.0 3675.0 34.20217583320439 21.784863562521952 64.98969091643275
423 45445.0 3681.0 34.230084590058105 21.760356255400843 64.88893559739296
424 45435.0 3684.0 34.24403043891132 21.743862345477833 64.8284786055956
425 45451.0 3687.0 34.25797061064237 21.737436923968932 64.7920534403844
426 45453.0 3684.0 34.24403043891132 21.750825855275707 64.84508369650581
427 45447.0 3678.0 34.21613305714107 21.773765921396848 64.94205816863546
428 45451.0 3672.0 34.18821291127805 21.800617693544837 65.04844247412086
429 45443.0 3669.0 34.17424428437779 21.81018659533844 65.09247608726959
430 45454.0 3678.0 34.21613305714107 21.776475106997392 64.94851594362488
431 45463.0 3684.0 34.24403043891132 21.754693918077525 64.85430610624086
432 45473.0 3690.0 34.27190511217881 21.733337271852367 64.761198098373
433 45478.0 3684.0 34.24403043891132 21.7604952707844 64.8681361852687
434 45477.0 3687.0 34.25797061064237 21.74749078949532 64.81602669159844
435 45470.0 3672.0 34.18821291127805 21.80797405243136 65.06597002040064
436 45454.0 3663.0 34.14628988764702 21.839814075537905 65.20559853179512
437 45458.0 3666.0 34.160269945505064 21.828674894558503 65.1577805740414
438 45462.0 3669.0 34.17424428437779 21.817545359761603 65.11000793238098
439 45440.0 3666.0 34.160269945505064 21.82170147843683 65.14116893605346
440 45431.0 3663.0 34.14628988764702 21.830900828031464 65.18436803646722
441 45451.0 3657.0 34.11831258685169 21.864059888441282 65.3059859712645
442 45448.0 3660.0 34.13230410377644 21.85018770736055 65.25161580751825
443 45449.0 3660.0 34.13230410377644 21.850575310314518 65.25253882997609
444 45449.0 3663.0 34.14628988764702 21.8378765926896 65.2009840625374
445 45463.0 3660.0 34.13230410377644 21.85600133197717 65.26545914560474
446 45487.0 3663.0 34.14628988764702 21.852598959785276 65.23604210978232
447 45487.0 3660.0 34.13230410377644 21.865301261044994 65.2875995803431
448 45483.0 3660.0 34.13230410377644 21.86375143269869 65.2839102688915
449 45476.0 3669.0 34.17424428437779 21.822966687620912 65.12292175255406
450 45475.0 3669.0 34.17424428437779 21.82257947578955 65.12199946008532
451 45469.0 3669.0 34.17424428437779 21.820256121214634 65.1164653070767
452 45474.0 3672.0 34.18821291127805 21.809522576691272 65.06965915873819
453 45455.0 3672.0 34.18821291127805 21.80216651995441 65.05213305225587
454 45451.0 3678.0 34.21613305714107 21.77531405124915 64.9457484392097
455 45445.0 3678.0 34.21613305714107 21.772991832674922 64.94021291990302
456 45430.0 3684.0 34.24403043891132 21.741927809734314 64.82386499546475
457 45406.0 3681.0 34.230084590058105 21.745262072510737 64.8529411846838
458 45390.0 3690.0 34.27190511217881 21.701239527413048 64.68462403114944
459 45385.0 3690.0 34.27190511217881 21.699305060082867 64.68000699210882
460 45384.0 3690.0 34.27190511217881 21.698918154772326 64.67908352776088
461 45380.0 3693.0 34.28583395043409 21.684782890553148 64.624301993583
462 45387.0 3693.0 34.28583395043409 21.68749058263221 64.63076579092667
463 45418.0 3699.0 34.31367466468495 21.674328231733828 64.55733706500385
464 45398.0 3696.0 34.29975713230766 21.679166231317456 64.58987845058554
465 45416.0 3693.0 34.28583395043409 21.69870610609825 64.65753455527857
466 45429.0 3693.0 34.28583395043409 21.703732678460067 64.6695292099447
467 45432.0 3690.0 34.27190511217881 21.717485156941198 64.72338856433744
468 45434.0 3684.0 34.24403043891132 21.743475446241646 64.82755592130984
469 45446.0 3693.0 34.28583395043409 21.710304883586286 64.68520973215384
470 45443.0 3690.0 34.27190511217881 21.721738814303613 64.73353569085022
471 45439.0 3693.0 34.28583395043409 21.707598819387435 64.6787537046189
472 45427.0 3684.0 34.24403043891132 21.74076704081167 64.82109660293158
473 45430.0 3690.0 34.27190511217881 21.716711713399235 64.72154338751245
474 45428.0 3690.0 34.27190511217881 21.715938254073425 64.71969813537675
475 45431.0 3699.0 34.31367466468495 21.679352203292414 64.56932904035042
476 45416.0 3702.0 34.327586554437424 21.66099545186604 64.5045396244892
477 45411.0 3702.0 34.327586554437424 21.65906342064459 64.49992672435765
478 45411.0 3699.0 34.31367466468495 21.67162274112248 64.55087853387802
479 45426.0 3699.0 34.31367466468495 21.677419985150333 64.56471711742061
480 45423.0 3690.0 34.27190511217881 21.71400453670187 64.71508467553026
481 45415.0 3687.0 34.25797061064237 21.72351177856276 64.75883868034519
482 45427.0 3693.0 34.28583395043409 21.702959402986675 64.66768408534942
483 45431.0 3690.0 34.27190511217881 21.71709843714317 64.72246598533856
484 45415.0 3687.0 34.25797061064237 21.72351177856276 64.75883868034519
485 45417.0 3690.0 34.27190511217881 21.71168394562698 64.7095479022961
486 45425.0 3696.0 34.29975713230766 21.68960461161217 64.61479374474358
487 45431.0 3702.0 34.327586554437424 21.66679095668599 64.51837551321145
488 45445.0 3711.0 34.3692884364522 21.634573924532134 64.37869706758923
489 45436.0 3699.0 34.31367466468495 21.68128432317794 64.57394049424404
490 45446.0 3702.0 34.327586554437424 21.67258557836963 64.53220718554701
491 45454.0 3696.0 34.29975713230766 21.70081300943841 64.64153936227032
492 45437.0 3696.0 34.29975713230766 21.694242970712796 64.62586281239294
493 45442.0 3693.0 34.28583395043409 21.708758584827685 64.68152068636505
494 45482.0 3696.0 34.29975713230766 21.711631771183857 64.66734773576059
495 45470.0 3699.0 34.31367466468495 21.694420133120815 64.60528594605093
496 45467.0 3705.0 34.34149280842265 21.668142258979632 64.50065384387861
497 45457.0 3702.0 34.327586554437424 21.67683440641915 64.54234773301367
498 45465.0 3693.0 34.28583395043409 21.71764894186797 64.70272859257362
499 45466.0 3696.0 34.29975713230766 21.705449999246017 64.65260189547098
500 45458.0 3702.0 34.327586554437424 21.67722063997101 64.54326948858633
501 45463.0 3708.0 34.355393433484295 21.654054302894522 64.44610345032518
502 45447.0 3708.0 34.355393433484295 21.647877491554983 64.43135738602676
503 45455.0 3705.0 34.34149280842265 21.66350877590393 64.48959459602057
504 45469.0 3699.0 34.31367466468495 21.694033850596384 64.60436433036828
505 45470.0 3705.0 34.34149280842265 21.66930054158884 64.5034182350148
506 45483.0 3699.0 34.31367466468495 21.69944144847981 64.61726524431157
507 45463.0 3690.0 34.27190511217881 21.72947151378258 64.7519791773489
508 45471.0 3693.0 34.28583395043409 21.719967822727394 64.70825945484627
509 45472.0 3693.0 34.28583395043409 21.720354289084955 64.70918119946433
510 45481.0 3699.0 34.31367466468495 21.69866898163167 64.61542248150263
511 45474.0 3693.0 34.28583395043409 21.721127209984235 64.71102463233798
512 45469.0 3702.0 34.327586554437424 21.6814689500876 64.55340756393444
513 45469.0 3708.0 34.355393433484295 21.656370348874063 64.45163199133258
514 45467.0 3702.0 34.327586554437424 21.680696565376802 64.5515644460335
515 45445.0 3696.0 34.29975713230766 21.6973348952938 64.63324068831527
516 45447.0 3693.0 34.28583395043409 21.710691448425965 64.68613194660284
517 45452.0 3696.0 34.29975713230766 21.70004012272561 64.63969534392805
518 45459.0 3702.0 34.327586554437424 21.677606869599167 64.54419122543105
519 45464.0 3705.0 34.34149280842265 21.666983941107873 64.4978892844226
520 45475.0 3708.0 34.355393433484295 21.658686253994084 64.45715985988012
521 45480.0 3708.0 34.355393433484295 21.660616067334086 64.46176590338466
522 45475.0 3693.0 34.28583395043409 21.72151366452606 64.71194632059448
523 45488.0 3687.0 34.25797061064237 21.751743544354664 64.82616538877808
524 45481.0 3684.0 34.24403043891132 21.76165543456322 64.87090169206138
525 45466.0 3684.0 34.24403043891132 21.75585425979853 64.85707246142759
526 45464.0 3687.0 34.25797061064237 21.742464190461558 64.80404165753438
527 45455.0 3690.0 34.27190511217881 21.72637862333985 64.74460268598622
528 45447.0 3684.0 34.24403043891132 21.748504827746384 64.83954934534144
529 45445.0 3687.0 34.25797061064237 21.73511642197605 64.786519343235
530 45457.0 3696.0 34.29975713230766 21.701972310000308 64.64430524898363
531 45453.0 3702.0 34.327586554437424 21.675289432973614 64.53866052343491
532 45460.0 3708.0 34.355393433484295 21.652896227079108 64.44333892762037
533 45445.0 3705.0 34.34149280842265 21.659647108959113 64.48037649836543
534 45450.0 3711.0 34.3692884364522 21.63650384202516 64.38330547139883
535 45463.0 3711.0 34.3692884364522 21.64152117022774 64.39528513756548
536 45443.0 3714.0 34.383177824142415 21.62128111712879 64.32608299558423
537 45431.0 3714.0 34.383177824142415 21.616649983584942 64.31502155013222
538 45429.0 3720.0 34.41093978088511 21.59087030688272 64.21177694086232
539 45428.0 3705.0 34.34149280842265 21.653081375681705 64.46470143781737
540 45443.0 3711.0 34.3692884364522 21.633801930174048 64.37685357539465
541 45453.0 3717.0 34.397061603357194 21.612628567965086 64.28457328097952
542 45452.0 3723.0 34.42481236350102 21.587251320945214 64.18233873508053
543 45442.0 3735.0 34.48024687986526 21.53354063304013 63.97105350104848
544 45441.0 3729.0 34.45254077102813 21.558061850255584 64.07107652478656
545 45441.0 3735.0 34.48024687986526 21.533155403483374 63.970132453451484
546 45442.0 3729.0 34.45254077102813 21.55844727492928 64.0719977647878
547 45441.0 3723.0 34.42481236350102 21.58300972269366 64.17220404517721
548 45434.0 3720.0 34.41093978088511 21.592799083522582 64.21638547606727
549 45451.0 3720.0 34.41093978088511 21.599356196013638 64.23205101668553
550 45451.0 3717.0 34.397061603357194 21.611857023079402 64.28273044684815
551 45447.0 3717.0 34.397061603357194 21.610313886530907 64.27904455512741
552 45429.0 3711.0 34.3692884364522 21.628397531854997 64.36394703896883
553 45444.0 3720.0 34.41093978088511 21.59665634478135 64.22560115105152
554 45458.0 3711.0 34.3692884364522 21.63959150677451 64.39067794690713
555 45481.0 3726.0 34.43867935796615 21.58594845895191 64.15845626013066
556 45465.0 3729.0 34.45254077102813 21.567310972263115 64.0931811694324
557 45451.0 3720.0 34.41093978088511 21.599356196013638 64.23205101668553
558 45451.0 3711.0 34.3692884364522 21.636889813798067 64.38422709616238
559 45461.0 3714.0 34.383177824142415 21.628226763486584 64.34267012942009
560 45470.0 3717.0 34.397061603357194 21.619186070011324 64.30023436424393
561 45456.0 3717.0 34.397061603357194 21.613785856059 64.28733739252476
562 45455.0 3720.0 34.41093978088511 21.600898882502136 64.23573624499785
563 45453.0 3720.0 34.41093978088511 21.60012754704344 64.23389366803855
564 45469.0 3726.0 34.43867935796615 21.581323755078028 64.14740770193649
565 45449.0 3726.0 34.43867935796615 21.573614673123995 64.12898750262521
566 45461.0 3732.0 34.46639660942099 21.553309259259038 64.03900093578406
567 45473.0 3732.0 34.46639660942099 21.55793200058026 64.05004900342762
568 45474.0 3720.0 34.41093978088511 21.608225792825298 64.25323701636815
569 45469.0 3720.0 34.41093978088511 21.606297794754823 64.24863220097208
570 45454.0 3717.0 34.397061603357194 21.613014334560958 64.28549467011442
571 45460.0 3720.0 34.41093978088511 21.60282715302788 64.24034236194592
572 45472.0 3717.0 34.397061603357194 21.619957466790044 64.30207649093657
573 45476.0 3732.0 34.46639660942099 21.559087598807796 64.05281060401055
574 45471.0 3735.0 34.48024687986526 21.54471060806491 63.997755838569084
575 45475.0 3744.0 34.52176435050956 21.50895897083861 63.85035520745968
576 45476.0 3744.0 34.52176435050956 21.509343775834967 63.85127533259259
577 45474.0 3744.0 34.52176435050956 21.50857416199192 63.84943506391327
578 45468.0 3741.0 34.50793074372268 21.5186849007121 63.894228192153626
579 45475.0 3735.0 34.48024687986526 21.546251039092237 64.00143769962865
580 45496.0 3735.0 34.48024687986526 21.554337287276955 64.02076261995273
581 45483.0 3729.0 34.45254077102813 21.574246348359722 64.10975264920606
582 45476.0 3726.0 34.43867935796615 21.58402156692776 64.153853018757
583 45484.0 3732.0 34.46639660942099 21.56216902376296 64.06017405821851
584 45466.0 3729.0 34.45254077102813 21.567696303884084 64.09410196465909
585 45485.0 3729.0 34.45254077102813 21.57501686818292 64.11159355429133
586 45487.0 3723.0 34.42481236350102 21.6007441861458 64.21457052399619
587 45490.0 3726.0 34.43867935796615 21.589416620092653 64.16674092644062
588 45509.0 3711.0 34.3692884364522 21.65926949085977 64.4376494101555
589 45502.0 3723.0 34.42481236350102 21.60652538530895 64.22837718592857
590 45497.0 3723.0 34.42481236350102 21.604598416059922 64.22377542925383
591 45498.0 3717.0 34.397061603357194 21.629984206531883 64.32601736425185
592 45492.0 3711.0 34.3692884364522 21.652711291873178 64.42199764564357
593 45484.0 3708.0 34.355393433484295 21.66215984758579 64.46545040203986
594 45476.0 3711.0 34.3692884364522 21.6465378380014 64.40726165018229
595 45475.0 3720.0 34.41093978088511 21.608611380763925 64.25415792367683
596 45467.0 3717.0 34.397061603357194 21.618028945614586 64.29747103460468
597 45451.0 3714.0 34.383177824142415 21.624368227194505 64.33345580078286
598 45448.0 3723.0 34.42481236350102 21.585708976011276 64.17865365340279
599 45436.0 3714.0 34.383177824142415 21.618579690880754 64.31963081209868
600 45453.0 3717.0 34.397061603357194 21.612628567965086 64.28457328097952
601 45456.0 3717.0 34.397061603357194 21.613785856059 64.28733739252476
602 45442.0 3711.0 34.3692884364522 21.633415927131765 64.3759318012948
603 45442.0 3711.0 34.3692884364522 21.633415927131765 64.3759318012948
604 45455.0 3711.0 34.3692884364522 21.638433661805667 64.38791340856946
605 45467.0 3714.0 34.383177824142415 21.63054169792588 64.34819783190511
606 45465.0 3717.0 34.397061603357194 21.61725750986375 64.29562872177337
607 45454.0 3717.0 34.397061603357194 21.613014334560958 64.28549467011442
608 45444.0 3714.0 34.383177824142415 21.621667019549257 64.32700466149258
609 45440.0 3726.0 34.43867935796615 21.57014507958907 64.12069599155922
610 45465.0 3732.0 34.46639660942099 21.554850234975312 64.04268392107826
611 45475.0 3729.0 34.45254077102813 21.57116411403155 64.10238828802991
612 45474.0 3723.0 34.42481236350102 21.595733106300838 64.20260137204188
613 45487.0 3726.0 34.43867935796615 21.588260601306448 64.16397953787062
614 45487.0 3723.0 34.42481236350102 21.6007441861458 64.21457052399619
615 45469.0 3723.0 34.42481236350102 21.59380559300881 64.19799701656396
616 45480.0 3723.0 34.42481236350102 21.598045993994806 64.20812598588654
617 45487.0 3729.0 34.45254077102813 21.575787372503356 64.1134343852998
618 45473.0 3744.0 34.52176435050956 21.508189349294856 63.84851490195297
619 45465.0 3741.0 34.50793074372268 21.517530088146366 63.89146702200251
620 45457.0 3741.0 34.50793074372268 21.514450418305362 63.88410309022846
621 45449.0 3735.0 34.48024687986526 21.536237131653237 63.977500316445955
622 45453.0 3732.0 34.46639660942099 21.55022712198367 64.03163407682436
623 45446.0 3726.0 34.43867935796615 21.572458176890763 64.12622383262335
624 45449.0 3729.0 34.45254077102813 21.561145139070966 64.07844592578266
625 45456.0 3729.0 34.45254077102813 21.563842813219477 64.08489317860469
626 45464.0 3741.0 34.50793074372268 21.517145142912593 63.89054659507354
627 45459.0 3744.0 34.52176435050956 21.50280156722032 63.8356307008206
628 45457.0 3744.0 34.52176435050956 21.50203182245258 63.83378980596465
629 45449.0 3744.0 34.52176435050956 21.498952689331094 63.826425489674946
630 45448.0 3753.0 34.56323195026423 21.46137658180325 63.6748422070488
631 45458.0 3753.0 34.56323195026423 21.465222552497153 63.68404455801193
632 45452.0 3762.0 34.604649858413836 21.425815433698403 63.52827081892042
633 45448.0 3762.0 34.604649858413836 21.424278182314108 63.524590912636135
634 45447.0 3759.0 34.59084939929734 21.436249592738445 63.573708873737914
635 45440.0 3762.0 34.604649858413836 21.421203496151655 63.517230222013914
636 45445.0 3759.0 34.59084939929734 21.435480739040052 63.571868563036645
637 45451.0 3759.0 34.59084939929734 21.437787254225505 63.57738927536718
638 45455.0 3756.0 34.57704343211429 21.451691675770544 63.63115387395934
639 45442.0 3759.0 34.59084939929734 21.434327429797868 63.56910795961744
640 45439.0 3762.0 34.604649858413836 21.420819143187288 63.516310053360826
641 45443.0 3762.0 34.604649858413836 21.422356532118886 63.51999061820211
642 45453.0 3774.0 34.65979674576333 21.376877314978152 63.32949254652717
643 45469.0 3774.0 34.65979674576333 21.38301931546693 63.344202057286324
644 45463.0 3768.0 34.63223427878316 21.40535880771559 63.43844660000879
645 45462.0 3768.0 34.63223427878316 21.40497474026087 63.437527065504106
646 45461.0 3753.0 34.56323195026423 21.466376268908185 63.686804905372405
647 45451.0 3753.0 34.56323195026423 21.462530413288412 63.677603105082575
648 45440.0 3750.0 34.54941494713355 21.470685489850787 63.717653337401785
649 45442.0 3741.0 34.50793074372268 21.508675372116674 63.87029253659725
650 45440.0 3741.0 34.50793074372268 21.507905300391972 63.86845081584395
651 45444.0 3747.0 34.53559241609536 21.48462111181551 63.77155597039586
652 45463.0 3756.0 34.57704343211429 21.45476748094999 63.63851404694471
653 45454.0 3750.0 34.54941494713355 21.47607154788831 63.730539607362154
654 45442.0 3756.0 34.57704343211429 21.446692969462955 63.61919109023836
655 45426.0 3756.0 34.57704343211429 21.44053982669166 63.604463409432995
656 45420.0 3765.0 34.61844481605105 21.40117294270163 63.448833925901816
657 45442.0 3762.0 34.604649858413836 21.421972190617407 63.51907050443416
658 45447.0 3765.0 34.61844481605105 21.411548421309533 63.473678558345185
659 45460.0 3765.0 34.61844481605105 21.416543030024627 63.48563603794435
660 45461.0 3762.0 34.604649858413836 21.42927402582039 63.53654953809566
661 45457.0 3768.0 34.63223427878316 21.403054345840502 63.43292911933396
662 45462.0 3780.0 34.68733731168665 21.35573095818685 63.23818961177967
663 45462.0 3774.0 34.65979674576333 21.38033230993678 63.33776721958954
664 45462.0 3774.0 34.65979674576333 21.38033230993678 63.33776721958954
665 45444.0 3774.0 34.65979674576333 21.373422012231362 63.32121639910091
666 45459.0 3777.0 34.67356976309445 21.366875169067097 63.285197915711365
667 45459.0 3777.0 34.67356976309445 21.366875169067097 63.285197915711365
668 45462.0 3789.0 34.728607210056424 21.318905852663605 63.089164554336406
669 45454.0 3777.0 34.67356976309445 21.364956204794417 63.28060133558383
670 45449.0 3777.0 34.67356976309445 21.363037145654832 63.27600430096727
671 45449.0 3774.0 34.65979674576333 21.375341662868937 63.325814440819464
672 45463.0 3777.0 34.67356976309445 21.368410272184796 63.28887485261422
673 45464.0 3777.0 34.67356976309445 21.368794038478413 63.28979404139887
674 45472.0 3777.0 34.67356976309445 21.371864032238744 63.29714689738612
675 45478.0 3792.0 34.74235294865525 21.31278320810924 63.05427658179194
676 45480.0 3798.0 34.76982812333183 21.289067637301642 62.95707724673198
677 45463.0 3795.0 34.75609325093207 21.29479016867264 62.99096038073053
678 45487.0 3804.0 34.79728160421644 21.267306082337758 62.86464732179864
679 45488.0 3801.0 34.783557572286774 21.27990510641742 62.9149705527104
680 45475.0 3810.0 34.82471344261489 21.238313194042323 62.7549613358353
681 45466.0 3807.0 34.81100022552772 21.247063051969533 62.79601345157302
682 45462.0 3801.0 34.783557572286774 21.269949057809498 62.89110084096154
683 45471.0 3801.0 34.783557572286774 21.27339566942351 62.89936481013767
684 45447.0 3798.0 34.76982812333183 21.27642638361822 62.92677035437517
685 45465.0 3798.0 34.76982812333183 21.283322120284897 62.94330381942681
686 45450.0 3786.0 34.71485602867786 21.326568684767953 63.12776622542391
687 45453.0 3786.0 34.71485602867786 21.327719224401072 63.13052343505001
688 45453.0 3777.0 34.67356976309445 21.364572400556032 63.279681965021204
689 45454.0 3792.0 34.74235294865525 21.303584994711247 63.03223070097063
690 45439.0 3789.0 34.728607210056424 21.31008725684843 63.06802815950195
691 45449.0 3789.0 34.728607210056424 21.313921674274788 63.07721907241873
692 45449.0 3795.0 34.75609325093207 21.289425416433325 62.9780993799878
693 45464.0 3798.0 34.76982812333183 21.282939055751815 62.94238544678784
694 45447.0 3789.0 34.728607210056424 21.313154820986064 63.07538103459329
695 45439.0 3780.0 34.68733731168665 21.34690548560927 63.217045396387505
696 45427.0 3783.0 34.70109939804905 21.33001829472554 63.15629324210934
697 45431.0 3789.0 34.728607210056424 21.307019451121676 63.06067412619876
698 45427.0 3795.0 34.75609325093207 21.280993600832147 62.957882088152154
699 45447.0 3795.0 34.75609325093207 21.28865896303245 62.976261805407944
700 45442.0 3798.0 34.76982812333183 21.274510685071167 62.922176688698414
701 45443.0 3804.0 34.79728160421644 21.25046014622075 62.824249732281054
702 45463.0 3816.0 34.8521236896311 21.209365387781833 62.64545980375611
703 45489.0 3813.0 34.83842126185964 21.231483824234715 62.71853779816872
704 45500.0 3819.0 34.86582073228589 21.21134765752291 62.63022114538713
705 45458.0 3801.0 34.783557572286774 21.268417132839293 62.887427497792686
706 45461.0 3804.0 34.79728160421644 21.257352542623288 62.84078022554951
707 45459.0 3798.0 34.76982812333183 21.281023676709452 62.93779331326795
708 45460.0 3801.0 34.783557572286774 21.269183102831338 62.889264205378325
709 45469.0 3792.0 34.74235294865525 21.30933413245846 63.046010595814636
710 45469.0 3786.0 34.71485602867786 21.333854861346797 63.14522580002528
711 45466.0 3783.0 34.70109939804905 21.34497993474055 63.192144924477475
712 45470.0 3780.0 34.68733731168665 21.358800217891712 63.24554187009788
713 45471.0 3786.0 34.71485602867786 21.334621747945818 63.147063269679336
714 45452.0 3786.0 34.71485602867786 21.32733571496943 63.12960438328889
715 45444.0 3786.0 34.71485602867786 21.32426750345479 63.12225131705916
716 45443.0 3801.0 34.783557572286774 21.262671879296715 62.87364989551462
717 45454.0 3807.0 34.81100022552772 21.24246968613198 62.78499628707979
718 45458.0 3807.0 34.81100022552772 21.24400086797061 62.78866896255111
719 45456.0 3813.0 34.83842126185964 21.218860248123857 62.68825598741534
720 45453.0 3810.0 34.82471344261489 21.229894564415993 62.73476743663269
721 45445.0 3807.0 34.81100022552772 21.23902430799474 62.77673171664824
722 45449.0 3801.0 34.783557572286774 21.26497008206904 62.8791614225453
723 45437.0 3810.0 34.82471344261489 21.223770788218594 62.72007551187311
724 45422.0 3813.0 34.83842126185964 21.20584988721604 62.657036142133094
725 45438.0 3813.0 34.83842126185964 21.211972947688917 62.67173041454908
726 45443.0 3819.0 34.86582073228589 21.189554574735475 62.57792918894862
727 45462.0 3819.0 34.86582073228589 21.196820279509012 62.59536629033545
728 45454.0 3822.0 34.87951239616815 21.181609550772365 62.53889556790022
729 45435.0 3816.0 34.8521236896311 21.198654841832724 62.61975780249631
730 45450.0 3822.0 34.87951239616815 21.180080325470556 62.535225062487015
731 45466.0 3816.0 34.8521236896311 21.210512772914353 62.648212757620705
732 45448.0 3813.0 34.83842126185964 21.215799375052875 62.68091200504394
733 45453.0 3810.0 34.82471344261489 21.229894564415993 62.73476743663269
734 45457.0 3810.0 34.82471344261489 21.23142535891981 62.73843970028302
735 45470.0 3810.0 34.82471344261489 21.23640002798891 62.75037257540229
736 45464.0 3810.0 34.82471344261489 21.234104105378513 62.74486547117
737 45452.0 3804.0 34.79728160421644 21.25390649624478 62.832515707168554
738 45445.0 3798.0 34.76982812333183 21.27566011547711 62.92493294219017
739 45438.0 3807.0 34.81100022552772 21.236344359786408 62.77030271155954
740 45436.0 3804.0 34.79728160421644 21.247779441809985 62.817819633556965
741 45448.0 3807.0 34.81100022552772 21.24017280106745 62.779486735104136
742 45473.0 3816.0 34.8521236896311 21.213189874421182 62.65463569057923
743 45470.0 3807.0 34.81100022552772 21.24859405413525 62.79968526517206
744 45484.0 3816.0 34.8521236896311 21.21739637920564 62.66472710035025
745 45498.0 3822.0 34.87951239616815 21.19842710338965 62.57925228501047
746 45493.0 3819.0 34.86582073228589 21.208671965395588 62.62380245186312
747 45464.0 3825.0 34.89319868760959 21.17328987155142 62.49898500018586
748 45473.0 3825.0 34.89319868760959 21.17672916667133 62.50723985931395
749 45464.0 3825.0 34.89319868760959 21.17328987155142 62.49898500018586
750 45453.0 3819.0 34.86582073228589 21.19337879742399 62.58710741491646
751 45453.0 3816.0 34.8521236896311 21.205540528355716 62.636282128031
752 45470.0 3825.0 34.89319868760959 21.175582768376074 62.50448839998913
753 45454.0 3822.0 34.87951239616815 21.181609550772365 62.53889556790022
754 45458.0 3822.0 34.87951239616815 21.183138716584995 62.54256578774258
755 45472.0 3807.0 34.81100022552772 21.24935953276086 62.801521064254224
756 45472.0 3807.0 34.81100022552772 21.24935953276086 62.801521064254224
757 45476.0 3807.0 34.81100022552772 21.250890445099273 62.80519244699899
758 45481.0 3801.0 34.783557572286774 21.27722488134974 62.9085452884641
759 45465.0 3798.0 34.76982812333183 21.283322120284897 62.94330381942681
760 45466.0 3783.0 34.70109939804905 21.34497993474055 63.192144924477475
761 45480.0 3789.0 34.728607210056424 21.325805969862706 63.105699405959435
762 45489.0 3798.0 34.76982812333183 21.292514541668833 62.9653393574084
763 45482.0 3795.0 34.75609325093207 21.302069724001857 63.00840893954863
764 45487.0 3801.0 34.783557572286774 21.279522228379204 62.91405271179091
765 45492.0 3801.0 34.783557572286774 21.281436581047984 62.91864173649296
766 45494.0 3801.0 34.783557572286774 21.28220229585048 62.92047722045232
767 45500.0 3804.0 34.79728160421644 21.272281902228013 62.87657631455286
768 45502.0 3804.0 34.79728160421644 21.27304735677803 62.87841127473674
769 45504.0 3807.0 34.81100022552772 21.261605154938803 62.830884085805195
770 45478.0 3816.0 34.8521236896311 21.215101977958884 62.65922296326968
771 45485.0 3813.0 34.83842126185964 21.229953910275206 62.714868314199514
772 45507.0 3816.0 34.8521236896311 21.226190341112712 62.68582032983807
773 45495.0 3816.0 34.8521236896311 21.221602433024294 62.67481634650238
774 45490.0 3819.0 34.86582073228589 21.20752518437598 62.62105131538165
775 45479.0 3816.0 34.8521236896311 21.215484387484533 62.660140364156085
776 45488.0 3819.0 34.86582073228589 21.206760645088018 62.619217135110446
777 45472.0 3822.0 34.87951239616815 21.188490328490225 62.55540930866439
778 45477.0 3819.0 34.86582073228589 21.202555412890685 62.609127866721195
779 45495.0 3822.0 34.87951239616815 21.19728068066421 62.5765017876764
780 45486.0 3819.0 34.86582073228589 21.20599609091308 62.61738288340888
781 45480.0 3807.0 34.81100022552772 21.252421297556214 62.80886354253785
782 45499.0 3804.0 34.79728160421644 21.27189916933302 62.87565880751611
783 45497.0 3810.0 34.82471344261489 21.24673001469843 62.77514655755965
784 45493.0 3810.0 34.82471344261489 21.245199818201296 62.771477162497185
785 45497.0 3810.0 34.82471344261489 21.24673001469843 62.77514655755965
786 45487.0 3804.0 34.79728160421644 21.267306082337758 62.86464732179864
787 45511.0 3801.0 34.783557572286774 21.288710265755487 62.93607592941163
788 45511.0 3810.0 34.82471344261489 21.252085231642855 62.787987182470424
789 45507.0 3798.0 34.76982812333183 21.299407437403097 62.98185920222378
790 45507.0 3807.0 34.81100022552772 21.262752985572707 62.83363592704592
791 45526.0 3798.0 34.76982812333183 21.306681951364595 62.99929048758875
792 45531.0 3798.0 34.76982812333183 21.308596071787544 63.003876587995315
793 45502.0 3792.0 34.74235294865525 21.321979251128635 63.076312060101166
794 45495.0 3786.0 34.71485602867786 21.343823208325944 63.16910725711462
795 45499.0 3789.0 34.728607210056424 21.333088100686606 63.12314650495554
796 45512.0 3786.0 34.71485602867786 21.350339592933857 63.18471544094884
797 45504.0 3786.0 34.71485602867786 21.347273194977078 63.177371064648035
798 45490.0 3786.0 34.71485602867786 21.34190641686483 63.164515619537895
799 45513.0 3789.0 34.728607210056424 21.338453009895332 63.13599808690368
800 45518.0 3798.0 34.76982812333183 21.303619163387214 62.99195179105233
801 45500.0 3789.0 34.728607210056424 21.33347133300521 63.1240645925621
802 45510.0 3789.0 34.728607210056424 21.337303448729006 63.13324447465144
803 45504.0 3792.0 34.74235294865525 21.322745490097248 63.07814788056951
804 45496.0 3795.0 34.75609325093207 21.307432737667167 63.02126160582312
805 45501.0 3774.0 34.65979674576333 21.395300398887557 63.37360710610218
806 45496.0 3771.0 34.64601825317124 21.405701180756054 63.41887462822928
807 45481.0 3771.0 34.64601825317124 21.39994313750313 63.40509033756242
808 45485.0 3777.0 34.67356976309445 21.37685225424515 63.309092807908534
809 45494.0 3777.0 34.67356976309445 21.38030526316859 63.317361255030626
810 45496.0 3789.0 34.728607210056424 21.33193838109735 63.120392133691254
811 45507.0 3789.0 34.728607210056424 21.336153853617066 63.13049069977291
812 45485.0 3780.0 34.68733731168665 21.364554426281316 63.25932422351397
813 45471.0 3780.0 34.68733731168665 21.359183858304583 63.24646082070301
814 45485.0 3786.0 34.71485602867786 21.339989530960715 63.1599235294772
815 45496.0 3780.0 34.68733731168665 21.368773637382713 63.26942868782343
816 45495.0 3792.0 34.74235294865525 21.319297296076442 63.069886119845805
817 45497.0 3798.0 34.76982812333183 21.2955782011624 62.97268223099059
818 45500.0 3795.0 34.75609325093207 21.30896489184389 63.024933147027134
819 45496.0 3801.0 34.783557572286774 21.282967995644903 62.92231263246112
820 45495.0 3801.0 34.783557572286774 21.282585147623678 62.92139493545035
821 45486.0 3810.0 34.82471344261489 21.24252183046357 62.765055031131
822 45484.0 3804.0 34.79728160421644 21.266157726279378 62.86189404610921
823 45474.0 3786.0 34.71485602867786 21.335772049505312 63.149819338360864
824 45458.0 3783.0 34.70109939804905 21.34191134966657 63.18479298219123
825 45472.0 3795.0 34.75609325093207 21.298238548433694 62.99922629934084
826 45463.0 3795.0 34.75609325093207 21.29479016867264 62.99096038073053
827 45449.0 3795.0 34.75609325093207 21.289425416433325 62.9780993799878
828 45460.0 3789.0 34.728607210056424 21.318139097502907 63.08732698687858
829 45437.0 3780.0 34.68733731168665 21.346137958463718 63.2152063149466
830 45451.0 3783.0 34.70109939804905 21.33922613905479 63.17835908067007
831 45449.0 3780.0 34.68733731168665 21.350742893931532 63.22623971385308
832 45443.0 3780.0 34.68733731168665 21.34844049441821 63.220723341312116
833 45444.0 3798.0 34.76982812333183 21.275276975767742 62.924014209055194
834 45446.0 3801.0 34.783557572286774 21.2638209975762 62.876405740056754
835 45448.0 3807.0 34.81100022552772 21.24017280106745 62.779486735104136
836 45428.0 3801.0 34.783557572286774 21.256925781059355 62.85986824164013
837 45435.0 3795.0 34.75609325093207 21.28405992641828 62.96523484164028
838 45445.0 3801.0 34.783557572286774 21.26343796190383 62.87548714321582
839 45449.0 3792.0 34.74235294865525 21.301668427016416 63.027636499295
840 45461.0 3792.0 34.74235294865525 21.306268031184707 63.0386618244221
841 45466.0 3795.0 34.75609325093207 21.295939662463457 62.993715849312764
842 45456.0 3801.0 34.783557572286774 21.267651147833018 62.885590718201556
843 45444.0 3801.0 34.783557572286774 21.263054922477355 62.8745685283686
844 45448.0 3807.0 34.81100022552772 21.24017280106745 62.779486735104136
845 45469.0 3807.0 34.81100022552772 21.2482113092082 62.79876733870222
846 45447.0 3810.0 34.82471344261489 21.22759826050534 62.7292585030403
847 45441.0 3804.0 34.79728160421644 21.249694249420923 62.82241265114766
848 45448.0 3816.0 34.8521236896311 21.20362795883457 62.63169261921309
849 45454.0 3813.0 34.83842126185964 21.21809505225645 62.68642009931251
850 45452.0 3804.0 34.79728160421644 21.25390649624478 62.832515707168554
851 45440.0 3804.0 34.79728160421644 21.24931129539726 62.82149408360253
852 45443.0 3810.0 34.82471344261489 21.226067316457677 62.725585521865504
853 45454.0 3819.0 34.86582073228589 21.193761199214563 62.58802513921845
854 45475.0 3825.0 34.89319868760959 21.17749341364038 62.50907407643477
855 45467.0 3825.0 34.89319868760959 21.17443633666981 62.50173678028312
856 45460.0 3822.0 34.87951239616815 21.1839032771837 62.54440079058214
857 45460.0 3819.0 34.86582073228589 21.196055531773176 62.593531109767454
858 45462.0 3813.0 34.83842126185964 21.221155746129423 62.69376322180602
859 45476.0 3813.0 34.83842126185964 21.226511385538334 62.70661092791619
860 45471.0 3813.0 34.83842126185964 21.224598741163224 62.70202286439189
861 45453.0 3816.0 34.8521236896311 21.205540528355716 62.636282128031
862 45446.0 3813.0 34.83842126185964 21.21503411945011 62.679075830291055
863 45455.0 3819.0 34.86582073228589 21.19414359728198 62.588942845650145
864 45444.0 3819.0 34.86582073228589 21.189937013759902 62.57884709197401
865 45453.0 3825.0 34.89319868760959 21.169085880240132 62.48889376743159
866 45440.0 3825.0 34.89319868760959 21.164116947634604 62.476964984122674
867 45427.0 3816.0 34.8521236896311 21.195594148906014 62.6124117963945
868 45428.0 3822.0 34.87951239616815 21.171668522823367 62.51503217707105
869 45410.0 3816.0 34.8521236896311 21.189089383918834 62.59679772890486
870 45426.0 3819.0 34.86582073228589 21.18305254157335 62.56232210242955
871 45434.0 3825.0 34.89319868760959 21.161823382456376 62.47145837549379
872 45437.0 3828.0 34.906879612929465 21.150840604645477 62.42517481250039
873 45430.0 3819.0 34.86582073228589 21.18458252855391 62.56599482291249
874 45441.0 3819.0 34.86582073228589 21.188789685515733 62.57609332927425
875 45418.0 3822.0 34.87951239616815 21.16784438112825 62.505850735772505
876 45432.0 3816.0 34.8521236896311 21.197507109954138 62.61700318446481
877 45438.0 3813.0 34.83842126185964 21.211972947688917 62.67173041454908
878 45454.0 3819.0 34.86582073228589 21.193761199214563 62.58802513921845
879 45449.0 3822.0 34.87951239616815 21.17969800984961 62.53430739151047
880 45466.0 3822.0 34.87951239616815 21.186196869753342 62.549905370810066
881 45460.0 3819.0 34.86582073228589 21.196055531773176 62.593531109767454
882 45478.0 3819.0 34.86582073228589 21.202937725336973 62.61004516223941
883 45445.0 3822.0 34.87951239616815 21.178168710182614 62.53063652910021
884 45467.0 3825.0 34.89319868760959 21.17443633666981 62.50173678028312
885 45444.0 3825.0 34.89319868760959 21.16564591681482 62.4806356999118
886 45463.0 3825.0 34.89319868760959 21.172907709086857 62.498067704509246
887 45480.0 3822.0 34.87951239616815 21.1915480653039 62.562746893361265
888 45479.0 3819.0 34.86582073228589 21.203320034061104 62.6109624398963
889 45463.0 3813.0 34.83842126185964 21.22153831606461 62.69468103151207
890 45455.0 3810.0 34.82471344261489 21.230659969144675 62.736603604330305
891 45438.0 3810.0 34.82471344261489 21.22415355227272 62.72099389172718
892 45448.0 3816.0 34.8521236896311 21.20362795883457 62.63169261921309
893 45439.0 3813.0 34.83842126185964 21.21235560722764 62.672648654234685
894 45438.0 3822.0 34.87951239616815 21.175492292603632 62.524211832584115
895 45439.0 3831.0 34.9205551784347 21.139485303763244 62.378018074632365
896 45438.0 3828.0 34.906879612929465 21.15122276230197 62.42609244473997
897 45439.0 3831.0 34.9205551784347 21.139485303763244 62.378018074632365
898 45454.0 3834.0 34.934225390419826 21.133104672687974 62.342829520988104
899 45444.0 3834.0 34.934225390419826 21.129285551773037 62.33365780832503
900 45455.0 3837.0 34.94789025516712 21.12138564250935 62.29484290797947
901 45448.0 3849.0 35.002496366993746 21.070413615428325 62.09326404017819
902 45465.0 3849.0 35.002496366993746 21.076896995660373 62.108842538394185
903 45476.0 3837.0 34.94789025516712 21.129402382799867 62.31409463983485
904 45484.0 3831.0 34.9205551784347 21.15667383340338 62.4192865659769
905 45482.0 3825.0 34.89319868760959 21.180168161102177 62.515493275101335
906 45468.0 3834.0 34.934225390419826 21.138450820752006 62.35566693516417
907 45440.0 3834.0 34.934225390419826 21.12775779986031 62.32998862590522
908 45450.0 3834.0 34.934225390419826 21.13157706869756 62.33916104906018
909 45460.0 3828.0 34.906879612929465 21.15962929254854 62.446275848768295
910 45458.0 3828.0 34.906879612929465 21.158865136686092 62.444441349950516
911 45458.0 3840.0 34.961549778946534 21.110439911412364 62.24873469543944
912 45451.0 3831.0 34.9205551784347 21.144069644797952 62.389026526170795
913 45472.0 3837.0 34.94789025516712 21.127875510182566 62.31042824619995
914 45473.0 3831.0 34.9205551784347 21.15247288516992 62.40920203696129
915 45470.0 3834.0 34.934225390419826 21.139214497031844 62.35750056737809
916 45464.0 3831.0 34.9205551784347 21.149035412522498 62.400949458961726
917 45460.0 3822.0 34.87951239616815 21.1839032771837 62.54440079058214
918 45460.0 3822.0 34.87951239616815 21.1839032771837 62.54440079058214
919 45472.0 3831.0 34.9205551784347 21.15209095857347 62.40828515495453
920 45474.0 3834.0 34.934225390419826 21.14074180522635 62.361167618762565
921 45479.0 3843.0 34.97520396801579 21.10637120983006 62.21916600734796
922 45460.0 3837.0 34.94789025516712 21.123294537890242 62.299427363022495
923 45458.0 3828.0 34.906879612929465 21.158865136686092 62.444441349950516
924 45454.0 3825.0 34.89319868760959 21.169468079832782 62.489811241352214
925 45459.0 3828.0 34.906879612929465 21.159247216471172 62.44535860826046
926 45452.0 3831.0 34.9205551784347 21.14445164914726 62.389943781534384
927 45456.0 3831.0 34.9205551784347 21.145979629515658 62.39361262516668
928 45447.0 3825.0 34.89319868760959 21.166792604709087 62.48338854953971
929 45446.0 3822.0 34.87951239616815 21.17855104067693 62.53155427147914
930 45439.0 3825.0 34.89319868760959 21.16373469605573 62.476047260598165
931 45438.0 3819.0 34.86582073228589 21.187642323758293 62.57333940569822
932 45419.0 3819.0 34.86582073228589 21.180374920969445 62.55589415316134
933 45426.0 3828.0 34.906879612929465 21.14663662564663 62.4150796823081
934 45448.0 3837.0 34.94789025516712 21.118713033882955 62.288423925944585
935 45421.0 3825.0 34.89319868760959 21.15685353256868 62.45952518758892
936 45425.0 3828.0 34.906879612929465 21.14625442348408 62.41416183632127
937 45417.0 3825.0 34.89319868760959 21.155324221704102 62.45585283099979
938 45404.0 3825.0 34.89319868760959 21.150353550926578 62.44391570066536
939 45402.0 3816.0 34.8521236896311 21.186027945046995 62.58944814166287
940 45398.0 3816.0 34.8521236896311 21.18449713608248 62.58577291816864
941 45392.0 3807.0 34.81100022552772 21.218728706706738 62.72803305878136
942 45412.0 3807.0 34.81100022552772 21.226388660063332 62.7464158418879
943 45430.0 3828.0 34.906879612929465 21.148165397206597 62.41875088811602
944 45422.0 3825.0 34.89319868760959 21.157235850998845 62.460443232139525
945 45409.0 3825.0 34.89319868760959 21.152265421675548 62.44850726148785
946 45430.0 3834.0 34.934225390419826 21.12393816118888 62.320814426263745
947 45428.0 3825.0 34.89319868760959 21.15952968358075 62.465951124859444
948 45405.0 3831.0 34.9205551784347 21.126493441162708 62.346813550108216
949 45427.0 3834.0 34.934225390419826 21.12279219746372 62.31806181990156
950 45412.0 3828.0 34.906879612929465 21.141285457827536 62.40222821722292
951 45411.0 3831.0 34.9205551784347 21.128786433959068 62.352321725684575
952 45410.0 3831.0 34.9205551784347 21.128404277754733 62.35140374091819
953 45424.0 3834.0 34.934225390419826 21.12164620044874 62.315309053612665
954 45420.0 3837.0 34.94789025516712 21.108020789693462 62.26273930404547
955 45431.0 3828.0 34.906879612929465 21.14854758082424 62.419668645035024
956 45440.0 3840.0 34.961549778946534 21.103569154325704 62.23223029067982
957 45434.0 3834.0 34.934225390419826 21.12546606104015 62.32448431932219
958 45418.0 3849.0 35.002496366993746 21.05896976680991 62.065760127464294
959 45423.0 3849.0 35.002496366993746 21.060877304503077 62.07034521653636
960 45423.0 3846.0 34.988852828620416 21.072934404102366 62.11906420857948
961 45426.0 3843.0 34.97520396801579 21.086146728189934 62.170579945407425
962 45430.0 3834.0 34.934225390419826 21.12393816118888 62.320814426263745
963 45456.0 3837.0 34.94789025516712 21.1217674289707 62.29575983446111
964 45447.0 3834.0 34.934225390419826 21.130431326876558 62.33640950862294
965 45448.0 3837.0 34.94789025516712 21.118713033882955 62.288423925944585
966 45448.0 3843.0 34.97520396801579 21.094543051843125 62.19075377851786
967 45437.0 3831.0 34.9205551784347 21.13872119507766 62.37618308370335
968 45436.0 3837.0 34.94789025516712 21.114130998090896 62.27741793433442
969 45444.0 3825.0 34.89319868760959 21.16564591681482 62.4806356999118
970 45427.0 3816.0 34.8521236896311 21.195594148906014 62.6124117963945
971 45419.0 3813.0 34.83842126185964 21.20470170694428 62.65428045519526
972 45415.0 3819.0 34.86582073228589 21.178844770112395 62.55222064586808
973 45413.0 3828.0 34.906879612929465 21.141667708211635 62.4031462948293
974 45399.0 3825.0 34.89319868760959 21.148441587301345 62.4393236937276
975 45416.0 3828.0 34.906879612929465 21.14281443710653 62.405900420735314
976 45429.0 3822.0 34.87951239616815 21.17205091653688 62.51595022297656
977 45424.0 3813.0 34.83842126185964 21.206615322057093 62.658873177125
978 45433.0 3819.0 34.86582073228589 21.185729979685565 62.568749175541235
979 45440.0 3822.0 34.87951239616815 21.17625700193354 62.526047549425236
980 45430.0 3822.0 34.87951239616815 21.172433306531286 62.51686825102459
981 45446.0 3825.0 34.89319868760959 21.166410379124336 62.482470950826226
982 45460.0 3837.0 34.94789025516712 21.123294537890242 62.299427363022495
983 45477.0 3834.0 34.934225390419826 21.141887247553996 62.363917720899536
984 45477.0 3825.0 34.89319868760959 21.17825764576092 62.51090822228249
985 45490.0 3828.0 34.906879612929465 21.171089850987016 62.47378478785609
986 45470.0 3831.0 34.9205551784347 21.151327094274194 62.406451337614975
987 45469.0 3834.0 34.934225390419826 21.13883266074051 62.35658376014824
988 45460.0 3837.0 34.94789025516712 21.123294537890242 62.299427363022495
989 45465.0 3831.0 34.9205551784347 21.149417368736962 62.40186648318053
990 45459.0 3831.0 34.9205551784347 21.147125575912817 62.396364071188
991 45443.0 3840.0 34.961549778946534 21.10471436348515 62.23498142346249
992 45442.0 3837.0 34.94789025516712 21.11642208246438 62.2829212494955
993 45443.0 3840.0 34.961549778946534 21.10471436348515 62.23498142346249
994 45451.0 3849.0 35.002496366993746 21.07155781847311 62.09601355754924
995 45464.0 3855.0 35.02976750191918 21.052423440477046 62.010612495454346
996 45462.0 3849.0 35.002496366993746 21.075752946855495 62.10609376224947
997 45455.0 3849.0 35.002496366993746 21.073083371116642 62.0996793336091
998 45462.0 3849.0 35.002496366993746 21.075752946855495 62.10609376224947
999 45460.0 3849.0 35.002496366993746 21.074990229291508 62.10426115658896
