MCS Volumen AContact r h theta
0 14000.0 0.0 0.0 29.902658734369908 180.0
1 15515.0 105.0 5.781222885281108 29.864941361562014 158.08850302998175
2 17571.0 279.0 9.423823971471327 29.509108642791503 144.5779176761441
3 20097.0 483.0 12.399341717477219 29.205765147744373 133.99258665238924
4 22893.0 669.0 14.592782937361742 29.253401277412852 126.97623699466031
5 25823.0 963.0 17.508067294678487 28.488272502001 116.85264090265619
6 28667.0 1215.0 19.665871750657423 28.088425791809374 110.00508020708746
7 31385.0 1509.0 21.91642348220485 27.369387293078898 102.62701172110587
8 33970.0 1752.0 23.615226456547084 27.005939211945062 97.66413671876259
9 36222.0 2028.0 25.40733061895184 26.31369807908202 92.00791502028859
10 38115.0 2322.0 27.186679747971468 25.420849748477895 86.15505097135394
11 39826.0 2565.0 28.573849199249008 24.814917440028324 81.94526786672287
12 41213.0 2781.0 29.75264347040649 24.26148610736912 78.3903362622011
13 42367.0 2991.0 30.855548440689205 23.680427749582492 75.00965958970693
14 43159.0 3192.0 31.875463238965796 23.03310082703825 71.70349390558708
15 43783.0 3366.0 32.73272180700285 22.48037664347574 68.9614728113828
16 44223.0 3519.0 33.468380443050414 21.975672256240937 66.5786035868648
17 44547.0 3660.0 34.13230410377644 21.49932671008928 64.4121816445751
18 44762.0 3771.0 34.64601825317124 21.12293446518983 62.73953293964117
19 44931.0 3831.0 34.9205551784347 20.944924827607196 61.90963623118476
20 45068.0 3921.0 35.328360614761664 20.63975689455348 60.58919060604056
21 45172.0 3978.0 35.58422019995829 20.457182917768087 59.78874301469093
22 45243.0 4050.0 35.904805236128944 20.20835839573419 58.744366958181885
23 45306.0 4098.0 36.116947733455746 20.051218153504266 58.07585923252746
24 45352.0 4131.0 36.262075779321286 19.945473861392433 57.62481954515878
25 45438.0 4200.0 36.56366395715726 19.723942303203383 56.68849309642644
26 45458.0 4221.0 36.654959140364355 19.655141465376936 56.40224555162632
27 45495.0 4272.0 36.875735026940866 19.485575710539738 55.70500823264198
28 45515.0 4308.0 37.03078435139837 19.36516348232076 55.21442827322127
29 45553.0 4350.0 37.21085869607808 19.231588437042426 54.66231244380798
30 45585.0 4371.0 37.30056986842626 19.1701216651598 54.40056538967895
31 45603.0 4392.0 37.390065794529015 19.10398361559725 54.12837804285922
32 45601.0 4413.0 37.479348016328515 19.03104576609407 53.84056959316965
33 45636.0 4440.0 37.59382787980004 18.951405947396953 53.50621437615828
34 45653.0 4479.0 37.75857492301846 18.825490797432575 52.99941614710769
35 45668.0 4506.0 37.87221075068316 18.740300434086993 52.65515858453835
36 45675.0 4542.0 38.02319690724042 18.623131353646976 52.18969304734617
37 45681.0 4569.0 38.13604423604708 18.53631351618189 51.8448415252875
38 45701.0 4605.0 38.28598994248883 18.425833471342724 51.4000749451419
39 45707.0 4650.0 38.47260025985541 18.282681112910762 50.835352533956545
40 45706.0 4677.0 38.58413323740199 18.196064354073343 50.496612542748956
41 45726.0 4707.0 38.707681850856204 18.10796450634483 50.14162706591719
42 45716.0 4743.0 38.85542163160399 17.991449173284767 49.691646321027065
43 45713.0 4779.0 39.002601785936484 17.878540014384168 49.252829244138326
44 45708.0 4791.0 39.05153857028608 17.83977908038988 49.10435694239385
45 45693.0 4809.0 39.12482897927925 17.779298668767876 48.87646528338107
46 45723.0 4842.0 39.25883937283315 17.688953198284004 48.51003451315407
47 45723.0 4860.0 39.33174350131485 17.63443221598156 48.298266972210364
48 45734.0 4878.0 39.40451274669604 17.583951722738014 48.09687860996797
49 45739.0 4905.0 39.51341533873645 17.504802081935384 47.78755572693959
50 45742.0 4938.0 39.6461122681097 17.407833867943456 47.410680227376574
51 45755.0 4965.0 39.754353030863435 17.33274192033534 47.11402552876635
52 45769.0 5007.0 39.922144232521376 17.214988451043578 46.652765988968255
53 45789.0 5055.0 40.113046190224225 17.08347347739299 46.13668264777389
54 45797.0 5097.0 40.27934321558361 16.966703847838094 45.68417548625403
55 45788.0 5106.0 40.314889046783144 16.938295712440567 45.57941009112097
56 45774.0 5124.0 40.38588685179197 16.88302054851676 45.374009133558886
57 45773.0 5154.0 40.50393997367734 16.79890318984703 45.052203350884376
58 45741.0 5166.0 40.55106499249388 16.755006372309392 44.899153551440435
59 45751.0 5208.0 40.715573031030544 16.642628660885332 44.464911760919186
60 45739.0 5226.0 40.78587335336207 16.58952717355019 44.26776167550923
61 45741.0 5253.0 40.89109722327652 16.51691843584444 43.989984408676285
62 45754.0 5268.0 40.94943809646488 16.480702950736855 43.846088393452014
63 45748.0 5304.0 41.08911822269767 16.382314762966445 43.47454037187814
64 45752.0 5325.0 41.17037944844188 16.32781190638605 43.265686659863995
65 45735.0 5340.0 41.228325120254915 16.282644784418824 43.10192402816376
66 45722.0 5352.0 41.274623085567335 16.246838741086044 42.971955268431266
67 45729.0 5376.0 41.367063566611286 16.18622697470044 42.73911885136182
68 45769.0 5394.0 41.43625859166543 16.152222119700507 42.59255795854132
69 45775.0 5415.0 41.516840362499 16.09971912757574 42.391357967746686
70 45777.0 5445.0 41.63168661333264 16.023147087806805 42.101299488724855
71 45774.0 5454.0 41.666078760142454 15.99914972908085 42.01208200948376
72 45774.0 5481.0 41.76908529251457 15.930382308900935 41.75287156781326
73 45783.0 5496.0 41.82620153045354 15.895262630286638 41.61670868951542
74 45762.0 5511.0 41.88323987896436 15.850767989904426 41.45843060264492
75 45770.0 5529.0 41.951583530424436 15.808129364715159 41.2946664382349
76 45782.0 5547.0 42.01981602365112 15.766969015844102 41.13489285265631
77 45783.0 5550.0 42.03117733682984 15.759813194652578 41.10760080385353
78 45782.0 5577.0 42.13329129378573 15.692529924076764 40.855658704427164
79 45794.0 5613.0 42.26905950159782 15.607777216971604 40.5331600593799
80 45793.0 5634.0 42.348056611366204 15.556225725107533 40.34082226968297
81 45815.0 5655.0 42.426906632104775 15.512147091221467 40.16689727971933
82 45808.0 5670.0 42.48313847471833 15.473747482910818 40.026554069742495
83 45830.0 5694.0 42.57295493538714 15.42294319366307 39.8279569860822
84 45834.0 5727.0 42.696144066819066 15.345521931465141 39.53812884936043
85 45827.0 5751.0 42.78551338295452 15.286598562030786 39.32203723998583
86 45816.0 5769.0 42.85241805772795 15.24088840041027 39.15687033902416
87 45831.0 5769.0 42.85241805772795 15.24550452013419 39.16782781955568
88 45836.0 5799.0 42.96369432415935 15.176952348406548 38.91160001391467
89 45848.0 5826.0 43.0635971199198 15.118026452550064 38.68855223050656
90 45855.0 5847.0 43.141139351164846 15.071784439449086 38.51473487205273
91 45836.0 5853.0 43.16326868801443 15.052223626808813 38.45014793815041
92 45836.0 5883.0 43.2737456250235 14.983716762982798 38.1972542990763
93 45845.0 5922.0 43.41694537827838 14.898205860597255 37.87856202565607
94 45827.0 5922.0 43.41694537827838 14.892767007469391 37.86571880548413
95 45838.0 5943.0 43.49385765358446 14.848964737502747 37.70019106661939
96 45831.0 5970.0 43.592545469578056 14.786662192926046 37.47403931527488
97 45839.0 5982.0 43.636335079282674 14.762450210220123 37.38201163620788
98 45848.0 5988.0 43.65821341361255 14.751872715563215 37.339662240168884
99 45835.0 5988.0 43.65821341361255 14.74797553267523 37.33048109855275
100 45827.0 6012.0 43.74561733176193 14.692699067261957 37.13097787565389
101 45829.0 6045.0 43.86551335594985 14.621141539692626 36.86826069187302
102 45831.0 6069.0 43.95250503952449 14.56965816078681 36.67931471058356
103 45832.0 6084.0 44.00678751672499 14.537574653350976 36.56178571853494
104 45808.0 6102.0 44.07183823592443 14.491790677871185 36.40400663074517
105 45808.0 6129.0 44.16923468230407 14.434132312850338 36.1939081611936
106 45793.0 6114.0 44.115152092310595 14.461682973561723 36.30001411445025
107 45809.0 6150.0 44.244839247423116 14.389866885520789 36.032435704119465
108 45823.0 6156.0 44.266416834293416 14.381295326706885 35.99593658101512
109 45854.0 6192.0 44.39566212199151 14.314656382558539 35.74213806783426
110 45860.0 6219.0 44.492349703932184 14.260067477393681 35.541938587686786
111 45846.0 6249.0 44.59953451284562 14.193864142276583 35.30748839741805
112 45854.0 6267.0 44.66372193082229 14.159147343202187 35.17897284685621
113 45848.0 6297.0 44.770496460273144 14.096066381971418 34.95339281790185
114 45839.0 6312.0 44.82378834494121 14.062980774804302 34.8373748110437
115 45832.0 6330.0 44.887655090719484 14.024542109897277 34.70142057487465
116 45815.0 6351.0 44.962051634164276 13.977387948771801 34.53788520986718
117 45822.0 6357.0 44.983285189838654 13.96736483925302 34.4992646847639
118 45810.0 6378.0 45.057523834318914 13.921962143007008 34.340411237670544
119 45805.0 6378.0 45.057523834318914 13.920530881650825 34.337088410806075
120 45821.0 6399.0 45.13164036117097 13.883373405449595 34.19783797530389
121 45805.0 6423.0 45.21619620178689 13.831396912519866 34.01719268050537
122 45813.0 6441.0 45.27950945968602 13.798307969197843 33.89575860007588
123 45816.0 6447.0 45.300594214942684 13.787407544689588 33.85565161902758
124 45820.0 6459.0 45.34273431169655 13.76509091603797 33.774351150204694
125 45828.0 6477.0 45.40587112711761 13.732312426232 33.65427960400823
126 45851.0 6486.0 45.43740663581127 13.721350109426838 33.60690654716218
127 45837.0 6510.0 45.52139452012072 13.671019583123734 33.43220645016164
128 45809.0 6519.0 45.5528500538894 13.645820798711497 33.35224658518248
129 45822.0 6555.0 45.67845557738076 13.580634242789422 33.11541704087354
130 45814.0 6570.0 45.73068939156182 13.549897492899898 33.008869267702195
131 45793.0 6582.0 45.772433525668156 13.521312582663487 32.914593411735645
132 45791.0 6606.0 45.85580779061821 13.475548838249049 32.752736027727224
133 45817.0 6645.0 45.99096861005744 13.40989438593895 32.510906942834275
134 45843.0 6675.0 46.094668783676084 13.36149681624362 32.33065696053427
135 45846.0 6696.0 46.167120311826494 13.323649699400752 32.19586461684495
136 45839.0 6696.0 46.167120311826494 13.321719626923871 32.191442252839146
137 45829.0 6708.0 46.208470181568096 13.296960771843738 32.107429976627174
138 45822.0 6729.0 46.28074355637264 13.25669646451122 31.967753676028625
139 45825.0 6738.0 46.31168333267947 13.241152058668558 31.91193401652665
140 45797.0 6750.0 46.35290424278275 13.211712877995863 31.817699338398516
141 45812.0 6756.0 46.37350095752627 13.204967297891628 31.7888644032981
142 45801.0 6768.0 46.414666967370295 13.180296754283034 31.705737528000913
143 45811.0 6795.0 46.50715726228445 13.13453109479402 31.541435716035853
144 45821.0 6816.0 46.57896718722644 13.099755899238637 31.415956499692907
145 45827.0 6846.0 46.68136117139507 13.048151766476483 31.232975248878034
146 45830.0 6879.0 46.79373576728295 12.99086409242325 31.031407264567953
147 45833.0 6900.0 46.865106579076034 12.954948323477947 30.904852712744393
148 45837.0 6912.0 46.90584114268031 12.935124382351859 30.834292439769364
149 45827.0 6954.0 47.048134378762356 12.85978583901852 30.574783730663828
150 45812.0 6963.0 47.07856983275654 12.840306700587721 30.511815905299706
151 45814.0 6957.0 47.058281717256015 12.851147834231728 30.548925523181634
152 45846.0 6987.0 47.15963501519224 12.80830007016406 30.389388922927676
153 45848.0 6987.0 47.15963501519224 12.808833232335134 30.39059543480124
154 45839.0 7011.0 47.240561089328274 12.765587336864963 30.24319529172922
155 45833.0 7023.0 47.28097218404844 12.74366201361706 30.16899451357677
156 45843.0 7059.0 47.40199876135371 12.685676178371045 29.96469595305412
157 45830.0 7089.0 47.502618697887506 12.632126778497275 29.783457388067326
158 45826.0 7083.0 47.48251176843733 12.641064918689036 29.815652847420754
159 45819.0 7101.0 47.54280704576769 12.609290785579374 29.70798061382587
160 45834.0 7119.0 47.60302595153385 12.583433486988032 29.61388640648723
161 45820.0 7125.0 47.62308199874835 12.569854138176852 29.571417724171962
162 45829.0 7143.0 47.68319952573251 12.54258925137109 29.474491555183175
163 45810.0 7158.0 47.73323962715681 12.51303271728199 29.37855276002597
164 45809.0 7173.0 47.78322732503876 12.488280977690966 29.293589810946152
165 45822.0 7182.0 47.813194858448696 12.477019243779715 29.25075024943169
166 45828.0 7188.0 47.833162783670154 12.468830606933533 29.22069461142841
167 45854.0 7188.0 47.833162783670154 12.47560435592911 29.235889112860924
168 45858.0 7197.0 47.8630990520332 12.462035763781415 29.18796512904897
169 45837.0 7209.0 47.902984974831654 12.437146685288429 29.10892684460517
170 45840.0 7227.0 47.96275166679092 12.40889552225817 29.010938185939487
171 45832.0 7239.0 48.00255478705754 12.387539835419405 28.940104226597665
172 45823.0 7248.0 48.03238548167387 12.370787258601466 28.88540723348945
173 45820.0 7263.0 48.08206217866359 12.346046675576403 28.80150112832291
174 45819.0 7296.0 48.19117066016281 12.2933734229812 28.621429361111456
175 45831.0 7290.0 48.17135113612482 12.305962848920567 28.66083652033195
176 45828.0 7317.0 48.26047489620048 12.2625463813931 28.513265144358353
177 45819.0 7347.0 48.35930865709631 12.213185809301883 28.347435701747095
178 45829.0 7356.0 48.3889194213713 12.201693379033097 28.30520028211616
179 45824.0 7386.0 48.4874913699758 12.153800355357244 28.143492392580242
180 45824.0 7413.0 48.57603510251161 12.112132673666796 28.001703141527972
181 45832.0 7428.0 48.62515639638805 12.091128590049609 27.927915040681132
182 45820.0 7437.0 48.6546053683395 12.07430664423707 27.874354411156137
183 45808.0 7437.0 48.6546053683395 12.07126670474225 27.86760998361805
184 45806.0 7440.0 48.66441773213158 12.066174794111323 27.85091445482662
185 45824.0 7473.0 48.772223441744664 12.02049448689205 27.69058240168826
186 45822.0 7467.0 48.752640135015916 12.029094502601627 27.72033198626982
187 45802.0 7476.0 48.78201214699963 12.010397894315334 27.662878833153574
188 45786.0 7503.0 48.87002226352042 11.965607979065458 27.515905418665874
189 45790.0 7524.0 48.938365150941046 11.93509395309734 27.411507115384257
190 45800.0 7530.0 48.95787416712396 11.928624247538627 27.386701677689086
191 45819.0 7554.0 49.03583261485783 11.89758783811853 27.276310455870238
192 45813.0 7566.0 49.07476539797781 11.878265557939201 27.212860933108438
193 45812.0 7584.0 49.13310672874115 11.851377702105996 27.12249288580084
194 45798.0 7584.0 49.13310672874115 11.847888659003708 27.11480279682938
195 45787.0 7590.0 49.15253845057213 11.836297025148257 27.078937255836305
196 45805.0 7605.0 49.20108417939312 11.818701790401972 27.014459904609414
197 45798.0 7620.0 49.24958205630262 11.79496365465218 26.936600223896498
198 45800.0 7626.0 49.2689678401891 11.786682393486034 26.9081699324746
199 45800.0 7665.0 49.39478998435722 11.729927148258273 26.717504117650577
200 45795.0 7671.0 49.4141188013695 11.720007284771292 26.685649674860386
201 45805.0 7692.0 49.48171020211122 11.692168547977317 26.589445539360003
202 45818.0 7722.0 49.578109495131336 11.652320148358115 26.4523099792183
203 45810.0 7746.0 49.655094183574384 11.616137636152105 26.333582032235796
204 45832.0 7776.0 49.75115752387231 11.578998884564834 26.203368909101115
205 45829.0 7791.0 49.79911970364449 11.557116524694798 26.131226479266815
206 45822.0 7806.0 49.84703573484255 11.534336997193913 26.05726751525782
207 45831.0 7827.0 49.914040901939906 11.507138823988688 25.96419629586859
208 45809.0 7830.0 49.923605727341865 11.497616052502925 25.938634142323863
209 45821.0 7836.0 49.94272988269848 11.492163972059927 25.9171570788532
210 45827.0 7863.0 50.02869811481352 11.4561240433467 25.795696410472335
211 45818.0 7872.0 50.057321382978536 11.441504505244607 25.74963555242711
212 45812.0 7875.0 50.06685883593409 11.435913848117663 25.732732852695545
213 45809.0 7896.0 50.1335702030806 11.406277405265012 25.635229879539743
214 45796.0 7911.0 50.181166881609755 11.382585021663603 25.5602668160424
215 45799.0 7926.0 50.22871845759879 11.362813984245115 25.493956512786223
216 45812.0 7917.0 50.20019291713002 11.378224613489582 25.541430427406738
217 45797.0 7929.0 50.238223371764214 11.358243988547253 25.479373801320698
218 45808.0 7953.0 50.31419804408779 11.328258221912922 25.377162778303276
219 45805.0 7980.0 50.39953265404997 11.291051222392502 25.255042323743446
220 45807.0 7983.0 50.40900536020524 11.287487847776017 25.242735106441867
221 45817.0 7998.0 50.4563422148094 11.269707559350257 25.181351508547245
222 45800.0 8004.0 50.47526452644959 11.257613855136412 25.146058874353482
223 45798.0 8028.0 50.550882942669475 11.225069896432403 25.039340410427368
224 45794.0 8049.0 50.61695638709751 11.196205453160363 24.945393029934337
225 45801.0 8073.0 50.69236344028302 11.166118488846351 24.84458734077058
226 45807.0 8085.0 50.73002493391805 11.151726015917989 24.795704916581492
227 45817.0 8100.0 50.77706251929806 11.134379204348685 24.73609574893496
228 45815.0 8139.0 50.8991568068654 11.08298280081255 24.56812987359881
229 45812.0 8139.0 50.8991568068654 11.082278977366643 24.566617046489288
230 45813.0 8145.0 50.917914558306244 11.074718683400155 24.541596007255514
231 45811.0 8148.0 50.92729084317687 11.070356390374387 24.52784193667293
232 45812.0 8178.0 51.02095892092817 11.031799586409111 24.40145434590769
233 45814.0 8184.0 51.039671908508026 11.024539464875321 24.37720276538704
234 45798.0 8190.0 51.05837803774465 11.013088961439104 24.343983590027044
235 45815.0 8205.0 51.1051134050009 10.997807825768621 24.289638203511075
236 45822.0 8232.0 51.18912954002017 10.964949175579287 24.18063168679467
237 45816.0 8217.0 51.14247094902834 10.982688380320583 24.240039965067535
238 45817.0 8241.0 51.217104291834175 10.952338243316674 24.140832385432077
239 45832.0 8247.0 51.235745640692315 10.94819686361878 24.12344873296979
240 45852.0 8238.0 51.20778107262672 10.96427718129216 24.170645459041385
241 45812.0 8247.0 51.235745640692315 10.943558322647009 24.113527209490353
242 45824.0 8265.0 51.291629037388056 10.923538303993952 24.04523942860953
243 45822.0 8295.0 51.384632974212664 10.885272854087738 23.921324108306667
244 45824.0 8304.0 51.41250134811764 10.874441962462742 23.885624728855802
245 45817.0 8325.0 51.477468881832735 10.846569866942131 23.796942938307055
246 45829.0 8319.0 51.458915098969534 10.856821899793758 23.827136123614842
247 45840.0 8331.0 51.49601597985188 10.844376963242542 23.78394375956415
248 45842.0 8364.0 51.597905849377504 10.803852290681819 23.652105426091392
249 45834.0 8382.0 51.65339742933211 10.779792824675242 23.57626744959916
250 45810.0 8382.0 51.65339742933211 10.774305153398721 23.564601063859183
251 45819.0 8382.0 51.65339742933211 10.776363057447192 23.56897607467155
252 45816.0 8406.0 51.727293600776605 10.746187644613803 23.47217122053628
253 45813.0 8421.0 51.77342514798206 10.727152013471258 23.411441346309225
254 45822.0 8430.0 51.80108435669427 10.71821759046977 23.380333299783626
255 45858.0 8466.0 51.911573819640374 10.682656053729918 23.256635143237663
256 45854.0 8493.0 51.994286833833335 10.649162432070318 23.14980693221473
257 45834.0 8508.0 52.04018170271594 10.62662765080451 23.082310226049433
258 45845.0 8511.0 52.04935582031965 10.625513260294442 23.075995644812345
259 45844.0 8514.0 52.05852832119627 10.621693414927174 23.0639666463517
260 45845.0 8544.0 52.150164597576364 10.586103673769047 22.949424620594446
261 45832.0 8565.0 52.21421430189453 10.55825437986536 22.863306373377974
262 45824.0 8598.0 52.31470540305309 10.517522527113591 22.73480020522392
263 45835.0 8601.0 52.323831387492866 10.516455020104502 22.72869105455436
264 45836.0 8613.0 52.3603194193942 10.502593679832028 22.684102970572873
265 45851.0 8640.0 52.44232466841979 10.47437408534386 22.5902577760808
266 45844.0 8649.0 52.46963126994133 10.462335161315202 22.55351720356453
267 45834.0 8661.0 52.50601798115918 10.446170970044152 22.5043554111303
268 45828.0 8664.0 52.51511071964299 10.441359140751393 22.490458007758637
269 45814.0 8676.0 52.55146594083335 10.424360112279535 22.439633303954487
270 45827.0 8685.0 52.57871586018645 10.416846465973233 22.412541803792216
271 45840.0 8673.0 52.54237949381449 10.433597598157673 22.46279818352998
272 45844.0 8676.0 52.55146594083335 10.431013762714672 22.453592359864594
273 45843.0 8697.0 52.61502713237377 10.406555838819028 22.375897617677627
274 45856.0 8724.0 52.69663601281765 10.378422941564468 22.283231099433205
275 45865.0 8730.0 52.7147541622314 10.373541001847085 22.265547276360337
276 45859.0 8739.0 52.74191971629537 10.361933039907829 22.23008317885826
277 45857.0 8754.0 52.78716457296133 10.344395526407721 22.1748426300354
278 45847.0 8781.0 52.86850773929473 10.311563667037989 22.073021479118744
279 45872.0 8787.0 52.88656700805006 10.310262342144629 22.062952752552356
280 45860.0 8781.0 52.86850773929473 10.314416066524185 22.078977372355407
281 45866.0 8793.0 52.90462011217991 10.302169425448543 22.038720244660173
282 45876.0 8817.0 52.97677100845693 10.277332126341102 21.957666908120096
283 45867.0 8826.0 53.00380227359294 10.265265868925045 21.921598192982138
284 45843.0 8829.0 53.012809632358554 10.256663491737509 21.900040432965667
285 45846.0 8841.0 53.0488237734909 10.243897280945525 21.85894785635528
286 45847.0 8844.0 53.05782348918437 10.240765273208025 21.848808058180328
287 45872.0 8877.0 53.15671979772181 10.209485452796931 21.744109620301813
288 45880.0 8892.0 53.20161189236908 10.194609377209964 21.695293154631873
289 45890.0 8913.0 53.2643972607982 10.173601660623929 21.626724069493687
290 45887.0 8922.0 53.291282631700476 10.16305075048539 21.594179957544167
291 45896.0 8934.0 53.32710870810442 10.151822066277564 21.556729375199644
292 45884.0 8955.0 53.38974649477038 10.126257356128853 21.479069971583385
293 45876.0 8967.0 53.425506543317404 10.111452753877375 21.43437263797029
294 45870.0 8991.0 53.49695492902808 10.084101689798377 21.349836519695785
295 45867.0 8997.0 53.5148021204934 10.07696312181269 21.328117842549098
296 45867.0 9009.0 53.55047865920314 10.063999067422436 21.287440198728337
297 45852.0 9003.0 53.53264336190272 10.06725869925405 21.301109620507265
298 45861.0 9033.0 53.62176052591132 10.036883896760223 21.2038076874739
299 45886.0 9060.0 53.70183952924838 10.013312860906675 21.124301080817535
300 45900.0 9078.0 53.755159257288526 9.997104200020104 21.0704230966352
301 45900.0 9087.0 53.78179929820223 9.987533193666629 21.040507402268958
302 45905.0 9114.0 53.86164036379758 9.959987122475782 20.953351237354138
303 45907.0 9138.0 53.932510973878074 9.935112229681083 20.87531237515577
304 45890.0 9159.0 53.994446451068825 9.909485934428638 20.7992826243299
305 45872.0 9177.0 54.04747751291125 9.88688441774494 20.732954429755416
306 45868.0 9213.0 54.15338384082072 9.848652310967106 20.614982779826736
307 45877.0 9249.0 54.25908345442153 9.813421031463616 20.50364102254613
308 45859.0 9249.0 54.25908345442153 9.80965196207004 20.495933040039965
309 45875.0 9285.0 54.36457755944119 9.77615122913159 20.3886065276276
310 45874.0 9270.0 54.32064658050141 9.791264232654644 20.435629039669525
311 45862.0 9255.0 54.27668004429695 9.804121238808536 20.478121391709408
312 45881.0 9282.0 54.35579420409516 9.78046419052472 20.40063946767638
313 45872.0 9285.0 54.36457755944119 9.775525266232911 20.387328428748233
314 45869.0 9312.0 54.44356399193075 9.747439811608157 20.30109701229079
315 45865.0 9324.0 54.47863231375825 9.734452068302584 20.261828132822636
316 45868.0 9336.0 54.513678076349514 9.722948957693145 20.225637770906687
317 45841.0 9357.0 54.57495400842524 9.696203157848961 20.148961292079242
318 45833.0 9357.0 54.57495400842524 9.694545523665688 20.145587228323997
319 45829.0 9384.0 54.653636401878074 9.666673934043994 20.06051684005647
320 45835.0 9402.0 54.706028460307735 9.649964375792631 20.00775126210221
321 45834.0 9411.0 54.73220568253809 9.640807704977252 19.979781498587307
322 45832.0 9420.0 54.758370390756774 9.631461540161059 19.951455893769516
323 45853.0 9432.0 54.793237233124984 9.6238943266715 19.923663184555874
324 45870.0 9438.0 54.81066233683567 9.621453827775513 19.91250624368602
325 45874.0 9456.0 54.86290444147051 9.604505246897514 19.85957797883674
326 45871.0 9462.0 54.8803074250776 9.597980471032797 19.84018633282224
327 45878.0 9471.0 54.90640155798485 9.59056444018942 19.81592557988901
328 45875.0 9480.0 54.93248329560876 9.581114328122311 19.78757257598465
329 45874.0 9501.0 54.993292578569935 9.560355492407613 19.724139640357105
330 45854.0 9531.0 55.08004652519558 9.527065702570258 19.626442446345305
331 45858.0 9540.0 55.10604607657279 9.519152796224816 19.6013848983587
332 45855.0 9531.0 55.08004652519558 9.52726944838209 19.626854016793683
333 45848.0 9534.0 55.0887144057316 9.522932786550626 19.615066924762406
334 45839.0 9552.0 55.14069307532839 9.50367632458711 19.558073854861778
335 45843.0 9564.0 55.17531831772042 9.492907611318733 19.52431552170156
336 45854.0 9588.0 55.244503697021166 9.472054552800426 19.458317089561994
337 45856.0 9588.0 55.244503697021166 9.47245982641608 19.4591337250479
338 45855.0 9609.0 55.3049699063298 9.452144770331616 19.397369055795483
339 45850.0 9621.0 55.33949236281672 9.439679172928303 19.360416241613915
340 45850.0 9645.0 55.40847274779067 9.416851049936065 19.290885977895503
341 45872.0 9654.0 55.434318262411374 9.412748175604017 19.273817197765027
342 45861.0 9657.0 55.442930756561445 9.407691581930202 19.26072082399733
343 45855.0 9657.0 55.442930756561445 9.406483732101588 19.258294251236848
344 45862.0 9666.0 55.46876021557108 9.399377936782466 19.235224635871102
345 45844.0 9702.0 55.57195799821289 9.361859315980691 19.124948476173913
346 45854.0 9714.0 55.6063146988662 9.352614981887992 19.09482421397855
347 45862.0 9729.0 55.64923074654401 9.340190326822908 19.055486615510638
348 45853.0 9765.0 55.752094477111044 9.30489987123498 18.95040945874015
349 45851.0 9756.0 55.72639634508104 9.31285182856025 18.97489774360337
350 45846.0 9774.0 55.77778076941006 9.29516994502954 18.922391942727685
351 45864.0 9780.0 55.794898394723084 9.293202948849391 18.912760801583072
352 45854.0 9786.0 55.812010770035656 9.285670039577797 18.89201726151544
353 45868.0 9795.0 55.83766949981195 9.280149218616703 18.872467025252245
354 45888.0 9810.0 55.88040786772218 9.270307991128158 18.838652420819372
355 45896.0 9825.0 55.9231135735104 9.2581178832102 18.80021233925554
356 45875.0 9825.0 55.9231135735104 9.253957058842497 18.79191376810384
357 45857.0 9852.0 55.99990177386658 9.225710927773566 18.71033679858411
358 45832.0 9843.0 55.9743174117117 9.228977970895839 18.725248898520757
359 45829.0 9852.0 55.99990177386658 9.220176911151084 18.69931169552963
360 45824.0 9873.0 56.059553211674505 9.200094668314911 18.6397937754938
361 45814.0 9876.0 56.06806966492709 9.195401181468423 18.62767101619661
362 45821.0 9882.0 56.08509869179352 9.191343795895447 18.61404116973386
363 45842.0 9912.0 56.170166386203036 9.168375706203095 18.54070529459709
364 45839.0 9924.0 56.2041574128457 9.156987471298574 18.507069057163438
365 45821.0 9936.0 56.23812789489124 9.142683748431622 18.467689275223137
366 45811.0 9957.0 56.29752691488325 9.121938447372797 18.407395643400847
367 45843.0 9978.0 56.35686332951705 9.10948019649656 18.36366046104426
368 45823.0 9981.0 56.365334861068774 9.102906122584816 18.34792223763134
369 45822.0 9996.0 56.40767343449978 9.089397496890866 18.307637442237574
370 45822.0 10005.0 56.43306133171251 9.081427698379413 18.28376620182055
371 45819.0 9990.0 56.390741819700054 9.094132899643808 18.32242030678854
372 45840.0 10011.0 56.44998025319344 9.07962745606292 18.27481651534065
373 45856.0 10032.0 56.509156587192024 9.064208246881252 18.225519394369616
374 45862.0 10080.0 56.64418463295778 9.023279149558492 18.10205829303781
375 45865.0 10095.0 56.68631493601755 9.010782166387079 18.06418773316296
376 45872.0 10119.0 56.753658369252086 8.99128457782403 18.004703913566733
377 45882.0 10140.0 56.812518390788114 8.975042052607286 17.954393085276063
378 45889.0 10152.0 56.84612532563537 8.966036550099505 17.92623892341366
379 45876.0 10164.0 56.87971240409051 8.95321109027088 17.890612343630444
380 45879.0 10179.0 56.92166838265376 8.94091078247082 17.853473226847647
381 45885.0 10194.0 56.963593458959046 8.929219458439617 17.817590247993632
382 45879.0 10194.0 56.963593458959046 8.928070522877253 17.8153343992462
383 45889.0 10209.0 57.0054877011882 8.917178484061209 17.781079925692467
384 45895.0 10227.0 57.05572018651265 8.903002901981614 17.73788235983985
385 45887.0 10242.0 57.0975468325425 8.888747775526948 17.697163638843783
386 45876.0 10254.0 57.130986101489526 8.87649615605034 17.662975208145404
387 45898.0 10284.0 57.21449877010287 8.855387424632502 17.596313086372376
388 45896.0 10293.0 57.23952881086424 8.84744574085891 17.57321111341406
389 45902.0 10320.0 57.31455334744152 8.825971610707743 17.508628827665483
390 45872.0 10323.0 57.322883345791944 8.817788223379786 17.490143385893557
391 45878.0 10359.0 57.42274907193043 8.788979812712064 17.4040254782281
392 45868.0 10374.0 57.46430856862931 8.774677752238636 17.3637616059952
393 45878.0 10395.0 57.522441419679886 8.75923387222743 17.316412944568036
394 45852.0 10392.0 57.51414032411467 8.756814764539852 17.314163746566663
395 45844.0 10410.0 57.56392894142356 8.740512862978962 17.267695588304957
396 45854.0 10428.0 57.61367453239352 8.7276394385979 17.22798090833429
397 45855.0 10437.0 57.63853122781863 8.72046933648963 17.20672702228994
398 45841.0 10455.0 57.688212487921064 8.703171950909379 17.158536682069595
399 45852.0 10467.0 57.72130957181877 8.695470877753552 17.13389530708845
400 45827.0 10476.0 57.74611993598696 8.683498816611316 17.103411612255126
401 45822.0 10470.0 57.72958087795449 8.687430918914204 17.115871470705127
402 45831.0 10503.0 57.820487152810756 8.662412318272999 17.04086755950147
403 45850.0 10527.0 57.88651113909668 8.646625936521826 16.991148656474465
404 45843.0 10542.0 57.92773791673141 8.633291442962387 16.95342843978916
405 45862.0 10542.0 57.92773791673141 8.63681771593659 16.960252413280532
406 45848.0 10563.0 57.98540616189026 8.617425601454343 16.90613679513202
407 45839.0 10578.0 58.02656267652029 8.603804068786484 16.86799844182818
408 45842.0 10605.0 58.10057093505279 8.582921643831847 16.806515879182783
409 45816.0 10605.0 58.10057093505279 8.578122958334475 16.797253466386252
410 45827.0 10614.0 58.125219414250424 8.573032784848785 16.78041069002542
411 45837.0 10632.0 58.17448504203593 8.560667878661336 16.742562766430524
412 45839.0 10641.0 58.19910221714521 8.553948564173439 16.722631181900052
413 45832.0 10641.0 58.19910221714521 8.552660714719657 16.72014907234426
414 45849.0 10647.0 58.215507884058006 8.55106869956667 16.712436215062283
415 45856.0 10668.0 58.27289134587951 8.535874814412091 16.666961388064905
416 45851.0 10689.0 58.330218355656264 8.518539848663588 16.617468260754645
417 45849.0 10716.0 58.40384182864601 8.49715704390062 16.555729850029344
418 45882.0 10737.0 58.461040428266074 8.486901218844825 16.5200683826574
419 45883.0 10770.0 58.55081104646994 8.461612234894211 16.446610047526022
420 45882.0 10791.0 58.60786621102397 8.445299417676063 16.399572626473198
421 45846.0 10806.0 58.64858591732662 8.427286102359101 16.353858933646894
422 45870.0 10818.0 58.6811413380504 8.422474264554337 16.3357019455728
423 45892.0 10857.0 58.78682194418589 8.396797589828546 16.25768344424028
424 45898.0 10896.0 58.89231290973876 8.368419242598767 16.17482847467453
425 45877.0 10914.0 58.940937367926985 8.351117348589595 16.128686467439717
426 45870.0 10932.0 58.98952174548629 8.33638105970176 16.08751238467952
427 45870.0 10950.0 59.03806614136771 8.322944884243052 16.04888694615514
428 45872.0 10959.0 59.06232337699019 8.316600610223842 16.03031183608351
429 45893.0 10974.0 59.10272997908742 8.309206428635596 16.005436586812294
430 45900.0 10995.0 59.159252856935055 8.294891404968116 15.96314955130462
431 45891.0 10998.0 59.1673231458829 8.291067216356176 15.953736517297141
432 45873.0 10995.0 59.159252856935055 8.290074721041057 15.953999411729997
433 45860.0 11022.0 59.23184587295707 8.26784238912377 15.892510735597392
434 45860.0 11055.0 59.320450030000664 8.243631204611193 15.82319439399267
435 45849.0 11076.0 59.376765652666414 8.226347526953592 15.775650354962796
436 45834.0 11079.0 59.3848063820218 8.22150502041819 15.764372725564199
437 45851.0 11088.0 59.40892204042984 8.217965849665987 15.751355591742396
438 45862.0 11103.0 59.44909306540031 8.209015778314289 15.723916850633136
439 45872.0 11127.0 59.51331030590585 8.193403532161357 15.6776611397811
440 45873.0 11154.0 59.58547197508803 8.174113309846533 15.622499078896597
441 45887.0 11190.0 59.68155180955517 8.150755046589252 15.553633019395338
442 45866.0 11205.0 59.72153945344489 8.136363003112393 15.516235263969502
443 45855.0 11217.0 59.75351030126665 8.12589128121028 15.488317479839301
444 45856.0 11238.0 59.809418162472035 8.111156219855278 15.446294152395973
445 45852.0 11277.0 59.91310863654637 8.08291133930029 15.366830364328948
446 45837.0 11292.0 59.95294183597135 8.06975618935804 15.3320463221558
447 45821.0 11304.0 59.98478935048093 8.058561045343856 15.30299594915685
448 45835.0 11322.0 60.03252894367251 8.048405176581179 15.271927510253452
449 45829.0 11358.0 60.1278944191088 8.022304780449494 15.199121394410302
450 45833.0 11370.0 60.159649316711445 8.0146770830104 15.176916764674326
451 45836.0 11382.0 60.191387461528954 8.006892275983308 15.154444685664071
452 45832.0 11385.0 60.19931938321609 8.004128618127845 15.147301812107758
453 45833.0 11433.0 60.32608829303686 7.971275220919546 15.054508753678865
454 45840.0 11445.0 60.35773891866298 7.964262838453695 15.033619606399807
455 45863.0 11484.0 60.460489023284055 7.941613436098076 14.966164428426724
456 45878.0 11502.0 60.50785329926984 7.931959586892915 14.936608340894498
457 45882.0 11520.0 60.555180528483845 7.920457409044963 14.903666673838332
458 45839.0 11538.0 60.60247079772059 7.900979263451702 14.855953726498855
459 45841.0 11556.0 60.64972419343624 7.88921788655785 14.822656616776912
460 45842.0 11577.0 60.70480666594487 7.875314474425574 14.783546018131322
461 45820.0 11586.0 60.72839814555789 7.8655630348969545 14.759769911265423
462 45814.0 11601.0 60.7676969254073 7.854542902222538 14.7298907560572
463 45805.0 11625.0 60.830522165164474 7.837069363250791 14.682466864628905
464 45818.0 11664.0 60.93247502315768 7.813483259114073 14.614530266440015
465 45823.0 11691.0 61.00295795594421 7.796570483148948 14.566568543679677
466 45808.0 11679.0 60.97164226704486 7.801925017519971 14.583871120650066
467 45813.0 11694.0 61.010784366644955 7.792919649297627 14.557973083154618
468 45833.0 11715.0 61.065541155737805 7.782533612192395 14.525881089886967
469 45823.0 11712.0 61.05772176379132 7.7828148691496954 14.528240904107365
470 45850.0 11733.0 61.11243649695548 7.773636098692712 14.49843565039898
471 45859.0 11760.0 61.18271211315643 7.7575777754189135 14.45235989327343
472 45850.0 11778.0 61.229517713866464 7.744404898183646 14.41716442441303
473 45845.0 11784.0 61.24511163178486 7.739688477227582 14.404846421600856
474 45827.0 11796.0 61.27628756235151 7.728934386120878 14.37779884557119
475 45850.0 11811.0 61.315235184387504 7.723105835546325 14.358038797924745
476 45853.0 11817.0 61.330807307860006 7.719745487609655 14.348250690050179
477 45856.0 11826.0 61.35415808247644 7.714461444014942 14.333131415328976
478 45850.0 11853.0 61.424157144697325 7.696164168211409 14.283360743228835
479 45820.0 11853.0 61.424157144697325 7.691180348605903 14.2742066551955
480 45828.0 11862.0 61.44747244526926 7.686762867890649 14.260735320506754
481 45832.0 11868.0 61.463011065430464 7.683600265917706 14.2513615387576
482 45826.0 11871.0 61.470778902562955 7.680693030409866 14.244242935556633
483 45863.0 11913.0 61.57942573707146 7.660144802439167 14.181715254587594
484 45840.0 11949.0 61.67239925615117 7.633624316624355 14.112022148005705
485 45868.0 11970.0 61.72656913858063 7.625041473162876 14.084068651137713
486 45879.0 11994.0 61.7884194237754 7.611819026944958 14.04595695436873
487 45872.0 12000.0 61.80387232371034 7.606920703673972 14.033533641302379
488 45846.0 12006.0 61.81932136090294 7.598909155607622 14.015432169349012
489 45850.0 12018.0 61.85020785863857 7.592090133639563 13.996056653165992
490 45861.0 12054.0 61.94277494639236 7.571548765560835 13.937908162594832
491 45868.0 12066.0 61.97359991717133 7.56527252191419 13.919609245682214
492 45868.0 12075.0 61.996708587386095 7.55971648144744 13.9043527698918
493 45856.0 12102.0 62.065982974542784 7.541142220034948 13.85519189055893
494 45858.0 12120.0 62.11212297569246 7.530430216349657 13.825523419259982
495 45869.0 12135.0 62.15054681046902 7.523043176250321 13.803635422290277
496 45848.0 12150.0 62.18894690484039 7.5104821882647395 13.772382117056111
497 45846.0 12150.0 62.18894690484039 7.51015770260713 13.771792803104
498 45832.0 12153.0 62.19662407873604 7.506059561815149 13.762667214324466
499 45835.0 12165.0 62.22732330275676 7.499247553475205 13.743578030393369
500 45836.0 12177.0 62.258007389090274 7.492124803677637 13.723946428742565
501 45838.0 12192.0 62.2963412437101 7.4833618131229445 13.69969228643805
502 45854.0 12225.0 62.38059280414736 7.4660277926893075 13.64997341736083
503 45869.0 12237.0 62.41120153651143 7.4612266074778475 13.634651036023461
504 45868.0 12249.0 62.44179526459222 7.45385886875871 13.61470255460035
505 45857.0 12255.0 62.45708650891711 7.448490706245543 13.601689673848297
506 45845.0 12255.0 62.45708650891711 7.4465597772528955 13.598196617532809
507 45844.0 12258.0 62.46473072735451 7.444601977449223 13.5930068223205
508 45864.0 12288.0 62.54112152357375 7.42988993716471 13.54997829666697
509 45849.0 12306.0 62.586911246503675 7.416768978495165 13.51646679495992
510 45843.0 12321.0 62.62504377380095 7.406903792448825 13.490510646789476
511 45847.0 12345.0 62.68600756898541 7.3933410252300025 13.453059179081485
512 45832.0 12372.0 62.75452104721905 7.375034820277497 13.405534759327917
513 45858.0 12387.0 62.79255178887553 7.3703663530335515 13.3890856741336
514 45861.0 12420.0 62.87613845015198 7.351524582199455 13.337572852763655
515 45861.0 12438.0 62.92168437314746 7.341028689108438 13.309147471435656
516 45860.0 12459.0 62.97477964998249 7.328662409027237 13.275825754864153
517 45860.0 12471.0 63.00509971897556 7.321704582852039 13.257008088855105
518 45893.0 12510.0 63.103539331476654 7.304387480144234 13.20548127548428
519 45879.0 12513.0 63.11110524953412 7.300451274295235 13.196859552720534
520 45859.0 12510.0 63.103539331476654 7.299023643923192 13.195869617163837
521 45875.0 12519.0 63.12623436523737 7.2963679297463955 13.186409992075362
522 45882.0 12516.0 63.118670260679 7.299197561211922 13.193045738628577
523 45880.0 12531.0 63.15648172411982 7.2902602159587815 13.169214186103007
524 45861.0 12549.0 63.201825620154274 7.276951852483855 13.136035670844581
525 45863.0 12573.0 63.262233591526 7.263556285958361 13.099653656644595
526 45867.0 12582.0 63.28487171484552 7.259055689589157 13.086964921873054
527 45869.0 12600.0 63.330123684671285 7.24913325626484 13.05997330421246
528 45857.0 12624.0 63.390409394356915 7.2336525109883185 13.020035864280027
529 45861.0 12639.0 63.42805886574908 7.225802541726183 12.998373585350745
530 45873.0 12657.0 63.47320875320735 7.217529727246906 12.974462092910462
531 45866.0 12642.0 63.43558607860009 7.224890672323667 12.995218276985982
532 45868.0 12666.0 63.495771657677274 7.211687126935944 12.959481148316998
533 45874.0 12666.0 63.495771657677274 7.212622477784841 12.961147686044148
534 45861.0 12699.0 63.57843380147043 7.192095559814024 12.907910964879344
535 45881.0 12738.0 63.67598707683396 7.17345290866725 12.855174321549217
536 45859.0 12747.0 63.69847815438592 7.1650428446008245 12.835733111570766
537 45860.0 12771.0 63.75841557357892 7.151900159775757 12.80044015458536
538 45838.0 12792.0 63.81081463249823 7.136907526696272 12.763425558851068
539 45842.0 12789.0 63.803331687338236 7.139178788186717 12.76893890784377
540 45837.0 12789.0 63.803331687338236 7.138406533921925 12.767569078425364
541 45851.0 12825.0 63.89306918834871 7.120771717358309 12.718545928685776
542 45834.0 12858.0 63.975217987523735 7.100107286228436 12.66578573185376
543 45833.0 12870.0 64.00506413703049 7.093414026069016 12.648089757002042
544 45819.0 12885.0 64.04235226378044 7.083109432585283 12.622570161648738
545 45819.0 12930.0 64.1540866068282 7.058754108339053 12.557781763844327
546 45830.0 12954.0 64.21359875933466 7.047510255753262 12.526410353525542
547 45804.0 12969.0 64.25076586249834 7.035493841924883 12.498044766091931
548 45818.0 12966.0 64.2433341620672 7.039236261641494 12.506075350332125
549 45838.0 12975.0 64.26562668514705 7.037457738624 12.498637893747322
550 45837.0 12993.0 64.31018854882943 7.027671415036928 12.47281401443734
551 45846.0 12996.0 64.31761252444421 7.0274369858272605 12.470972916223932
552 45834.0 13008.0 64.34729986160063 7.019207134914882 12.45078116932616
553 45842.0 13020.0 64.37697350849102 7.0140282206298235 12.435976903778515
554 45834.0 13032.0 64.40663348403766 7.006431876871467 12.4169377367625
555 45822.0 13038.0 64.42145835095836 7.0014259614594465 12.405302222166352
556 45820.0 13041.0 64.42886950523666 6.999530974311567 12.40055532947679
557 45844.0 13056.0 64.46591249657116 6.99521653599393 12.385905415308708
558 45840.0 13068.0 64.49553157118544 6.98826255367662 12.368049573196005
559 45835.0 13083.0 64.53253629714652 6.979587581862315 12.345786329340772
560 45849.0 13098.0 64.56951981574039 6.9737997690565825 12.328616472316096
561 45870.0 13101.0 64.57691397778189 6.9753901480118445 12.330005274605199
562 45849.0 13125.0 64.63603682283014 6.959618416032636 12.291173581954208
563 45855.0 13125.0 64.63603682283014 6.960522221946911 12.292757549694183
564 45849.0 13146.0 64.6877249852869 6.9486278317340995 12.262180572910154
565 45879.0 13146.0 64.6877249852869 6.953139861239201 12.270082208372541
566 45864.0 13176.0 64.76149365446743 6.93523745511673 12.224894827725347
567 45858.0 13203.0 64.82781368582924 6.9203164782945 12.186406107658158
568 45867.0 13221.0 64.87198937319478 6.912346733016118 12.164250189150861
569 45860.0 13239.0 64.91613499883681 6.902008137520889 12.137994299304356
570 45841.0 13251.0 64.9455487452482 6.892991725271619 12.11680667359708
571 45851.0 13269.0 64.98964440411041 6.88523549646125 12.095122433114131
572 45849.0 13278.0 65.01168101770922 6.880322412638373 12.082489028226313
573 45836.0 13275.0 65.00433630989413 6.879923191225079 12.083148143765591
574 45824.0 13287.0 65.03371016422196 6.871992050991857 12.063910432269955
575 45854.0 13302.0 65.07040883548207 6.868789155008925 12.05157845885182
576 45864.0 13332.0 65.14374415553881 6.854986133470035 12.014097234130809
577 45844.0 13335.0 65.15107314742289 6.850494026917853 12.004941093487933
578 45828.0 13338.0 65.1584013149448 6.846597095300663 11.996822291030645
579 45833.0 13365.0 65.22431777218036 6.833656132259022 11.962297980658843
580 45856.0 13392.0 65.29016768069542 6.823425395802763 11.932558656915642
581 45838.0 13404.0 65.31941299803245 6.8147257368364 11.912157130019986
582 45851.0 13434.0 65.39246906940465 6.801585323088541 11.876164549994376
583 45847.0 13467.0 65.47273659499128 6.784508271863669 11.832138347093448
584 45863.0 13488.0 65.5237647334688 6.776404460160465 11.808966839634794
585 45871.0 13503.0 65.56018908712608 6.770128702263632 11.791598805516596
586 45854.0 13506.0 65.56747152970196 6.766149892922225 11.783417951388424
587 45847.0 13503.0 65.56018908712608 6.766611424842401 11.785515849039067
588 45854.0 13515.0 65.58931400597152 6.761691546516403 11.771814197869176
589 45883.0 13539.0 65.64752507933824 6.754070073766914 11.748284842805147
590 45909.0 13554.0 65.68388080294206 6.750470000415719 11.735612674342986
591 45909.0 13560.0 65.69841745926763 6.747514258167438 11.72793253837128
592 45903.0 13572.0 65.72748112689553 6.740735481764065 11.711087521215468
593 45904.0 13587.0 65.76379264898858 6.733516693143247 11.692218232968868
594 45881.0 13584.0 65.75653194870159 6.731637143635803 11.690258876385773
595 45888.0 13611.0 65.82184941831683 6.719439590874888 11.657722665545176
596 45886.0 13635.0 65.87985502500734 6.707443406072953 11.6268771754119
597 45891.0 13659.0 65.93780960408372 6.696503011362517 11.597909282451033
598 45912.0 13671.0 65.96676780029928 6.69372582235017 11.588077591553516
599 45912.0 13677.0 65.98124213240992 6.690819234995444 11.580556245944887
600 45901.0 13695.0 66.0246460898278 6.68052430290757 11.555308572308899
601 45905.0 13713.0 66.06802153264711 6.6724214274121225 11.533861524773549
602 45895.0 13737.0 66.12581119734361 6.659439993060953 11.501579887233678
603 45915.0 13752.0 66.16190410500207 6.655128525730709 11.487954961086439
604 45906.0 13767.0 66.19797733384493 6.646655405291787 11.467215899283287
605 45889.0 13770.0 66.20518962098664 6.6427772618547625 11.45932944074159
606 45889.0 13791.0 66.25565364827862 6.632762606768064 11.433510787249531
607 45872.0 13812.0 66.30607926857473 6.620340483312053 11.403617281405332
608 45858.0 13836.0 66.36366163224365 6.606965930489069 11.37092069427618
609 45849.0 13836.0 66.36366163224365 6.605677741966995 11.36871817769585
610 45854.0 13839.0 66.37085591505867 6.6049753246134095 11.366293078409125
611 45860.0 13854.0 66.40681563808218 6.598751673968058 11.349543992327334
612 45859.0 13842.0 66.37804941813243 6.604273207282767 11.363869140076554
613 45871.0 13860.0 66.42119407619332 6.597494776119856 11.344955902120445
614 45837.0 13869.0 66.44275589921743 6.588399995617494 11.325765742936271
615 45832.0 13881.0 66.4714941167806 6.58204633203453 11.310054224747276
616 45819.0 13899.0 66.51457816199773 6.57175221370696 11.285212677378087
617 45830.0 13908.0 66.5361097227976 6.5691071863835075 11.277072862614084
618 45852.0 13929.0 66.58632295489834 6.562427126228599 11.257238146302681
619 45857.0 13950.0 66.63649834935717 6.553352933987027 11.23336136620156
620 45857.0 13968.0 66.67947577939698 6.544988581719656 11.211930138150947
621 45837.0 13971.0 66.68663599158185 6.540760797392952 11.203538385886757
622 45860.0 13995.0 66.74389003603363 6.532906287719519 11.180631684835191
623 45856.0 14007.0 66.77249864859301 6.526796737126932 11.165486100650774
624 45869.0 14022.0 66.80824218664276 6.52171738216845 11.150920120692508
625 45881.0 14049.0 66.87253241052021 6.510993784105939 11.122064329770174
626 45873.0 14064.0 66.90822250881301 6.502987531873586 11.102585195133837
627 45846.0 14076.0 66.93676088610083 6.4936949027397635 11.08212130916291
628 45842.0 14103.0 67.00092779096421 6.480816291741273 11.04975221026819
629 45845.0 14106.0 67.00805365408364 6.479872162351043 11.046984801450906
630 45844.0 14118.0 67.03654953189907 6.474274997529018 11.032838733198219
631 45861.0 14157.0 67.12907759461562 6.458983072718429 10.99186130370597
632 45885.0 14169.0 67.15752212029662 6.456919593384731 10.983745519033993
633 45884.0 14184.0 67.19306084433784 6.450013906475498 10.966302285084902
634 45868.0 14205.0 67.24278350307003 6.438333062802059 10.938517907474704
635 45877.0 14244.0 67.3350281710932 6.422116515996469 10.896275404476741
636 45892.0 14286.0 67.43422746663325 6.4054862710645315 10.852336082356615
637 45882.0 14283.0 67.42714664260295 6.4054319034081155 10.853377360454386
638 45868.0 14283.0 67.42714664260295 6.403489058985798 10.850105043963978
639 45863.0 14301.0 67.46962043997573 6.394808124741315 10.828702946203078
640 45853.0 14304.0 67.4766968069195 6.392093096067385 10.823004331868853
641 45855.0 14322.0 67.51913943412083 6.384407554185248 10.803313371437705
642 45862.0 14346.0 67.57568813702648 6.374788435582846 10.77815880926963
643 45856.0 14358.0 67.60394475048676 6.368679072202888 10.763415888640429
644 45865.0 14367.0 67.62512946237162 6.365966424846206 10.755507635547648
645 45859.0 14391.0 67.68158960951591 6.354616225288847 10.727539123169546
646 45852.0 14397.0 67.69569728858721 6.351027100189472 10.71929411893767
647 45855.0 14397.0 67.69569728858721 6.351440217316619 10.719987319198273
648 45849.0 14415.0 67.7380026967089 6.342752984683517 10.698762985026676
649 45850.0 14430.0 67.77323703079335 6.336354274299934 10.682507943511443
650 45829.0 14451.0 67.82253434694076 6.324344621312276 10.654672125367384
651 45846.0 14484.0 67.89992924507376 6.312386350707849 10.622589117738995
652 45846.0 14496.0 67.92805098131574 6.307205567402731 10.609551592559006
653 45834.0 14499.0 67.93507959647049 6.304270538672403 10.60355172175873
654 45839.0 14508.0 67.95616108017312 6.301076450822276 10.594940886650424
655 45847.0 14532.0 68.01234642344613 6.291850143406458 10.570825113413566
656 45871.0 14565.0 68.08952556940686 6.280982868919407 10.54077633303625
657 45865.0 14580.0 68.12457809454432 6.273759241409918 10.523334767976145
658 45880.0 14595.0 68.15961259318031 6.269403763955684 10.510694982918384
659 45866.0 14610.0 68.1946290930978 6.261120426022456 10.491525668849112
660 45874.0 14631.0 68.24362200788468 6.253293157755305 10.471002035245295
661 45859.0 14628.0 68.23662517370337 6.252531158711523 10.47080075216481
662 45887.0 14640.0 68.26460820755288 6.251242081877003 10.464386503053083
663 45879.0 14655.0 68.29957087730092 6.243814050796886 10.446700293630876
664 45846.0 14670.0 68.33451565875191 6.233020759787968 10.423437713898736
665 45849.0 14679.0 68.3554739526533 6.229636040302146 10.414632001772842
666 45846.0 14715.0 68.43924294726294 6.214115864514421 10.376181275683303
667 45843.0 14715.0 68.43924294726294 6.21371145116357 10.37550968074203
668 45861.0 14736.0 68.48806087782263 6.20735169903322 10.357600278847876
669 45855.0 14760.0 68.54381022435761 6.196533999463125 10.33128361747035
670 45846.0 14766.0 68.55774047757009 6.192827352665561 10.323050415770826
671 45846.0 14778.0 68.58559249597585 6.1878393005710155 10.310614339779804
672 45836.0 14811.0 68.66212729203869 6.172823646660021 10.274324841982356
673 45844.0 14805.0 68.64821822124024 6.176377264083536 10.282279716803654
674 45840.0 14835.0 68.71773542206215 6.163452050490496 10.25055215536416
675 45863.0 14877.0 68.81494152258108 6.149257331096336 10.212699906167865
676 45845.0 14853.0 68.75941200655981 6.156710085326476 10.233225718507216
677 45857.0 14886.0 68.83575354226834 6.144769185230143 10.202216131699545
678 45841.0 14874.0 68.80800278381652 6.147553026762681 10.210908496489399
679 45839.0 14895.0 68.85655927148525 6.138687798381512 10.18910888052596
680 45857.0 14901.0 68.87042626573952 6.138632394862346 10.18697664854646
681 45867.0 14919.0 68.91201050597765 6.132614321430163 10.17093317665108
682 45871.0 14925.0 68.9258663441605 6.13070011113276 10.165741829790212
683 45865.0 14919.0 68.91201050597765 6.132348313521487 10.17049431611658
684 45850.0 14934.0 68.94664488043439 6.124244052262485 10.152048116398307
685 45866.0 14955.0 68.9951037964187 6.117834511584044 10.134392757349868
686 45869.0 14964.0 69.01586148744536 6.11458149011661 10.126001411997752
687 45850.0 14967.0 69.02277933054272 6.110846254042924 10.118838824713071
688 45845.0 14976.0 69.04352870101911 6.106539845984596 10.108721796091451
689 45845.0 14979.0 69.05044377226696 6.1053263148225225 10.105716428013954
690 45833.0 14988.0 69.07118483219072 6.100099706226106 10.094093568771518
691 45850.0 15000.0 69.0988298942671 6.097506494728528 10.085808703003773
692 45852.0 15000.0 69.0988298942671 6.097771100851196 10.086244127622933
693 45847.0 14997.0 69.09191966574896 6.098319824551629 10.088150744858243
694 45864.0 15006.0 69.11264827854568 6.0969388059820915 10.082868559783847
695 45869.0 15009.0 69.11955643472052 6.096390680766425 10.080964312164289
696 45843.0 15003.0 69.10573943179692 6.095370712495487 10.081291255128852
697 45877.0 15021.0 69.14718215781986 6.092614893610869 10.070748448102885
698 45863.0 15045.0 69.20240051931097 6.0811236854290565 10.043871909828475
699 45840.0 15036.0 69.18169879859468 6.081699847338281 10.047809059517567
700 45853.0 15045.0 69.20240051931097 6.079804524379462 10.04170425911057
701 45849.0 15048.0 69.20929971682767 6.0780741595088195 10.037865283556325
702 45860.0 15084.0 69.29203650634248 6.065125929614885 10.004690923371376
703 45866.0 15105.0 69.34025404342097 6.057546136594928 9.98533780758981
704 45863.0 15138.0 69.41595678984929 6.04404723499801 9.952387191205831
705 45863.0 15147.0 69.43658866927348 6.040482989974578 9.943606967457187
706 45867.0 15162.0 69.47096151859878 6.035075527279035 9.929859031026881
707 45868.0 15165.0 69.47783404782554 6.0340214791582065 9.927156257764503
708 45874.0 15177.0 69.50531736933075 6.030070982898361 9.916786137627978
709 45890.0 15195.0 69.54652198753507 6.025071271483753 9.90276336154667
710 45862.0 15216.0 69.59456320843287 6.013164640771781 9.876502008944177
711 45873.0 15234.0 69.63571501840035 6.007545678033952 9.861516130942139
712 45857.0 15246.0 69.66313605313842 6.000768620547633 9.846587893206681
713 45857.0 15258.0 69.6905462985639 5.996083886611521 9.835087700342791
714 45847.0 15279.0 69.73848830453767 5.986603641671905 9.812896214479968
715 45876.0 15300.0 69.78639737521918 5.98220989429646 9.799030402431828
716 45870.0 15312.0 69.81375922585893 5.976777791726647 9.786357324152485
717 45861.0 15330.0 69.8547819064487 5.968645333281176 9.767394229313526
718 45870.0 15336.0 69.86845078083965 5.967492304343048 9.763615212114582
719 45878.0 15351.0 69.90261127316612 5.962738155616154 9.751129754697233
720 45894.0 15342.0 69.88211698161209 5.9682814290373605 9.762999681855458
721 45905.0 15366.0 69.9367550798586 5.960448333646171 9.74266727554236
722 45884.0 15372.0 69.95040793603158 5.95542604516038 9.732606688134526
723 45877.0 15399.0 70.0118128414355 5.944156276698368 9.70579801019344
724 45859.0 15408.0 70.03226917871395 5.938389280335767 9.693607570919605
725 45874.0 15447.0 70.12084434660649 5.925431118769848 9.660395259902957
726 45882.0 15453.0 70.134461366707 5.924174790642815 9.656490359636509
727 45873.0 15447.0 70.12084434660649 5.925302561768198 9.660186661436377
728 45883.0 15462.0 70.15488194112916 5.920879328997354 9.648348102639053
729 45874.0 15459.0 70.14807574349578 5.920864083318695 9.649255097300477
730 45864.0 15471.0 70.17529657329155 5.915020413275475 9.636054893113139
731 45884.0 15471.0 70.17529657329155 5.91758764851159 9.640217430009422
732 45877.0 15474.0 70.18210013107314 5.915550121812862 9.635983950206487
733 45898.0 15477.0 70.18890302937159 5.9171061238744285 9.637576832969069
734 45879.0 15483.0 70.20250684828592 5.9123922728862 9.628077872738551
735 45878.0 15492.0 70.22290763532428 5.908853469876762 9.619559827105684
736 45888.0 15519.0 70.28407446702452 5.899924983423819 9.596772296959054
737 45891.0 15504.0 70.2500994689224 5.905977378257412 9.611195302551776
738 45870.0 15531.0 70.31124264525874 5.893096496698581 9.58203024102217
739 45862.0 15558.0 70.37233269721429 5.8819191963321265 9.555676602148154
740 45851.0 15564.0 70.3859010638105 5.878263680685253 9.547932964592727
741 45842.0 15585.0 70.43336976302055 5.86925074252079 9.52696550642577
742 45840.0 15612.0 70.49435398031065 5.858915536098401 9.502076805104412
743 45856.0 15621.0 70.51467033232868 5.857597557764758 9.49722450788689
744 45885.0 15672.0 70.62968594204824 5.84234122575235 9.457245831534225
745 45877.0 15687.0 70.66347843522227 5.835779595566046 9.442175189986527
746 45875.0 15696.0 70.68374617647807 5.832202915018311 9.43372075517652
747 45880.0 15702.0 70.69725477596624 5.830621949452178 9.429381087905975
748 45887.0 15693.0 70.6769909085144 5.834829297933721 9.438847807361924
749 45906.0 15708.0 70.7107607947686 5.831697919105706 9.42932006141237
750 45902.0 15729.0 70.75801155900895 5.823459209505254 9.409799133481489
751 45899.0 15756.0 70.81871621762008 5.813168591686821 9.3852297917977
752 45897.0 15768.0 70.84567936964125 5.80852214737322 9.374208496795497
753 45902.0 15789.0 70.89284020940246 5.801477170156019 9.356688450869324
754 45887.0 15789.0 70.89284020940246 5.799589748873686 9.353657901818528
755 45902.0 15849.0 71.02741292013175 5.779659368031498 9.304072003346045
756 45869.0 15855.0 71.04085617054457 5.773351157711359 9.292210549994502
757 45879.0 15882.0 71.10131934339168 5.764851488000941 9.270734155583352
758 45898.0 15888.0 71.11474862282834 5.765064769868235 9.269332531324276
759 45900.0 15903.0 71.14831073174417 5.759912379056945 9.256734667748718
760 45902.0 15906.0 71.15502125387479 5.759082924901828 9.254538372333862
761 45889.0 15918.0 71.18185701619184 5.753146808242012 9.241570399850552
762 45890.0 15924.0 71.19527110413081 5.751117921887633 9.236592316106362
763 45887.0 15945.0 71.2422005218855 5.743218655908243 9.21791053525747
764 45873.0 15933.0 71.21538749853389 5.745770222014073 9.225445316817213
765 45867.0 15945.0 71.2422005218855 5.74072622341448 9.213927385420423
766 45862.0 15948.0 71.24890220108023 5.7390302963888065 9.21035443489654
767 45899.0 15984.0 71.32927323870412 5.730787465749117 9.18686394903581
768 45875.0 15990.0 71.34265960895215 5.725668202980128 9.176977587388455
769 45885.0 16014.0 71.39617999127982 5.718382910950607 9.158509298294714
770 45878.0 16020.0 71.40955381924975 5.715386491646417 9.152023594479727
771 45873.0 16017.0 71.40286721838119 5.715829811960162 9.153583942483658
772 45886.0 16038.0 71.44966028341656 5.710003955823828 9.13833041545635
773 45874.0 16050.0 71.47638542378762 5.704275985364659 9.125803082421918
774 45876.0 16062.0 71.50310057531803 5.70028868609881 9.116058167855122
775 45911.0 16074.0 71.52980574919977 5.700387383405252 9.112826198128255
776 45901.0 16101.0 71.58985596748477 5.68965408604029 9.088142022271915
777 45901.0 16086.0 71.55650095660391 5.694926256484587 9.100750405862355
778 45869.0 16089.0 71.56317320249997 5.689918178868014 9.091936618149463
779 45862.0 16089.0 71.56317320249997 5.689053484625645 9.090560710804661
780 45859.0 16098.0 71.58318620868076 5.685522445196965 9.082412754967526
781 45872.0 16110.0 71.60986151655976 5.682917735345775 9.07490160749105
782 45878.0 16119.0 71.62986147827262 5.680504341098213 9.068541612236059
783 45860.0 16116.0 71.62319544489739 5.679335316312831 9.06752344928005
784 45853.0 16101.0 71.58985596748477 5.683729108945214 9.07871757024824
785 45856.0 16131.0 71.65651941052347 5.673594266910815 9.054200445843678
786 45856.0 16134.0 71.66318234413875 5.672545873352719 9.051696151955193
787 45850.0 16125.0 71.6431916843019 5.674952664569768 9.058036968050311
788 45858.0 16155.0 71.70980554498205 5.6654639514069585 9.034588928650718
789 45845.0 16164.0 71.72977763993691 5.6607304534174885 9.024568654562492
790 45833.0 16167.0 71.73643376927336 5.65821120466997 9.019735411269922
791 45823.0 16200.0 71.80961047225789 5.645529211962727 8.990468881121833
792 45829.0 16200.0 71.80961047225789 5.646265401872878 8.991636452788594
793 45844.0 16203.0 71.81625920246724 5.647066546954504 8.99207789172831
794 45869.0 16233.0 71.88271268129407 5.6397554832452155 8.972215504470116
795 45858.0 16260.0 71.94246832955092 5.629102902838745 8.947929311085511
796 45854.0 16266.0 71.95574062342448 5.626550300558797 8.942245181347877
797 45837.0 16272.0 71.96901046966424 5.622411413864324 8.934052995320828
798 45828.0 16272.0 71.96901046966424 5.621311928190008 8.932312973569164
799 45824.0 16296.0 72.02206540533986 5.612595218248006 8.911974612355213
800 45837.0 16302.0 72.0353230336906 5.612127222881201 8.909601045113531
801 45832.0 16317.0 72.06845643456583 5.606389967178556 8.896453819220573
802 45844.0 16329.0 72.09495219150311 5.603755594597143 8.889035325872
803 45841.0 16344.0 72.12805820059123 5.598278566990688 8.876322362231775
804 45841.0 16341.0 72.12143821450958 5.5993001831242815 8.878747350444181
805 45836.0 16350.0 72.14129635032197 5.595628483306946 8.870515743272357
806 45824.0 16377.0 72.2008379870479 5.585001469206115 8.846463815630349
807 45820.0 16404.0 72.26033056220338 5.575378591507206 8.82403966551665
808 45796.0 16410.0 72.27354448396733 5.570444353827516 8.814655596658037
809 45793.0 16422.0 72.29996508235817 5.5660346715275395 8.804499240399387
810 45801.0 16428.0 72.31317176163215 5.564981970698334 8.80123923233626
811 45809.0 16440.0 72.33957788694595 5.56191133807732 8.793203605971309
812 45818.0 16440.0 72.33957788694595 5.562999792950401 8.794917669136204
813 45835.0 16464.0 72.39236124156974 5.556991020094195 8.779074517285746
814 45826.0 16476.0 72.41873849194099 5.551881246229411 8.767851236387212
815 45841.0 16491.0 72.45169655057701 5.548669350274874 8.758827922322094
816 45834.0 16488.0 72.44510613836066 5.54882889515754 8.759872514049011
817 45834.0 16500.0 72.47146419131151 5.54481688586446 8.75039209174961
818 45823.0 16503.0 72.47805220679635 5.542489445904627 8.745941397474349
819 45831.0 16521.0 72.51756773115329 5.537448662625599 8.733274941023994
820 45812.0 16521.0 72.51756773115329 5.535161888093584 8.729682341342956
821 45839.0 16527.0 72.53073478849852 5.536412485826249 8.730068078929516
822 45837.0 16545.0 72.57022162644135 5.530183637941626 8.715557453800008
823 45845.0 16560.0 72.60311091959885 5.5261639022775615 8.705316602073134
824 45843.0 16587.0 72.66227413266486 5.516980395448385 8.68385610992787
825 45821.0 16620.0 72.73451937267889 5.503456307884576 8.654078305010882
826 45814.0 16611.0 72.71482324395038 5.505583130815237 8.659746083452742
827 45836.0 16629.0 72.75421016924213 5.502288468129066 8.649916042752789
828 45836.0 16650.0 72.80013464932682 5.495388013915283 8.633680013850809
829 45848.0 16686.0 72.8787950014456 5.485028850179523 8.60820018488521
830 45855.0 16692.0 72.8918968073944 5.48390233921169 8.6048977433908
831 45854.0 16704.0 72.91809335695798 5.47986583602782 8.59551019291074
832 45832.0 16710.0 72.9311881031095 5.4752908535319875 8.586824634452377
833 45829.0 16722.0 72.95737054448541 5.4710268769482315 8.577094773047552
834 45848.0 16755.0 73.02932385699195 5.462566741392208 8.555474564628005
835 45849.0 16791.0 73.10773761314208 5.451038305893021 8.528362210328385
836 45835.0 16788.0 73.10120634608897 5.450348379191631 8.528045838994323
837 45838.0 16797.0 73.12079839709857 5.447799390558843 8.521796654902245
838 45854.0 16809.0 73.14691296878726 5.445824879268108 8.515689239850623
839 45856.0 16815.0 73.15996675901678 5.444128953684805 8.511533667546546
840 45850.0 16833.0 73.19911416220656 5.437630412156872 8.496880928184357
841 45852.0 16836.0 73.20563669411189 5.436903081526849 8.494994366186775
842 45843.0 16851.0 73.23824064027656 5.431027554637622 8.482083665503906
843 45863.0 16854.0 73.24475968792312 5.43242646613403 8.483508112822237
844 45861.0 16869.0 73.27734622674572 5.427386477917518 8.471910721874265
845 45869.0 16878.0 73.2968911960802 5.425450974309774 8.466650415056236
846 45877.0 16914.0 73.37501901132725 5.414906864782433 8.441290441446506
847 45878.0 16932.0 73.41405173986752 5.409299004604337 8.428112626264015
848 45854.0 16920.0 73.38803222753515 5.410293105603306 8.432633866054449
849 45871.0 16926.0 73.4010431366397 5.41038349489621 8.431284855381325
850 45876.0 16926.0 73.4010431366397 5.4109711089967645 8.432197263519072
851 45850.0 16920.0 73.38803222753515 5.409822847943068 8.431903552242622
852 45851.0 16947.0 73.44656316776641 5.401367720409401 8.412087565635474
853 45856.0 16980.0 73.51803770096673 5.391512391244107 8.388659563968433
854 45859.0 16968.0 73.49205500437827 5.395656627544145 8.398041967297786
855 45833.0 16974.0 73.5050475007238 5.390712468616344 8.388896383592975
856 45831.0 16989.0 73.53751869880041 5.385744105368376 8.377504672452764
857 45832.0 17037.0 73.64133031737845 5.370767597620772 8.342555963133268
858 45834.0 17064.0 73.69966009311172 5.36254754569617 8.323263010048825
859 45851.0 17070.0 73.71261599724505 5.3626538789196205 8.3219696644962
860 45823.0 17067.0 73.70613832984846 5.360327637478427 8.319100880679345
861 45864.0 17088.0 73.75147005388173 5.358548241897187 8.311255215505701
862 45859.0 17094.0 73.76441685816894 5.356095327501647 8.30601101024973
863 45857.0 17106.0 73.79030365203766 5.352125048841544 8.29697402628486
864 45846.0 17115.0 73.80971278927711 5.348046615887888 8.288501070667722
865 45852.0 17124.0 73.82911682399588 5.345947580289458 8.283089290905668
866 45853.0 17118.0 73.81618136759805 5.347927824781496 8.287593824900066
867 45851.0 17124.0 73.82911682399588 5.3458313943178455 8.28290989704897
868 45877.0 17145.0 73.87437308445394 5.3423348214578 8.27245779769341
869 45876.0 17157.0 73.90022136134165 5.338501716738849 8.263661524268521
870 45887.0 17145.0 73.87437308445394 5.343495272212264 8.274248484953928
871 45871.0 17160.0 73.90668201802762 5.336993528570372 8.260615350037996
872 45880.0 17175.0 73.93897683364712 5.333399148274925 8.251478022852503
873 45877.0 17166.0 73.91960163739353 5.335833202713324 8.257387127461348
874 45870.0 17157.0 73.90022136134165 5.337805924295878 8.262588211220278
875 45870.0 17178.0 73.94543410424444 5.331314274624321 8.247545784844643
876 45896.0 17208.0 74.00997582387573 5.325073987263453 8.230765967513214
877 45885.0 17190.0 73.9712575498035 5.329347999984085 8.241646193144868
878 45879.0 17202.0 73.99707198351545 5.324955454713611 8.232013728035458
879 45874.0 17223.0 74.04222558610341 5.317918467231989 8.216175950842555
880 45863.0 17223.0 74.04222558610341 5.3166476594747225 8.214219274479214
881 45880.0 17250.0 74.10023978821114 5.310329451931734 8.198089474529455
882 45886.0 17238.0 74.07446130776911 5.314699822989584 8.207659013316505
883 45887.0 17247.0 74.09379600892262 5.312056011902584 8.201456617066857
884 45877.0 17265.0 74.13245028301132 5.305393566046433 8.186948725427465
885 45862.0 17280.0 74.1646467884524 5.299084326502254 8.173707851856713
886 45857.0 17295.0 74.19682932274573 5.293936446986568 8.162264335202694
887 45867.0 17301.0 74.2096984286135 5.293259950610065 8.159814324966657
888 45876.0 17322.0 74.25472273516091 5.2879090711330266 8.146667429259722
889 45863.0 17331.0 74.27401051142503 5.283684251553442 8.138073690051625
890 45861.0 17343.0 74.29971975778564 5.2798172559399275 8.129333167681574
891 45878.0 17349.0 74.31257104556795 5.27995037244755 8.128136265078611
892 45855.0 17349.0 74.31257104556795 5.27731223394954 8.124088622652616
893 45864.0 17370.0 74.35753306163703 5.271995088859769 8.111039466259726
894 45865.0 17376.0 74.37037435921341 5.270298273881692 8.107042207986387
895 45851.0 17391.0 74.40246790679933 5.264173231182494 8.094170389274291
896 45874.0 17418.0 74.460201433714 5.258681494214168 8.079505720288553
897 45830.0 17421.0 74.46661350704635 5.252754069310564 8.069736227230253
898 45841.0 17418.0 74.460201433714 5.2549111029277915 8.073732001625423
899 45834.0 17430.0 74.48584641516449 5.250511928260662 8.064227104961999
900 45857.0 17451.0 74.53070389975753 5.246847746951419 8.0537836102743
901 45889.0 17460.0 74.54992027339121 5.2478039700388805 8.053177028034426
902 45897.0 17475.0 74.58193656014667 5.244232680201471 8.044271250119163
903 45871.0 17475.0 74.58193656014667 5.2412716324260264 8.039744113067396
904 45872.0 17487.0 74.60753969737877 5.237806406844165 8.031697942591233
905 45892.0 17505.0 74.64592793747865 5.23472073288228 8.022867246343234
906 45872.0 17493.0 74.62033797171553 5.236018674081327 8.027593020540532
907 45881.0 17505.0 74.64592793747865 5.233470098064488 8.020956746652267
908 45876.0 17526.0 74.6906892809078 5.226662051142479 8.00577150113025
909 45870.0 17532.0 74.70347330997548 5.224200902896584 8.000649021593327
910 45869.0 17541.0 74.72264525262655 5.221420018191987 7.9943590028162115
911 45863.0 17568.0 74.78013158905803 5.212754412382409 7.97501865287545
912 45871.0 17592.0 74.83119348069525 5.206582297704722 7.960188366689688
913 45880.0 17616.0 74.88222055343749 5.200539837843783 7.945579179197295
914 45850.0 17625.0 74.90134674349528 5.19450902724257 7.934374434433227
915 45857.0 17658.0 74.97143436158451 5.185636675997883 7.9134841370899185
916 45863.0 17667.0 74.9905377978384 5.183683554783802 7.908504292552716
917 45857.0 17676.0 75.00963636883387 5.180381079873364 7.901475858000635
918 45852.0 17694.0 75.04781892990623 5.174573586660249 7.888642956927039
919 45856.0 17712.0 75.08598207446781 5.169789246209033 7.877379045995732
920 45862.0 17727.0 75.1177698842295 5.166109094091662 7.868468441694027
921 45882.0 17760.0 75.18765575960008 5.15879663045223 7.850085302383334
922 45879.0 17784.0 75.2384410782981 5.151531417571788 7.8337895620985565
923 45861.0 17778.0 75.22574796288455 5.151246399563083 7.834675128403072
924 45873.0 17766.0 75.2003553046209 5.156054110713698 7.844604220142239
925 45883.0 17808.0 75.28919214044566 5.145068110739361 7.818733878760582
926 45881.0 17790.0 75.25113205267836 5.150025869290015 7.830190577803981
927 45852.0 17772.0 75.21305270535379 5.151969289922449 7.837089653416033
928 45859.0 17793.0 75.25747673731951 5.146700227093426 7.824492260702887
929 45855.0 17823.0 75.32089418915379 5.137630620500744 7.804190467124549
930 45864.0 17829.0 75.33357127317677 5.136914572764642 7.801797084838479
931 45883.0 17838.0 75.35258290029917 5.136455207746276 7.799139405984224
932 45881.0 17868.0 75.41592037714564 5.127648126336701 7.779289208509221
933 45883.0 17880.0 75.44124047870751 5.124445252647846 7.7718436303685445
934 45907.0 17901.0 75.48553021987749 5.121130351004915 7.76228845369835
935 45925.0 17943.0 75.57403183498785 5.111194973818191 7.738229982894946
936 45924.0 17961.0 75.61192938780934 5.1059851101396125 7.726503480202531
937 45915.0 17964.0 75.618243800062 5.104138818113234 7.723075072245064
938 45907.0 17961.0 75.61192938780934 5.104100709735659 7.723660588727786
939 45897.0 17988.0 75.6687401287614 5.095367267485604 7.70471334230389
940 45910.0 18024.0 75.74442150136632 5.086671905803585 7.683942386770664
941 45905.0 18036.0 75.76963182707732 5.082750771735622 7.675489801863776
942 45906.0 18045.0 75.78853406806668 5.080337417364468 7.669948555770147
943 45908.0 18054.0 75.80743159586768 5.078036732057455 7.664580063579551
944 45907.0 18060.0 75.82002733103741 5.076246960125517 7.660617645715734
945 45887.0 18078.0 75.85780198786786 5.0690123317674995 7.645934209710478
946 45891.0 18111.0 75.92700671483523 5.060256776935503 7.625830215024736
947 45901.0 18105.0 75.91442872970546 5.0630261026687995 7.631251732256024
948 45906.0 18111.0 75.92700671483523 5.061905901455579 7.628308118718676
949 45927.0 18138.0 75.98358188188811 5.056709430515288 7.614842792706452
950 45922.0 18153.0 76.01499433594896 5.0520009660449725 7.604638580514948
951 45910.0 18168.0 76.04639381448084 5.04653299728978 7.593304518972074
952 45907.0 18162.0 76.03383557910259 5.047863945573353 7.596552097849857
953 45907.0 18156.0 76.02127526918306 5.049524784338127 7.6002960243940185
954 45898.0 18177.0 76.06522728003094 5.042730675231014 7.5857268629021855
955 45895.0 18180.0 76.07150406572302 5.041573591832604 7.583367411127897
956 45885.0 18189.0 76.09033131612037 5.03799513120825 7.576130907743949
957 45899.0 18183.0 76.07778033354987 5.041183470757777 7.582158575162828
958 45894.0 18210.0 76.13424346118393 5.033194720051733 7.564580165352866
959 45896.0 18225.0 76.1655937789471 5.029288695544324 7.555624456426569
960 45879.0 18216.0 76.14678513715423 5.029904345035728 7.5584077800300085
961 45871.0 18243.0 76.20319713536233 5.021618977329367 7.540423338021033
962 45862.0 18273.0 76.26582819478463 5.012429359043732 7.520500659565391
963 45879.0 18291.0 76.30338215431682 5.00936871191269 7.512233225466323
964 45879.0 18300.0 76.32215220473915 5.006915650305831 7.506723730888085
965 45870.0 18312.0 76.3471717603054 5.002669861494114 7.497925394861631
966 45900.0 18345.0 76.41593329955239 4.9969658470067975 7.482680586496972
967 45892.0 18366.0 76.4596584458203 4.990409024043824 7.468628495903127
968 45884.0 18363.0 76.45341352740863 4.990353237499977 7.469153566520738
969 45904.0 18378.0 76.48463302053364 4.988464696819506 7.463295952153822
970 45894.0 18384.0 76.49711725027818 4.985760199916978 7.458047241848999
971 45885.0 18396.0 76.52207959953135 4.9815473056811905 7.449339056297753
972 45884.0 18375.0 76.47839014144554 4.987108039718749 7.46187931381931
973 45885.0 18402.0 76.5345577210329 4.979929914579437 7.445716511126017
974 45909.0 18405.0 76.54079601893795 4.981718602572378 7.447777977117411
975 45882.0 18414.0 76.55950786276203 4.976373799782427 7.437996574188693
976 45879.0 18411.0 76.55327108967826 4.976856747192532 7.43932072002969
977 45870.0 18393.0 76.51583977568606 4.980732222571281 7.4487293030326205
978 45881.0 18405.0 76.54079601893795 4.978688778138012 7.443261057357489
979 45870.0 18411.0 76.55327108967826 4.975883184778108 7.437869539822173
980 45874.0 18423.0 76.57821513435773 4.973088129155474 7.4312886333854955
981 45868.0 18438.0 76.60938376894003 4.968411196642414 7.421307286651646
982 45871.0 18429.0 76.5906841102825 4.971151609198789 7.4271970311962265
983 45885.0 18444.0 76.62184767266994 4.968637394336176 7.420440323929671
984 45897.0 18468.0 76.67168302601846 4.963501517000929 7.40798673208541
985 45867.0 18471.0 76.67791016779734 4.959463930507551 7.401377964778871
986 45853.0 18501.0 76.74015379373637 4.949948226755839 7.381241145120689
987 45846.0 18519.0 76.77747574801883 4.9444040407457575 7.3694224239363635
988 45867.0 18525.0 76.7899123684532 4.945067071580684 7.369217523586213
989 45875.0 18522.0 76.78369431003024 4.9467249806663105 7.372276680523114
990 45887.0 18537.0 76.81477956870623 4.94402801468828 7.365294801033544
991 45881.0 18558.0 76.85827780921706 4.937812480176849 7.351908957592384
992 45874.0 18561.0 76.8644898341057 4.936266493721467 7.349021093943489
993 45865.0 18561.0 76.8644898341057 4.935300700784891 7.347587177667523
994 45865.0 18555.0 76.85206528220459 4.936890037802697 7.351131868086076
995 45846.0 18549.0 76.839638721321 4.936440190465961 7.35164933541141
996 45843.0 18531.0 76.802346975023 4.940892984648327 7.361825523080947
997 45833.0 18540.0 76.82099511102079 4.937430059204146 7.354899090592539
998 45851.0 18555.0 76.85206528220459 4.935387210315831 7.348900258224396
999 45846.0 18552.0 76.84585225294651 4.935645210404355 7.349875938835103
