MCS Volumen AContact r h theta
0 14000.0 0.0 0.0 29.902658734369908 180.0
1 15624.0 3.0 0.9772050238058398 30.986075398446467 176.38733386468735
2 17672.0 24.0 2.763953195770684 32.080462809910344 170.15146715688874
3 20275.0 102.0 5.698035485213008 32.87203835341642 160.33214274038497
4 23254.0 255.0 9.009385160867895 33.12465300302858 149.56902302049173
5 26258.0 471.0 12.244343853084386 32.82962241577926 139.0923561199655
6 29335.0 753.0 15.48183917680307 32.065240065548835 128.45535100743717
7 32210.0 1047.0 18.255696394123913 31.187528951144657 119.31464643936881
8 34738.0 1290.0 20.263754666327017 30.599303026213857 112.97261511562098
9 37073.0 1569.0 22.347890536298223 29.725823857851513 106.12826944780771
10 39142.0 1809.0 23.996303550890445 29.063474846737627 100.91032528602267
11 40801.0 2049.0 25.538538658086665 28.273781471701636 95.8196008364386
12 42095.0 2238.0 26.69040136976819 27.687161284145937 92.10026850832035
13 43017.0 2445.0 27.897449197361542 26.874488741431815 87.86005369062245
14 43724.0 2616.0 28.856518540128786 26.215760334496988 84.50945196983297
15 44216.0 2736.0 29.51094455619561 25.770805093138346 82.25899551028304
16 44553.0 2811.0 29.912691120369555 25.512672869740992 80.92203094840478
17 44825.0 2934.0 30.560124444498616 24.987243578491647 78.54175518799055
18 44999.0 2991.0 30.855548440689205 24.76917254564113 77.51124071443905
19 45124.0 3042.0 31.11749787131175 24.564625995518618 76.57619811662512
20 45224.0 3084.0 31.331576548121713 24.397171543412988 75.81412844371026
21 45295.0 3123.0 31.529062379842163 24.234640230266056 75.09496476853482
22 45358.0 3156.0 31.695204697178458 24.099644681510572 74.49553504384896
23 45386.0 3207.0 31.950270812489475 23.865681451331632 73.51676713893872
24 45428.0 3249.0 32.15880626222211 23.682912275009738 72.73855919467829
25 45449.0 3279.0 32.306936047800164 23.55004364446943 72.18013097090316
26 45484.0 3312.0 32.46909827883606 23.40984680170572 71.58234106540719
27 45507.0 3333.0 32.571872077769406 23.321575932631053 71.20559573658444
28 45533.0 3387.0 32.83467046438108 23.083827925073994 70.21689974401157
29 45535.0 3408.0 32.9363035587535 22.98910014768908 69.82905292517188
30 45553.0 3426.0 33.02316868602507 22.914743420116057 69.5134834500061
31 45597.0 3471.0 33.23933836501469 22.730075415776522 68.7310271818651
32 45599.0 3507.0 33.41126712422853 22.570998251656423 68.08202617202984
33 45606.0 3510.0 33.4255546028051 22.560486365455834 68.03454771214089
34 45628.0 3531.0 33.525396464694715 22.476613324028737 67.67860043804083
35 45625.0 3546.0 33.59653042216892 22.409701860079586 67.40850158520557
36 45626.0 3567.0 33.695865681379686 22.318503289568156 67.03711026044786
37 45613.0 3588.0 33.79490896018868 22.222375317122292 66.65510125140197
38 45625.0 3597.0 33.83726733356426 22.18817398490227 66.50826415087874
39 45628.0 3615.0 33.92182540127231 22.111882076331348 66.19649679888609
40 45626.0 3645.0 34.06228904727216 21.982851744247952 65.67414090810608
41 45649.0 3669.0 34.17424428437779 21.889894473751347 65.28219335691301
42 45650.0 3693.0 34.28583395043409 21.789082601770787 64.87295284137251
43 45672.0 3708.0 34.355393433484295 21.73464696976484 64.6382852969142
44 45676.0 3735.0 34.48024687986526 21.623578116650556 64.18607105227912
45 45693.0 3738.0 34.49409158906797 21.61764889457425 64.15122545244907
46 45689.0 3753.0 34.56323195026423 21.55395780303015 63.89610878936968
47 45701.0 3771.0 34.64601825317124 21.484308743610296 63.60684992814648
48 45688.0 3786.0 34.71485602867786 21.41773923455647 63.34599914510371
49 45667.0 3804.0 34.79728160421644 21.336145770586594 63.02954829544299
50 45667.0 3816.0 34.8521236896311 21.28731120724409 62.832294436154285
51 45654.0 3828.0 34.906879612929465 21.233681970921143 62.62388423712165
52 45640.0 3858.0 35.04339511087738 21.10739914100654 62.122940041715786
53 45648.0 3873.0 35.11145381766214 21.050344970857807 61.8878434919522
54 45643.0 3894.0 35.20651497663012 20.96473519208653 61.5458081396938
55 45638.0 3909.0 35.27425895879937 20.903349243672317 61.301539497951225
56 45656.0 3921.0 35.328360614761664 20.862744822789818 61.12694314411776
57 45663.0 3942.0 35.42283968482062 20.782785343552113 60.800791133961354
58 45662.0 3969.0 35.54394376350864 20.676913538863122 60.375540037460276
59 45693.0 3996.0 35.66463661935206 20.583857668684484 59.9828171124298
60 45695.0 4011.0 35.73151205145375 20.526769689889125 59.75236246547957
61 45694.0 4014.0 35.74487212372896 20.514856430558506 59.70513662997232
62 45706.0 4035.0 35.838253176621144 20.43884914259904 59.39293201552695
63 45704.0 4044.0 35.878199226372125 20.40374551147419 59.25332970796683
64 45686.0 4065.0 35.97123416477546 20.317207649126264 58.91710346425383
65 45675.0 4077.0 36.024289111255406 20.267715299861894 58.7252994631348
66 45672.0 4098.0 36.116947733455746 20.187538916701552 58.40594503941888
67 45667.0 4110.0 36.16978894347297 20.140716155784848 58.22145240982541
68 45673.0 4128.0 36.24890633062862 20.075781950152606 57.95812015793091
69 45673.0 4143.0 36.31470581540548 20.020074360692227 57.73535675925192
70 45692.0 4155.0 36.367259686339445 19.982704087662977 57.57491451713114
71 45691.0 4173.0 36.4459484036972 19.91601224975711 57.30909649886966
72 45686.0 4179.0 36.472140249265074 19.892135895698367 57.21666041831553
73 45703.0 4200.0 36.56366395715726 19.8215797336616 56.92525357203543
74 45705.0 4215.0 36.6288980214349 19.76771899704366 56.70929918415215
75 45702.0 4218.0 36.64193089785566 19.755725482818306 56.66320676581145
76 45690.0 4227.0 36.681001743394134 19.718703329428653 56.522518100608266
77 45677.0 4233.0 36.70702586993376 19.69223809633969 56.42449497828284
78 45672.0 4251.0 36.784987782617165 19.62554989719114 56.16168232121422
79 45660.0 4257.0 36.81093839450982 19.59961352147699 56.06523957765528
80 45657.0 4281.0 36.91455841199794 19.512720297775317 55.72109547146021
81 45640.0 4296.0 36.97917347704738 19.453197562178232 55.4939644187216
82 45643.0 4302.0 37.00498791193787 19.433028777486225 55.41207820663681
83 45635.0 4302.0 37.00498791193787 19.430113443132655 55.40500169010656
84 45643.0 4314.0 37.056562833010744 19.390612564850322 55.24348666824886
85 45662.0 4317.0 37.06944535133247 19.38694362539105 55.21822097181708
86 45666.0 4332.0 37.13379090462191 19.33561479726879 55.0121070518159
87 45671.0 4347.0 37.198025152431654 19.284869755811645 54.807878945920486
88 45691.0 4365.0 37.274960136695604 19.22933146382649 54.57642595854825
89 45668.0 4365.0 37.274960136695604 19.22100741225345 54.556212930318395
90 45687.0 4383.0 37.35173665498774 19.165418690715285 54.32530779150376
91 45697.0 4395.0 37.40283344584685 19.127560841705684 54.16980215222215
92 45710.0 4410.0 37.46660643920819 19.080605044116027 53.97672542032884
93 45708.0 4425.0 37.53027106701035 19.028462015880965 53.77150944080635
94 45688.0 4446.0 37.61922053914905 18.949664279494858 53.470887636338574
95 45695.0 4455.0 37.65727742347802 18.921616528106497 53.35622484932654
96 45698.0 4464.0 37.69529588588531 18.89221010667124 53.238424257886344
97 45665.0 4470.0 37.72062023935376 18.860121885827276 53.12964488440694
98 45670.0 4473.0 37.73327604250783 18.851789059592722 53.094021023848555
99 45670.0 4494.0 37.82174808902882 18.78117446297808 52.815302423921125
100 45664.0 4497.0 37.8343700643807 18.76897989285451 52.77043669937373
101 45684.0 4515.0 37.910013665518704 18.71596977120586 52.550611009302536
102 45688.0 4536.0 37.99807421080277 18.64760953234889 52.279124031576174
103 45678.0 4551.0 38.06084985943471 18.594471802901793 52.07526374279724
104 45669.0 4554.0 38.07339256857711 18.58138837352294 52.02857501828658
105 45666.0 4575.0 38.16107610236958 18.51133238207794 51.75457487090788
106 45678.0 4593.0 38.23607337635692 18.45676399560085 51.53372110321205
107 45698.0 4599.0 38.261039799765676 18.444284327554477 51.47411961064952
108 45707.0 4614.0 38.323384699841036 18.398745701911807 51.29056819634272
109 45692.0 4620.0 38.34829427978659 18.37403761315252 51.20149107563562
110 45673.0 4632.0 38.39806496170502 18.32860904728426 51.033233623052865
111 45669.0 4638.0 38.42292612647326 18.307883858291117 50.95404269299247
112 45670.0 4650.0 38.47260025985541 18.2696971806171 50.80379995894403
113 45668.0 4653.0 38.485008775017555 18.25938163230682 50.764413502035254
114 45678.0 4671.0 38.559376011088226 18.205374428849016 50.5476202506934
115 45689.0 4680.0 38.59650589548412 18.180574974131627 50.44480926058813
116 45691.0 4686.0 38.621239320576485 18.162214503330194 50.37191262121695
117 45696.0 4695.0 38.65830978758509 18.135431624517075 50.26453594565788
118 45699.0 4710.0 38.72001503002877 18.089089623207116 50.08177304337805
119 45675.0 4716.0 38.7446696107059 18.061830330423565 49.9875954887656
120 45687.0 4722.0 38.76930851278959 18.04714702408123 49.924038208723786
121 45686.0 4734.0 38.81853940057592 18.009169030473274 49.77620385967405
122 45687.0 4734.0 38.81853940057592 18.009516679232398 49.77704834685736
123 45681.0 4752.0 38.89226888657144 17.95123110240085 49.55259630059322
124 45687.0 4749.0 38.879990348337564 17.962660042010235 49.59412799166801
125 45698.0 4764.0 38.94134432424719 17.91981509747552 49.42136685212999
126 45712.0 4770.0 38.96585886512296 17.906052868005055 49.36057473268198
127 45715.0 4791.0 39.05153857028608 17.8421966367088 49.11022596543451
128 45706.0 4800.0 39.08820095223359 17.811398428407568 48.99485117816117
129 45698.0 4818.0 39.16142274782038 17.75347709798644 48.77346744306237
130 45704.0 4833.0 39.22233649244089 17.70978820801509 48.60054414863126
131 45701.0 4839.0 39.24667551835904 17.690510519243926 48.527114981735274
132 45711.0 4848.0 39.28315578233268 17.66663089222287 48.42931510827054
133 45713.0 4857.0 39.31960220036148 17.640071881748046 48.32515843598583
134 45718.0 4872.0 39.38027127239512 17.596529228762407 48.15363768120307
135 45708.0 4884.0 39.42873931692001 17.55704585820877 48.00543320536803
136 45722.0 4893.0 39.46505128714883 17.534859921323104 47.912459060837776
137 45709.0 4893.0 39.46505128714883 17.53042208066472 47.901697252974756
138 45718.0 4902.0 39.501329877270486 17.506594899222957 47.80488570888801
139 45736.0 4911.0 39.537575179170965 17.485895842098063 47.71579841309229
140 45738.0 4938.0 39.6461122681097 17.406475617727853 47.40738888784872
141 45736.0 4950.0 39.694255713009206 17.370393946822247 47.26882793112987
142 45747.0 4965.0 39.754353030863435 17.330034031571554 47.10746666140061
143 45743.0 4971.0 39.778366535337064 17.311097614243725 47.036266810827854
144 45731.0 4977.0 39.80236555202123 17.289488597612447 46.95865676362862
145 45726.0 4989.0 39.85032022670497 17.25279104268151 46.81941713448696
146 45717.0 4998.0 39.88624839649106 17.22357854263781 46.71106017603461
147 45716.0 5004.0 39.91018254109706 17.205829343628295 46.64307886444848
148 45710.0 5019.0 39.9699552008311 17.160410435701195 46.47086347514917
149 45710.0 5028.0 40.005775929634204 17.134461087680943 46.370870572344
150 45710.0 5025.0 39.993839251484076 17.143103500419834 46.40416841214234
151 45711.0 5040.0 40.05348706874727 17.10030061936124 46.23882195390871
152 45733.0 5055.0 40.113046190224225 17.064715685266215 46.09131632658147
153 45725.0 5055.0 40.113046190224225 17.06203548461641 46.084832927157166
154 45703.0 5055.0 40.113046190224225 17.0546642676256 46.067000360319255
155 45723.0 5076.0 40.196280701937106 17.0015238015441 45.853089843269444
156 45723.0 5085.0 40.23189992089083 16.975986272876348 45.75495511177066
157 45722.0 5109.0 40.32673069457759 16.907870798903637 45.49388379313961
158 45696.0 5115.0 40.350403564649625 16.882346251766542 45.40823394676899
159 45692.0 5127.0 40.397707688237645 16.847367984532085 45.275955010109286
160 45703.0 5133.0 40.42133899045648 16.834239786255175 45.2204408015194
161 45691.0 5145.0 40.46856019696776 16.796779345642317 45.08252072511177
162 45690.0 5154.0 40.50393997367734 16.771415729828004 44.9858350173101
163 45684.0 5157.0 40.515726367051705 16.761099014869636 44.94913872211479
164 45702.0 5181.0 40.609894364775435 16.700663038347766 44.70945394692842
165 45702.0 5181.0 40.609894364775435 16.700663038347766 44.70945394692842
166 45672.0 5178.0 40.59813531013054 16.69902812295457 44.717181697946785
167 45679.0 5169.0 40.562837692696185 16.726199497193296 44.817878660379
168 45683.0 5178.0 40.59813531013054 16.70266193544489 44.72595394660142
169 45669.0 5181.0 40.609894364775435 16.68976593738065 44.68315051745338
170 45670.0 5190.0 40.64515111663227 16.665324533147526 44.58921953095526
171 45666.0 5190.0 40.64515111663227 16.664004935723103 44.586034569544054
172 45667.0 5199.0 40.68037731228077 16.639627117752138 44.49238760936465
173 45673.0 5199.0 40.68037731228077 16.641604399211854 44.49715898068111
174 45687.0 5199.0 40.68037731228077 16.646217794008763 44.508290916275406
175 45691.0 5199.0 40.68037731228077 16.647535839449766 44.51147114424428
176 45686.0 5205.0 40.70384450622116 16.62944689463942 44.44467734705193
177 45697.0 5217.0 40.750738351848746 16.60026442655837 44.32813768749938
178 45690.0 5217.0 40.750738351848746 16.597962781061735 44.32258648826615
179 45699.0 5226.0 40.78587335336207 16.576390713782185 44.236089422204124
180 45707.0 5241.0 40.84436452546724 16.538266127248814 44.08697317245723
181 45688.0 5253.0 40.89109722327652 16.49956742301879 43.94817489996656
182 45693.0 5271.0 40.961096299717866 16.452702574922917 43.767356643367684
183 45700.0 5283.0 41.00769596928077 16.422787912221768 43.65029052361594
184 45683.0 5289.0 41.03097595751372 16.401185232555235 43.575839008148485
185 45650.0 5286.0 41.01933761492886 16.3984456144789 43.580445724404974
186 45675.0 5304.0 41.08911822269767 16.358559163255944 43.41736506959433
187 45675.0 5304.0 41.08911822269767 16.358559163255944 43.41736506959433
188 45687.0 5310.0 41.11235210537009 16.346502186138924 43.366092898858675
189 45672.0 5313.0 41.123964124272845 16.333653993204983 43.32406360869214
190 45664.0 5322.0 41.15878052457499 16.307187255312446 43.227130337086685
191 45674.0 5331.0 41.19356749840669 16.286626506908053 43.14453295416095
192 45694.0 5334.0 41.20515663001828 16.285189904919893 43.13005724128028
193 45681.0 5355.0 41.28618946468902 16.225694181882325 42.910186528220834
194 45681.0 5358.0 41.297752604382126 16.21782361175181 42.88034375717795
195 45677.0 5355.0 41.28618946468902 16.224400108793215 42.907075278097075
196 45671.0 5370.0 41.343972823217605 16.18317790764341 42.753506310871686
197 45679.0 5376.0 41.367063566611286 16.17009340974582 42.7003558067701
198 45690.0 5379.0 41.378604106260156 16.165817710559136 42.6792458871026
199 45688.0 5376.0 41.367063566611286 16.172997766464057 42.70733466862534
200 45700.0 5397.0 41.4477798649568 16.122221540184402 42.509753470900804
201 45685.0 5403.0 41.4708128091435 16.101841655610585 42.439321153173914
202 45699.0 5400.0 41.45929793656026 16.114119018301864 42.47954266280719
203 45706.0 5412.0 41.50533825939352 16.085310685199044 42.36748087367286
204 45710.0 5421.0 41.53983501414431 16.06336723377038 42.28276379038025
205 45703.0 5424.0 41.55132756797165 16.053391482898686 42.24816520975833
206 45699.0 5430.0 41.574303144827134 16.036670212146685 42.186760597133805
207 45695.0 5436.0 41.597266031496424 16.019976572796498 42.125476474666726
208 45700.0 5454.0 41.666078760142454 15.975496122464548 41.95537742654079
209 45690.0 5460.0 41.68899109553381 15.9569917929776 41.889966226571545
210 45690.0 5478.0 41.7576526700772 15.911223399887772 41.71741402123604
211 45682.0 5487.0 41.79194115485017 15.885877284984703 41.62541682827909
212 45688.0 5505.0 41.86043386590454 15.842363754245026 41.45897351035047
213 45694.0 5520.0 41.917425633434654 15.806586646384009 41.32178287813336
214 45710.0 5535.0 41.97434001896017 15.7741256263193 41.192843795969594
215 45704.0 5559.0 42.06524286505062 15.712497265587436 40.964019565525064
216 45710.0 5568.0 42.099280828433955 15.69209356337356 40.88489187857838
217 45709.0 5580.0 42.14462201640385 15.662134233316326 40.77298161830384
218 45710.0 5589.0 42.17859592116843 15.640280372329512 40.690652334974814
219 45718.0 5586.0 42.16727432764246 15.650181404625982 40.72433237634217
220 45709.0 5589.0 42.17859592116843 15.639965782064833 40.689900962673434
221 45695.0 5601.0 42.22385193839391 15.606095422009636 40.56900640253223
222 45696.0 5607.0 42.246461767022744 15.591713004980413 40.51473123844099
223 45718.0 5613.0 42.26905950159782 15.58394205229593 40.476285530000794
224 45719.0 5607.0 42.246461767022744 15.598933131322886 40.531966766970584
225 45715.0 5604.0 42.23515836567874 15.605024893303852 40.55647505876569
226 45717.0 5607.0 42.246461767022744 15.598305326078568 40.530468177317935
227 45726.0 5616.0 42.28035383967556 15.57912105629976 40.45484610129848
228 45728.0 5631.0 42.33678033460888 15.543186087093774 40.31960185866866
229 45723.0 5640.0 42.37060016186435 15.519758059822498 40.23415151671356
230 45729.0 5652.0 42.41565131777166 15.492564819706205 40.1300337830777
231 45711.0 5658.0 42.43815896133912 15.472450316671466 40.0625136286368
232 45686.0 5664.0 42.46065467400368 15.450184597859032 39.98991967608463
233 45706.0 5682.0 42.52807041585944 15.413155269471329 39.843372869463266
234 45712.0 5682.0 42.52807041585944 15.415021978957059 39.84781867438007
235 45716.0 5688.0 42.55051859394197 15.401889910843474 39.797183684643976
236 45724.0 5691.0 42.56173824307405 15.39719668601857 39.776342790482
237 45720.0 5709.0 42.62899412633684 15.352998781980675 39.61336493189632
238 45723.0 5721.0 42.673772493857 15.32540888032039 39.50941685801498
239 45717.0 5733.0 42.718503923846306 15.295127121100474 39.39925888209282
240 45720.0 5739.0 42.74085208332626 15.28187721414291 39.34874811979681
241 45730.0 5742.0 42.752021782218975 15.277885908320378 39.32977017534823
242 45724.0 5748.0 42.77435242974964 15.261889158256656 39.27280070482103
243 45713.0 5754.0 42.79667142549209 15.244376006355534 39.21227728357225
244 45720.0 5769.0 42.85241805772795 15.211337799730188 39.08670716317292
245 45692.0 5781.0 42.8969632028713 15.174674725273634 38.962167331539526
246 45688.0 5793.0 42.94146213932054 15.145496626314353 38.85559420036623
247 45699.0 5808.0 42.997021047456954 15.114061363976095 38.73459308899542
248 45687.0 5808.0 42.997021047456954 15.110383470586838 38.72586884307335
249 45709.0 5817.0 43.03032195941729 15.096303483616136 38.66474411358034
250 45706.0 5829.0 43.07468312785732 15.067702193010303 38.560095951711645
251 45700.0 5829.0 43.07468312785732 15.065867938314227 38.55574822111743
252 45703.0 5844.0 43.130070424914365 15.032310122349434 38.43039951447304
253 45711.0 5862.0 43.19644143687511 14.99356148568439 38.28395720128825
254 45701.0 5871.0 43.229588730232386 14.97000024819595 38.20097751435619
255 45723.0 5871.0 43.229588730232386 14.976691908703566 38.21681545559969
256 45732.0 5877.0 43.2516728127611 14.965772820882965 38.17288232214682
257 45734.0 5880.0 43.26271062659723 14.959560580189155 38.149150900158205
258 45730.0 5874.0 43.24063218135908 14.971990176111687 38.19663686807153
259 45734.0 5865.0 43.207493360156086 14.99371660292264 38.27524415928525
260 45737.0 5886.0 43.284777810193184 14.946847832641772 38.101039233404244
261 45723.0 5877.0 43.2516728127611 14.963037469582995 38.16641001489626
262 45731.0 5892.0 43.30683374936218 14.931425563075114 38.046564180499665
263 45725.0 5916.0 43.394945404543435 14.875428260458877 37.84258103760188
264 45698.0 5910.0 43.372934271803686 14.880765179428941 37.87303422662463
265 45700.0 5901.0 43.33989661236571 14.901670657810017 37.94928353107169
266 45706.0 5886.0 43.284777810193184 14.937435947761715 38.07877543722188
267 45690.0 5907.0 43.3619245154969 14.885103036046372 37.892220392427646
268 45698.0 5919.0 43.40594678522584 14.860515319486604 37.79843583488628
269 45672.0 5931.0 43.44992445282342 14.825739397700481 37.68075909385433
270 45664.0 5922.0 43.41694537827838 14.843496135560821 37.74932639062696
271 45673.0 5934.0 43.46091191650969 14.819326998236036 37.65675908707591
272 45674.0 5952.0 43.52677845379694 14.779455798696148 37.509691326574206
273 45675.0 5940.0 43.482878514786904 14.806517879330283 37.60882891546265
274 45675.0 5943.0 43.49385765358446 14.799819541375461 37.58418652512634
275 45680.0 5976.0 43.61444577011535 14.727997055133464 37.31823290397532
276 45670.0 5985.0 43.64727561727063 14.705109899152959 37.23815023885267
277 45658.0 5979.0 43.62539179758601 14.71475590274212 37.278292229721245
278 45660.0 5982.0 43.636335079282674 14.708730000897656 37.25537972698261
279 45667.0 5973.0 43.60349699480285 14.730729607291101 37.33340032972121
280 45681.0 5985.0 43.64727561727063 14.708410976302984 37.24593326178141
281 45678.0 5991.0 43.669148470368526 14.694280452839758 37.19525814065296
282 45661.0 5979.0 43.62539179758601 14.71565690213207 37.280417135045006
283 45649.0 5979.0 43.62539179758601 14.712052836947203 37.27191719477315
284 45646.0 5985.0 43.64727561727063 14.697907024597058 37.221166624987966
285 45626.0 6006.0 43.723782732282515 14.645730713236743 37.037607076250666
286 45627.0 6006.0 43.723782732282515 14.64603011993301 37.03831260262113
287 45644.0 6015.0 43.756530545685415 14.63140525794765 36.97803645641866
288 45645.0 6027.0 43.800156210106216 14.605491903105976 36.88270586848491
289 45663.0 6030.0 43.811055838546714 14.60432528448623 36.871404228146176
290 45692.0 6039.0 43.84373846587346 14.593378231040097 36.8200192862986
291 45694.0 6042.0 43.85462726238205 14.587450437581005 36.797547682530315
292 45696.0 6045.0 43.86551335594985 14.581527462571238 36.775097753784706
293 45710.0 6057.0 43.90903074101295 14.559668593036857 36.689711160559966
294 45710.0 6069.0 43.95250503952449 14.533722394350177 36.594879303878116
295 45694.0 6081.0 43.99593637921156 14.503113084947191 36.489261650269626
296 45678.0 6084.0 44.00678751672499 14.491917050983446 36.45456032041641
297 45687.0 6090.0 44.02848176872881 14.481700982386041 36.41379314129422
298 45680.0 6093.0 44.039324887171425 14.473192445610609 36.38543861406659
299 45701.0 6105.0 44.08267068987588 14.453719727986128 36.306315603041675
300 45696.0 6111.0 44.10432761610979 14.439425778024631 36.25611647021982
301 45689.0 6111.0 44.10432761610979 14.437356583826668 36.25126069947118
302 45697.0 6111.0 44.10432761610979 14.43972137250932 36.256810129760126
303 45694.0 6117.0 44.125973913175535 14.4260405875988 36.20809248754148
304 45713.0 6120.0 44.13679308065777 14.425261386832346 36.19796797479831
305 45741.0 6144.0 44.223251132330944 14.38255758579786 36.03176049481412
306 45756.0 6141.0 44.21245312188251 14.393328297091296 36.06523433738386
307 45739.0 6141.0 44.21245312188251 14.388322120948324 36.05350211061538
308 45714.0 6150.0 44.244839247423116 14.361922675022512 35.96697280804809
309 45729.0 6162.0 44.28798390833024 14.341017714764032 35.88523781177452
310 45711.0 6165.0 44.29876350783472 14.329414751499812 35.849895887987316
311 45688.0 6156.0 44.266416834293416 14.341612543042162 35.90299343373067
312 45695.0 6171.0 44.32031484139268 14.312104193595541 35.79305222385552
313 45720.0 6192.0 44.39566212199151 14.275440580769441 35.65042516249758
314 45715.0 6210.0 44.460143872926686 14.236459930141164 35.51088393416933
315 45701.0 6207.0 44.44940341042598 14.238609222653766 35.52395081719567
316 45701.0 6231.0 44.53525458343311 14.188836176414746 35.34353377807662
317 45717.0 6240.0 44.56740613707347 14.174909873786705 35.287106559609015
318 45724.0 6246.0 44.58882762648012 14.164578073218342 35.247087882878674
319 45753.0 6246.0 44.58882762648012 14.173012363931337 35.2667757057589
320 45771.0 6246.0 44.58882762648012 14.17824697767257 35.27899357113617
321 45749.0 6258.0 44.63163976080379 14.147158944468497 35.1747317869248
322 45753.0 6249.0 44.59953451284562 14.16683208270511 35.24441036200098
323 45763.0 6270.0 44.674410867658544 14.126606762751255 35.095210001531335
324 45779.0 6285.0 44.727817235643464 14.100575117252431 34.995219335464185
325 45768.0 6288.0 44.73849085880832 14.091272500327644 34.96570397031607
326 45753.0 6288.0 44.73849085880832 14.086931980750045 34.955589433136026
327 45753.0 6300.0 44.78115991081385 14.062512042310969 34.867437123397046
328 45776.0 6321.0 44.855733084721074 14.026591522269777 34.729401635105766
329 45772.0 6330.0 44.887655090719484 14.007268844913733 34.66124176708007
330 45764.0 6339.0 44.9195544114036 13.986840984128289 34.590599786304715
331 45763.0 6342.0 44.930182485469615 13.980521473447052 34.56821124698144
332 45735.0 6342.0 44.930182485469615 13.972470506677602 34.54948939855647
333 45744.0 6351.0 44.962051634164276 13.956996987263949 34.490489864920505
334 45748.0 6345.0 44.94080804609717 13.970182941337658 34.53648780856019
335 45754.0 6354.0 44.972669665162265 13.953857236911226 34.47553200840119
336 45743.0 6345.0 44.94080804609717 13.968745761000536 34.53314612046769
337 45727.0 6342.0 44.930182485469615 13.970170080160925 34.544139599982486
338 45726.0 6351.0 44.962051634164276 13.951826615284032 34.47847027367185
339 45722.0 6357.0 44.983285189838654 13.938664778146945 34.432570292117546
340 45738.0 6366.0 45.01511674366747 13.925268720197788 34.37853951915916
341 45738.0 6381.0 45.06811937211013 13.895381420843746 34.27110466506765
342 45748.0 6387.0 45.08930297815515 13.886319418548325 34.23491190225422
343 45744.0 6399.0 45.13164036117097 13.861384642733876 34.14682689901046
344 45743.0 6402.0 45.142218502734536 13.855163088644948 34.124857549975026
345 45752.0 6414.0 45.18450630451586 13.834031587254154 34.045781163709144
346 45728.0 6411.0 45.17393806526371 13.833104929986758 34.051136268070614
347 45729.0 6408.0 45.16336735304101 13.839310758968368 34.07303982961612
348 45715.0 6399.0 45.13164036117097 13.853101601091499 34.12760769858394
349 45712.0 6411.0 45.17393806526371 13.828541299033638 34.04055198347524
350 45692.0 6420.0 45.20563537104568 13.805113543257898 33.96374859021907
351 45692.0 6435.0 45.25841488157416 13.775667669054712 33.85819497257209
352 45695.0 6453.0 45.32166916105365 13.741335577804024 33.734156658284725
353 45695.0 6450.0 45.31113291328578 13.74718838260809 33.75510989662303
354 45710.0 6456.0 45.332202959955 13.739743325949267 33.723076593164755
355 45707.0 6456.0 45.332202959955 13.738892145590881 33.7211059805358
356 45710.0 6456.0 45.332202959955 13.739743325949267 33.723076593164755
357 45721.0 6480.0 45.416385396362884 13.696221143010812 33.563475121078035
358 45708.0 6477.0 45.40587112711761 13.698356408131191 33.57574938831949
359 45714.0 6480.0 45.416385396362884 13.694240730725078 33.55889477539948
360 45728.0 6480.0 45.416385396362884 13.6982015075542 33.56805524591995
361 45732.0 6489.0 45.447913609390454 13.681913398881436 33.508424475888766
362 45740.0 6504.0 45.500412083182 13.655227429021572 33.41028057426582
363 45735.0 6498.0 45.47941996576333 13.665381154822613 33.44830871664237
364 45751.0 6519.0 45.5528500538894 13.629490340560308 33.31454524354928
365 45734.0 6519.0 45.5528500538894 13.624703217411605 33.30349203567574
366 45738.0 6519.0 45.5528500538894 13.625829624182972 33.30609290524329
367 45735.0 6534.0 45.605227730216285 13.596264272400148 33.20174317696196
368 45723.0 6534.0 45.605227730216285 13.592890930160292 33.19395874913028
369 45714.0 6525.0 45.57380834809874 13.60757355236584 33.24948249228778
370 45716.0 6537.0 45.615696048437535 13.585194197155124 33.16900100455334
371 45736.0 6534.0 45.605227730216285 13.596545378086423 33.20239185081897
372 45730.0 6555.0 45.67845557738076 13.554839785804361 33.05595375936447
373 45727.0 6564.0 45.7098030285671 13.536914655440102 32.99321052802455
374 45729.0 6573.0 45.741128996626834 13.520429988826585 32.9338663578192
375 45749.0 6582.0 45.772433525668156 13.50901493874995 32.886275080376315
376 45765.0 6585.0 45.78286361205753 13.507823722820879 32.876444804817886
377 45776.0 6585.0 45.78286361205753 13.510897056967702 32.88352104126124
378 45751.0 6606.0 45.85580779061821 13.464400583771877 32.72708997032409
379 45740.0 6609.0 45.866218917506956 13.455708509836208 32.70006432406275
380 45735.0 6615.0 45.88703408486732 13.443077181452074 32.65697454234785
381 45734.0 6624.0 45.91823914395487 13.425974214306208 32.59664672149784
382 45721.0 6642.0 45.980585729552615 13.388832875463292 32.469480090109975
383 45732.0 6645.0 45.99096861005744 13.386312571487883 32.45674670357973
384 45722.0 6648.0 46.00134914706133 13.377969448448447 32.43064642626231
385 45719.0 6648.0 46.00134914706133 13.377137295855647 32.428735131098954
386 45721.0 6651.0 46.011727342150415 13.372128068197263 32.4103014097133
387 45738.0 6660.0 46.04284789176323 13.360170435181205 32.36209663148846
388 45729.0 6663.0 46.0532167350186 13.352129850072085 32.33673678495263
389 45703.0 6660.0 46.04284789176323 13.350475613095835 32.33984067177528
390 45705.0 6666.0 46.06358324426302 13.339943076146861 32.30187058876017
391 45709.0 6681.0 46.11538083539922 13.313406188435826 32.20661853040524
392 45714.0 6681.0 46.11538083539922 13.314787805607939 32.209787541394306
393 45706.0 6690.0 46.146431482505335 13.296042301634367 32.14626074246966
394 45713.0 6702.0 46.18779987403346 13.27598421021878 32.072992843263776
395 45724.0 6705.0 46.19813618385829 13.27352809870453 32.06055811881315
396 45695.0 6711.0 46.21880186871377 13.254578960557913 32.00355276255467
397 45709.0 6717.0 46.23945831750759 13.24748994108574 31.97375248045513
398 45699.0 6717.0 46.23945831750759 13.244738236624583 31.96745032925041
399 45718.0 6729.0 46.28074355637264 13.228124700061262 31.902363332397126
400 45696.0 6726.0 46.27042570014 13.227531544078715 31.90775720649133
401 45673.0 6741.0 46.321991999102686 13.194001097235358 31.797333317589064
402 45660.0 6741.0 46.321991999102686 13.19043346457317 31.789169812972673
403 45657.0 6741.0 46.321991999102686 13.189610144170398 31.787285833210454
404 45669.0 6744.0 46.33229837190774 13.187474631393048 31.775686210290758
405 45671.0 6762.0 46.39408852833293 13.155536275736749 31.662495591103504
406 45686.0 6771.0 46.4249527662705 13.143450237223307 31.614883260233814
407 45677.0 6771.0 46.4249527662705 13.140989072153758 31.609259031801304
408 45687.0 6765.0 46.40437888856335 13.154514665577157 31.65349102411422
409 45696.0 6789.0 46.48661976635594 13.113904866300354 31.507585735699802
410 45670.0 6789.0 46.48661976635594 13.106809746809983 31.491384559207823
411 45679.0 6795.0 46.50715726228445 13.098541683954222 31.45929322892365
412 45680.0 6801.0 46.5276856928857 13.088106310740294 31.422284652852404
413 45684.0 6801.0 46.5276856928857 13.089196348542053 31.424772404848213
414 45677.0 6807.0 46.548205070153486 13.076597481079185 31.3828585032713
415 45689.0 6819.0 46.58921671253198 13.05852666961035 31.315386285330135
416 45677.0 6822.0 46.59946398346037 13.049939960657243 31.289258787434413
417 45676.0 6843.0 46.671131882092595 13.012517150233087 31.158320002503313
418 45674.0 6834.0 46.640430553115884 13.027871989793558 31.21283122948256
419 45650.0 6831.0 46.63019228484346 13.026661208707534 31.2165903148387
420 45652.0 6852.0 46.70181302831116 12.990153369052308 31.087916686533703
421 45657.0 6864.0 46.74268989655537 12.970421796002778 31.017133364280184
422 45643.0 6870.0 46.76311493134992 12.956117458962863 30.971686565439757
423 45657.0 6897.0 46.854917404789056 12.91276126454334 30.815381712897818
424 45672.0 6900.0 46.865106579076034 12.91158419782816 30.80632521927294
425 45667.0 6915.0 46.91601925740197 12.884199938620704 30.712294063251584
426 45675.0 6909.0 46.89566081892663 12.896756113600668 30.753523389816085
427 45665.0 6903.0 46.875293538565785 12.904483255040697 30.783812746681445
428 45677.0 6906.0 46.885478284701954 12.902502732755615 30.772942992158377
429 45679.0 6903.0 46.875293538565785 12.908253634236457 30.79238033382842
430 45688.0 6909.0 46.89566081892663 12.900254653693324 30.76147098107197
431 45681.0 6927.0 46.95670965469278 12.867200290677093 30.648350743036648
432 45683.0 6942.0 47.00752312011211 12.841867879751456 30.55931908334645
433 45695.0 6927.0 46.95670965469278 12.870960047938972 30.656884921897213
434 45720.0 6954.0 47.048134378762356 12.83114704572552 30.50986940239248
435 45738.0 6954.0 47.048134378762356 12.835965406354823 30.520792379163094
436 45721.0 6951.0 47.03798485121922 12.836568982983087 30.528439279393112
437 45700.0 6960.0 47.068426868115985 12.815499967738212 30.461866400242872
438 45687.0 6975.0 47.11911985735663 12.786362649774826 30.364623806374663
439 45707.0 6987.0 47.15963501519224 12.77123783317146 30.30550255258217
440 45706.0 6999.0 47.2001153960491 12.750566343835322 30.23393769166468
441 45702.0 7026.0 47.29106956209929 12.7038150635483 30.07281041029694
442 45711.0 7023.0 47.28097218404844 12.711266476527202 30.095784675599827
443 45710.0 7035.0 47.32134876884816 12.690775954179617 30.024984139211654
444 45715.0 7044.0 47.35160861342117 12.676971322484567 29.975491384581975
445 45719.0 7059.0 47.40199876135371 12.652886082905049 29.89071279920664
446 45726.0 7065.0 47.422139828232986 12.644704219046357 29.86012775005878
447 45699.0 7062.0 47.41207036430628 12.642580287341058 29.86139364969826
448 45697.0 7062.0 47.41207036430628 12.642051474647266 29.86020038945045
449 45676.0 7074.0 47.452335399473604 12.616480174748185 29.778326268872497
450 45677.0 7077.0 47.46239632090532 12.61174874791902 29.76162449444114
451 45665.0 7080.0 47.4724551101082 12.603590382028464 29.73720247200444
452 45695.0 7095.0 47.5227171200679 12.586594787107659 29.668850423472588
453 45678.0 7095.0 47.5227171200679 12.582116696395222 29.658759971468868
454 45682.0 7101.0 47.54280704576769 12.5732337326431 29.626769172560948
455 45673.0 7116.0 47.59299475851309 12.546091043800935 29.535801268441435
456 45681.0 7116.0 47.59299475851309 12.548193379352634 29.54053419342029
457 45699.0 7128.0 47.63310685561105 12.533160945626463 29.48292467314829
458 45701.0 7131.0 47.6431296030877 12.528754056283645 29.4670786762902
459 45722.0 7146.0 47.69321174621571 12.509649056290458 29.39453553683037
460 45708.0 7152.0 47.71322988424144 12.496165278250599 29.352433788466474
461 45708.0 7149.0 47.70322186527781 12.501072300122164 29.36935625031673
462 45712.0 7170.0 47.773233969847375 12.467843317322421 29.253561898446655
463 45710.0 7158.0 47.73323962715681 12.486885066842607 29.319809403342354
464 45696.0 7155.0 47.72323580442783 12.488122579954904 29.328471704142324
465 45693.0 7152.0 47.71322988424144 12.492239819381028 29.343611100390234
466 45685.0 7158.0 47.73323962715681 12.480347057661843 29.305118636724696
467 45678.0 7158.0 47.73323962715681 12.478516336533591 29.30100486903093
468 45663.0 7155.0 47.72323580442783 12.479489037877102 29.309068812058428
469 45681.0 7152.0 47.71322988424144 12.489099338330059 29.336552437678428
470 45673.0 7161.0 47.74324135374687 12.472315566538851 29.281198981529858
471 45700.0 7152.0 47.71322988424144 12.494071719884415 29.347728443368705
472 45701.0 7149.0 47.70322186527781 12.499239812072082 29.365237129979622
473 45676.0 7152.0 47.71322988424144 12.487790774667248 29.333611193843016
474 45679.0 7137.0 47.66316877520539 12.513134132540308 29.420099286213752
475 45669.0 7164.0 47.75324098551507 12.4663806265583 29.261998033927618
476 45682.0 7164.0 47.75324098551507 12.469778266756823 29.269630884804556
477 45698.0 7179.0 47.803207768029885 12.449554905250542 29.19495344170128
478 45694.0 7194.0 47.85312237677067 12.424197466593903 29.108919455234073
479 45698.0 7197.0 47.8630990520332 12.420386819117995 29.094562016966215
480 45701.0 7200.0 47.873073648171925 12.41631872975599 29.079633452421614
481 45707.0 7203.0 47.88304616648615 12.41303418256096 29.06646837145734
482 45725.0 7206.0 47.89301660827386 12.41287305216944 29.060312162753892
483 45699.0 7206.0 47.89301660827386 12.406110839875927 29.045150426007687
484 45708.0 7212.0 47.9129512674548 12.398776870773235 29.017137693067987
485 45695.0 7206.0 47.89301660827386 12.405070458373121 29.042817666594065
486 45706.0 7206.0 47.89301660827386 12.40793148110346 29.049232636582843
487 45693.0 7212.0 47.9129512674548 12.394878136065662 29.00839829467755
488 45699.0 7221.0 47.94283771464882 12.381954343461285 28.962120542283518
489 45681.0 7230.0 47.97270554293146 12.362833678864428 28.90202147534578
490 45680.0 7239.0 48.00255478705754 12.348159301842538 28.851947294680713
491 45696.0 7251.0 48.04232493040555 12.333128724829642 28.795426607599342
492 45695.0 7254.0 48.05226232319575 12.328084609236594 28.77843336675577
493 45697.0 7254.0 48.05226232319575 12.32860197430165 28.779590945512407
494 45719.0 7269.0 48.101918492612896 12.310407723816375 28.71043777398723
495 45717.0 7275.0 48.12176661332247 12.300361874055762 28.676631293337987
496 45734.0 7272.0 48.111843576488795 12.309513148696208 28.70275997536901
497 45743.0 7281.0 48.1416065509262 12.29755094336956 28.659019243036862
498 45746.0 7290.0 48.17135113612482 12.284069475440017 28.611941145420207
499 45753.0 7290.0 48.17135113612482 12.285872639296903 28.615968628089284
500 45718.0 7287.0 48.161438315537076 12.281602283647349 28.61207665046358
501 45718.0 7293.0 48.181261917247305 12.272114152794115 28.579597252724113
502 45720.0 7284.0 48.15152345422449 12.286867096425372 28.629489885414266
503 45718.0 7293.0 48.181261917247305 12.272114152794115 28.579597252724113
504 45709.0 7296.0 48.19117066016281 12.26505825350924 28.558204828173814
505 45709.0 7293.0 48.181261917247305 12.269796372058886 28.574420554318518
506 45722.0 7302.0 48.21098203639954 12.25893680367428 28.533283123251667
507 45729.0 7311.0 48.24068384558509 12.24655921113722 28.48881166792532
508 45713.0 7311.0 48.24068384558509 12.242447164160177 28.47963506134294
509 45728.0 7314.0 48.250580385610334 12.241583002785607 28.472103004061886
510 45724.0 7323.0 48.280257834066084 12.226419247737184 28.42149314182824
511 45728.0 7323.0 48.280257834066084 12.227445854636635 28.42378290439833
512 45752.0 7317.0 48.26047489620048 12.24303080425664 28.469732674916244
513 45744.0 7317.0 48.26047489620048 12.240976314032306 28.46514933288535
514 45741.0 7311.0 48.24068384558509 12.249643136658214 28.495693633196094
515 45736.0 7317.0 48.26047489620048 12.238921782120903 28.460565804854017
516 45732.0 7320.0 48.27036737860349 12.233181771104356 28.442166194192282
517 45751.0 7347.0 48.35930865709631 12.195783241250231 28.30866797296768
518 45744.0 7347.0 48.35930865709631 12.193991631753605 28.304676425849287
519 45742.0 7359.0 48.39878565032924 12.174781377291126 28.239743586173446
520 45731.0 7356.0 48.3889194213713 12.176638298418574 28.24940673609433
521 45726.0 7362.0 48.40864986843846 12.166026877987795 28.214727876123746
522 45730.0 7374.0 48.448086656949336 12.148422047405422 28.153503938716728
523 45738.0 7386.0 48.4874913699758 12.131887360438572 28.09476117677034
524 45740.0 7389.0 48.49733754560171 12.12776117145696 28.080107470391162
525 45733.0 7392.0 48.50718172261279 12.12134604806183 28.06037045710237
526 45730.0 7398.0 48.52686408565552 12.111328738282177 28.027171754005213
527 45736.0 7401.0 48.53670227411659 12.108233482515223 28.014835131703325
528 45739.0 7410.0 48.56620488180942 12.09514924694596 27.96941901849079
529 45733.0 7401.0 48.53670227411659 12.107470274992039 28.013138815535047
530 45748.0 7416.0 48.58586333429706 12.088219898580274 27.9431562074951
531 45751.0 7431.0 48.63497470166658 12.065996756818732 27.866723154612192
532 45765.0 7419.0 48.595689578372514 12.087932434245523 27.937088902099575
533 45768.0 7428.0 48.62515639638805 12.074898673277156 27.89189152221403
534 45763.0 7422.0 48.60551383594349 12.08282336613852 27.92031948295573
535 45740.0 7425.0 48.61533610821431 12.072390058949921 27.891736153204135
536 45731.0 7431.0 48.63497470166658 12.060925883036255 27.85546786160446
537 45707.0 7428.0 48.62515639638805 12.059427174680257 27.85754613265922
538 45713.0 7443.0 48.67422811782385 12.038046002729466 27.783122614597065
539 45720.0 7437.0 48.6546053683395 12.048971103206496 27.818138814115652
540 45718.0 7443.0 48.67422811782385 12.039312096302174 27.78593149457325
541 45717.0 7452.0 48.703647418254086 12.025355327186848 27.738848122650985
542 45733.0 7449.0 48.69384295969108 12.033968594529993 27.763321332511197
543 45745.0 7470.0 48.762432771478046 12.00510472879753 27.66183166048474
544 45724.0 7473.0 48.772223441744664 11.995261025878115 27.63468408799102
545 45737.0 7479.0 48.79179888842561 11.989464449649622 27.611183430588106
546 45709.0 7482.0 48.8015836672041 11.977871539998006 27.58018573497779
547 45709.0 7482.0 48.8015836672041 11.977871539998006 27.58018573497779
548 45716.0 7491.0 48.830926239451735 11.96605973305684 27.538097778878683
549 45721.0 7509.0 48.88955855143391 11.940250160856374 27.44924414271745
550 45718.0 7500.0 48.860251190292 11.953015318184246 27.493334778751645
551 45729.0 7521.0 48.92860772583141 11.924276483124574 27.39285423369266
552 45738.0 7545.0 49.0066127298827 11.890713553563264 27.276786010624527
553 45744.0 7548.0 49.016354626953365 11.887751602250493 27.26502746030869
554 45744.0 7557.0 49.045568707997525 11.87437866125775 27.219879475069586
555 45715.0 7569.0 49.084493768654795 11.849351612849384 27.14389182278953
556 45727.0 7578.0 49.11366731878985 11.839045207297975 27.10563904840274
557 45737.0 7581.0 49.123387985350895 11.837110707023854 27.096208124635076
558 45734.0 7575.0 49.103944727915845 11.845222830043758 27.124431996920773
559 45726.0 7590.0 49.15253845057213 11.821103177583042 27.045454272067396
560 45744.0 7584.0 49.13310672874115 11.834429863683587 27.085136362642434
561 45720.0 7584.0 49.13310672874115 11.828447637919078 27.071948904711885
562 45707.0 7578.0 49.11366731878985 11.834056525061419 27.094638443752718
563 45706.0 7599.0 49.181671638026145 11.802889415829283 26.98989846266389
564 45711.0 7590.0 49.15253845057213 11.817366658306772 27.037219309074434
565 45703.0 7605.0 49.20108417939312 11.793337747879612 26.958602088316702
566 45695.0 7605.0 49.20108417939312 11.791348160346368 26.954219978136255
567 45705.0 7611.0 49.22048906446207 11.785042138979504 26.93009607051817
568 45712.0 7623.0 49.259275901895236 11.769230675249547 26.87486929043898
569 45716.0 7620.0 49.24958205630262 11.774606935810786 26.891800353245515
570 45709.0 7623.0 49.259275901895236 11.76848608557946 26.873230689167247
571 45700.0 7635.0 49.29803222252631 11.74875446140975 26.809472646863547
572 45713.0 7620.0 49.24958205630262 11.773862105598456 26.890161015763756
573 45712.0 7626.0 49.2689678401891 11.76485060907893 26.860136705282184
574 45727.0 7629.0 49.27865787230958 11.76419402707604 26.853601812546913
575 45712.0 7635.0 49.29803222252631 11.751728898362094 26.816014945720102
576 45710.0 7647.0 49.336758098272405 11.7337812337403 26.75627441141646
577 45717.0 7653.0 49.356109641710525 11.726805263808119 26.73083037624017
578 45709.0 7656.0 49.36578256872974 11.720477156740074 26.71187548616544
579 45706.0 7662.0 49.38512273894036 11.71104667824849 26.68107297549017
580 45715.0 7659.0 49.3754536007686 11.717614346837617 26.700541186460836
581 45705.0 7665.0 49.39478998435722 11.706459902949545 26.665962947881578
582 45707.0 7677.0 49.4334400606812 11.689625185536556 26.60890254050755
583 45721.0 7683.0 49.45275377115074 11.684430753328547 26.587479996788765
584 45718.0 7695.0 49.491358580910564 11.666431406171121 26.527998089594323
585 45706.0 7695.0 49.491358580910564 11.663476643635418 26.52151673469887
586 45703.0 7698.0 49.50100507911754 11.658431783772716 26.505466396420893
587 45704.0 7704.0 49.52029243815028 11.65007449321017 26.47718289773136
588 45703.0 7704.0 49.52029243815028 11.64982850228596 26.476643518929567
589 45690.0 7704.0 49.52029243815028 11.646630570698312 26.469631377109188
590 45695.0 7710.0 49.5395722879904 11.639270596778134 26.443558804237387
591 45708.0 7719.0 49.56847800218078 11.629600771914543 26.40749220209849
592 45710.0 7728.0 49.597366869908875 11.617252765291877 26.365605098481094
593 45707.0 7722.0 49.578109495131336 11.625072720334906 26.392621499308806
594 45730.0 7719.0 49.56847800218078 11.635003462480341 26.4193301274583
595 45741.0 7722.0 49.578109495131336 11.633419487243744 26.410907558522215
596 45737.0 7743.0 49.64547762607477 11.602526815311252 26.308717643895307
597 45759.0 7755.0 49.68393268809643 11.59088139697169 26.263590678723315
598 45746.0 7752.0 49.67432171350451 11.591954620470899 26.270843936473298
599 45742.0 7743.0 49.64547762607477 11.60375141084231 26.311397845942025
600 45754.0 7749.0 49.664708879023884 11.598168492332622 26.289348630324724
601 45719.0 7755.0 49.68393268809643 11.581097513409716 26.242188842820212
602 45700.0 7749.0 49.664708879023884 11.584951206470619 26.260427770145355
603 45713.0 7749.0 49.664708879023884 11.588133287959655 26.267390822190066
604 45728.0 7752.0 49.67432171350451 11.587550404545148 26.261208549713015
605 45709.0 7749.0 49.664708879023884 11.587154195572188 26.26524838669142
606 45703.0 7746.0 49.655094183574384 11.589940893134333 26.27625662626722
607 45719.0 7758.0 49.69354180387878 11.576849752532944 26.22799920207185
608 45744.0 7770.0 49.73195970045876 11.565993206177332 26.18470681558195
609 45742.0 7776.0 49.75115752387231 11.557038037294388 26.155381050573816
610 45715.0 7779.0 49.76075365811603 11.546222131892641 26.126876652719137
611 45709.0 7773.0 49.741559538343836 11.553213929056193 26.151895727093194
612 45677.0 7773.0 49.741559538343836 11.54540147301153 26.13481851004622
613 45662.0 7773.0 49.741559538343836 11.541739198155321 26.12681275101114
614 45672.0 7767.0 49.72235800914416 11.552642155315167 26.160397476235
615 45660.0 7779.0 49.76075365811603 11.532803137604546 26.09755174179632
616 45666.0 7782.0 49.770347942145825 11.530047149794592 26.08667087638733
617 45662.0 7788.0 49.789530963841806 11.520641010014355 26.05641621345512
618 45664.0 7803.0 49.837456214097834 11.500102625350674 25.9873805860839
619 45674.0 7809.0 49.856613414964535 11.494144573303178 25.964731059065475
620 45664.0 7806.0 49.84703573484255 11.495906187330506 25.973396126818145
621 45677.0 7800.0 49.827874851668795 11.507466568281815 26.008286276008345
622 45675.0 7791.0 49.79911970364449 11.519597881925105 26.049291812264578
623 45655.0 7791.0 49.79911970364449 11.514724419290951 26.03864696445891
624 45671.0 7788.0 49.789530963841806 11.522834781506242 26.0612085886078
625 45673.0 7800.0 49.827874851668795 11.506492856090363 26.00616036003974
626 45705.0 7821.0 49.89490575042132 11.484925010642758 25.92537056311013
627 45693.0 7833.0 49.93316872057723 11.465302676535963 25.86340227687765
628 45674.0 7848.0 49.98095624105635 11.43988160112935 25.78412849882698
629 45679.0 7857.0 50.00960683454773 11.428638027333268 25.74536637803929
630 45681.0 7869.0 50.04778211249974 11.412555463396613 25.69138114264762
631 45687.0 7875.0 50.06685883593409 11.405738012467646 25.667083348444187
632 45681.0 7866.0 50.03824102345823 11.416692780967697 25.705123438570023
633 45685.0 7875.0 50.06685883593409 11.405255135011693 25.66603267751902
634 45684.0 7887.0 50.104990493278784 11.388514678747692 25.61074344077667
635 45706.0 7896.0 50.1335702030806 11.381469613955112 25.581311092314998
636 45712.0 7905.0 50.16213362968989 11.370589206596803 25.543583655188925
637 45712.0 7908.0 50.17165115821301 11.366486290935388 25.52998356987408
638 45711.0 7896.0 50.1335702030806 11.382673998170167 25.583929041690123
639 45724.0 7893.0 50.12404544376541 11.389920485468242 25.604384294284202
640 45725.0 7905.0 50.16213362968989 11.373717481806585 25.550380620599075
641 45713.0 7908.0 50.17165115821301 11.366726852127035 25.530506185068205
642 45721.0 7914.0 50.19068080090685 11.360452527092699 25.507516801451832
643 45735.0 7917.0 50.20019291713002 11.35972180789048 25.501254830426863
644 45717.0 7923.0 50.21921174445267 11.347214736477993 25.46476140042744
645 45729.0 7929.0 50.238223371764214 11.341924733825763 25.44395788293768
646 45730.0 7932.0 50.24772648796986 11.338082868136551 25.430965474056777
647 45727.0 7938.0 50.266727330580515 11.32920819078335 25.402412331465765
648 45724.0 7953.0 50.31419804408779 11.308151569671912 25.333575143042022
649 45729.0 7971.0 50.37110384705695 11.28503297785584 25.25580198673977
650 45734.0 7950.0 50.30470748509662 11.314608073936302 25.352200102969235
651 45733.0 7953.0 50.31419804408779 11.310306018395481 25.338245960287292
652 45744.0 7956.0 50.323686813251655 11.308878504771634 25.330528191607847
653 45725.0 7944.0 50.285720993578614 11.320585219363254 25.374426990974545
654 45746.0 7953.0 50.31419804408779 11.313417930184244 25.344992394090763
655 45735.0 7962.0 50.34265898614555 11.298613169278264 25.299045106975424
656 45744.0 7974.0 50.380581898480955 11.284572616507603 25.250205898218056
657 45712.0 7959.0 50.33317379360048 11.297165303210821 25.300521018447753
658 45730.0 7968.0 50.36162401186487 11.289317642159695 25.269686440854123
659 45726.0 7968.0 50.36162401186487 11.28836166011088 25.26761529008379
660 45743.0 7974.0 50.380581898480955 11.284333783357601 25.249688619158487
661 45740.0 7980.0 50.39953265404997 11.275538030782945 25.22145402774686
662 45745.0 7977.0 50.39005816714343 11.280770059523542 25.237375038716614
663 45721.0 7974.0 50.380581898480955 11.279079331881674 25.238307950608295
664 45719.0 7980.0 50.39953265404997 11.270525641539836 25.210600540548352
665 45707.0 7998.0 50.4563422148094 11.243504839944777 25.12466387629259
666 45723.0 8010.0 50.49417974709722 11.23126200321842 25.07996102603712
667 45740.0 8013.0 50.50363470078876 11.231298417011622 25.075492922559192
668 45737.0 8019.0 50.52253929987899 11.222577327215559 25.047556906865488
669 45755.0 8025.0 50.54143682786353 11.218856014600707 25.030445959250937
670 45755.0 8028.0 50.550882942669475 11.214860348598553 25.017283442493262
671 45762.0 8043.0 50.5980870643963 11.196582044084405 24.955217592806196
672 45753.0 8040.0 50.588649763733336 11.198430505080875 24.963718651128474
673 45737.0 8043.0 50.5980870643963 11.190655508796299 24.942421766276485
674 45745.0 8049.0 50.61695638709751 11.18459738820533 24.92033816234103
675 45751.0 8043.0 50.5980870643963 11.193974404631865 24.949587584906794
676 45745.0 8058.0 50.64524718933639 11.172685616629428 24.881152026627724
677 45754.0 8061.0 50.654673945525865 11.170849833057767 24.87270551379438
678 45762.0 8058.0 50.64524718933639 11.176709141083371 24.88983314282556
679 45748.0 8058.0 50.64524718933639 11.173395660130451 24.882684030485795
680 45743.0 8070.0 50.682943694138274 11.156368087408937 24.82803595924229
681 45729.0 8076.0 50.70178143635876 11.145154856711516 24.79492331963071
682 45718.0 8073.0 50.69236344028302 11.146506042831149 24.802300963914004
683 45718.0 8082.0 50.72061218220258 11.134664729860695 24.763392963004826
684 45715.0 8079.0 50.71119768334056 11.137900679253883 24.77482426469089
685 45735.0 8076.0 50.70178143635876 11.146572244123632 24.79797909633986
686 45723.0 8073.0 50.69236344028302 11.147687605636715 24.80484872478517
687 45702.0 8070.0 50.682943694138274 11.146676191963637 24.807134918086934
688 45721.0 8088.0 50.73943593945935 11.127491647102698 24.739033157733562
689 45711.0 8088.0 50.73943593945935 11.125132297625658 24.733949191112554
690 45736.0 8118.0 50.833450168565314 11.091771714024562 24.617832986610022
691 45735.0 8130.0 50.87100721112388 11.07590721626981 24.566094986339625
692 45737.0 8142.0 50.9085365465206 11.060789023252578 24.516040271219634
693 45730.0 8133.0 50.88039214012378 11.070832480156138 24.550788945136993
694 45734.0 8124.0 50.85223215707562 11.083481600855425 24.59118423359128
695 45726.0 8133.0 50.88039214012378 11.069893293810233 24.54876933982764
696 45722.0 8133.0 50.88039214012378 11.068954100261655 24.54674970354123
697 45715.0 8145.0 50.917914558306244 11.051739652515908 24.492212667641272
698 45706.0 8136.0 50.88977533838523 11.061301294132855 24.525906491989243
699 45715.0 8130.0 50.87100721112388 11.071209752718246 24.555992234529892
700 45724.0 8148.0 50.92729084317687 11.04996330101312 24.484022189055647
701 45723.0 8142.0 50.9085365465206 11.057505040229701 24.508981373508004
702 45722.0 8151.0 50.93666540208613 11.045610364178133 24.47029915605526
703 45707.0 8151.0 50.93666540208613 11.042095083691477 24.462745943209185
704 45701.0 8142.0 50.9085365465206 11.05234431792961 24.497888056662806
705 45710.0 8160.0 50.964778732569144 11.031164207177241 24.426181131501192
706 45691.0 8172.0 51.002239067456024 11.011245813259196 24.366022435081497
707 45692.0 8169.0 50.99287656364746 11.015343301429946 24.379160004107064
708 45701.0 8169.0 50.99287656364746 11.017448498905667 24.38367986624625
709 45700.0 8172.0 51.002239067456024 11.013350342128632 24.370540256017605
710 45698.0 8181.0 51.030316272482494 11.0013059020107 24.331687745937483
711 45701.0 8178.0 51.02095892092817 11.005863296680863 24.345798108544095
712 45708.0 8190.0 51.05837803774465 10.992086224721039 24.298938362204805
713 45711.0 8202.0 51.09576975131553 10.977413824265602 24.250232297123873
714 45712.0 8211.0 51.12379558928607 10.966144218684958 24.213183414112994
715 45712.0 8211.0 51.12379558928607 10.966144218684958 24.213183414112994
716 45729.0 8211.0 51.12379558928607 10.97010280130982 24.221665957734814
717 45726.0 8205.0 51.1051134050009 10.977072212980273 24.245197532828755
718 45741.0 8229.0 51.179801224764574 10.949947759174268 24.15279323340656
719 45742.0 8232.0 51.18912954002017 10.946364134200161 24.140849621286524
720 45733.0 8220.0 51.151806072031896 10.959549878303033 24.186191181524208
721 45722.0 8223.0 51.16113949170123 10.95316873085028 24.168242838201664
722 45727.0 8223.0 51.16113949170123 10.954331529272462 24.170733137677388
723 45741.0 8220.0 51.151806072031896 10.961410904709362 24.19017728493563
724 45738.0 8241.0 51.217104291834175 10.934002853427513 24.10160035963863
725 45732.0 8244.0 51.226425814214004 10.928805046750956 24.086221945027905
726 45748.0 8265.0 51.291629037388056 10.905944210542215 24.0076349826045
727 45739.0 8274.0 51.319547915825254 10.892511712090714 23.96625388916356
728 45759.0 8280.0 51.338152066487424 10.88958138432989 23.951560738809953
729 45761.0 8289.0 51.36604565836698 10.878727625357818 23.915756413415778
730 45754.0 8292.0 51.37534015688842 10.873344630797776 23.90006260238331
731 45769.0 8301.0 51.40321356891655 10.865519580821537 23.870777532811307
732 45770.0 8304.0 51.41250134811764 10.861992508312742 23.859063503921096
733 45782.0 8316.0 51.44963569846149 10.849749702162216 23.816230205903587
734 45752.0 8310.0 51.43107187476556 10.850337097637437 23.8258340104455
735 45769.0 8313.0 51.440354624028906 10.85050397674228 23.822013211675372
736 45748.0 8304.0 51.41250134811764 10.856920158792706 23.848240771981544
737 45759.0 8301.0 51.40321356891655 10.863213258873554 23.86585597444831
738 45767.0 8307.0 51.421787449764416 10.857545839722263 23.84539214154401
739 45772.0 8304.0 51.41250134811764 10.862453620960432 23.860047345816355
740 45758.0 8292.0 51.37534015688842 10.874268049293956 23.902033955222496
741 45764.0 8298.0 51.393924111251664 10.868126179129593 23.880531548293416
742 45768.0 8307.0 51.421787449764416 10.857776324607345 23.845883846487155
743 45750.0 8313.0 51.440354624028906 10.846127468670671 23.812678985377786
744 45732.0 8307.0 51.421787449764416 10.849478605673461 23.828181346065254
745 45742.0 8295.0 51.384632974212664 10.866811202824252 23.88191860638163
746 45736.0 8301.0 51.40321356891655 10.857908559515886 23.854535712131863
747 45750.0 8325.0 51.477468881832735 10.831157075678542 23.764089753158363
748 45729.0 8328.0 51.48674326599624 10.822590926524137 23.741672834315878
749 45736.0 8334.0 51.5052870243018 10.816737457646841 23.720894688522005
750 45742.0 8337.0 51.51455640024733 10.81438807161516 23.711741827737324
751 45751.0 8343.0 51.53309015022644 10.809005167716869 23.691990140382803
752 45744.0 8355.0 51.57013766770039 10.792527696086617 23.640375177922337
753 45729.0 8355.0 51.57013766770039 10.789087649393155 23.633051854543783
754 45730.0 8361.0 51.58865144954532 10.781898641929708 23.609509042496246
755 45729.0 8361.0 51.58865144954532 10.781669447099159 23.609021248650873
756 45740.0 8367.0 51.60715858967413 10.776780545951059 23.590390318072824
757 45718.0 8364.0 51.597905849377504 10.775443634032914 23.591657098039516
758 45719.0 8376.0 51.63490686227129 10.760878270925794 23.544247555005654
759 45721.0 8388.0 51.67188137962113 10.74657976593049 23.49747673262927
760 45730.0 8397.0 51.69959491413149 10.737593057317923 23.466136191412946
761 45745.0 8406.0 51.727293600776605 10.729992844211559 23.43777702840243
762 45759.0 8415.0 51.75497746339572 10.722179885889785 23.409000176068815
763 45761.0 8424.0 51.782646525764335 10.711650401086631 23.37449284641008
764 45740.0 8427.0 51.79186626170951 10.70321368481111 23.352544829248536
765 45744.0 8439.0 51.82872880464087 10.689525052959745 23.307362501044086
766 45711.0 8427.0 51.79186626170951 10.696612780691922 23.338537900582484
767 45697.0 8418.0 51.76420212748526 10.704390376285945 23.367180148611308
768 45699.0 8418.0 51.76420212748526 10.704846061393763 23.368147538859578
769 45716.0 8430.0 51.80108435669427 10.694099535562657 23.32916628838485
770 45723.0 8442.0 51.837940344534914 10.68110883362665 23.285487678388307
771 45716.0 8445.0 51.84715024784016 10.675878561063792 23.27037481124257
772 45719.0 8457.0 51.883973512601344 10.662025341516625 23.224954009572023
773 45714.0 8454.0 51.87477014693913 10.664520578947421 23.234251048892954
774 45720.0 8457.0 51.883973512601344 10.662252249642906 23.225434855378918
775 45723.0 8478.0 51.94835141817474 10.63758625987753 23.145217196416755
776 45723.0 8487.0 51.97591753920109 10.626758753597853 23.110360027489598
777 45732.0 8490.0 51.98510299788183 10.625189424769118 23.10306580478814
778 45721.0 8478.0 51.94835141817474 10.637133437308266 23.14425852361069
779 45726.0 8481.0 51.95754175020917 10.634653757795691 23.135026182852084
780 45715.0 8484.0 51.96673045693062 10.628555401966144 23.118138476851108
781 45707.0 8484.0 51.96673045693062 10.626745208308844 23.114307072488725
782 45721.0 8496.0 52.00346904791531 10.6155004092638 23.0746304045714
783 45714.0 8502.0 52.0218286139058 10.606727219157431 23.048151833414224
784 45724.0 8520.0 52.07686847618525 10.587463720997755 22.983740407035043
785 45705.0 8511.0 52.04935582031965 10.59392708357157 23.009229860953784
786 45705.0 8514.0 52.05852832119627 10.590342590914188 22.997707244088463
787 45705.0 8517.0 52.06769920620024 10.586760426788258 22.98619383140102
788 45685.0 8520.0 52.07686847618525 10.578671880558659 22.965161833984148
789 45711.0 8532.0 52.11352942298288 10.570235359552452 22.93161760087221
790 45700.0 8553.0 52.1776240981703 10.542831991342107 22.846377067842187
791 45694.0 8547.0 52.15931937068254 10.548593545446915 22.86634461425104
792 45691.0 8547.0 52.15931937068254 10.54791912682851 22.864921164081874
793 45708.0 8553.0 52.1776240981703 10.54462928944279 22.850169405935848
794 45707.0 8547.0 52.15931937068254 10.55151598696845 22.872512733021544
795 45696.0 8553.0 52.1776240981703 10.541933333277571 22.8444808607549
796 45682.0 8556.0 52.18677405424207 10.53523749985228 22.82645415951152
797 45701.0 8562.0 52.205069155261306 10.532408123888072 22.812696941716233
798 45695.0 8571.0 52.232499791617 10.520434763116187 22.775787500899483
799 45690.0 8586.0 52.27818553444665 10.501649938428157 22.716827522178956
800 45676.0 8592.0 52.296448656587856 10.491467734468324 22.68765324830435
801 45679.0 8610.0 52.351199795634464 10.471049659725908 22.621569129429513
802 45687.0 8613.0 52.3603194193942 10.469328942250712 22.61410962871
803 45694.0 8604.0 52.332955780514965 10.481422710174314 22.651090275670878
804 45715.0 8613.0 52.3603194193942 10.475580654681211 22.627265352505997
805 45707.0 8628.0 52.405893733374555 10.456283791482337 22.567518146359394
806 45724.0 8625.0 52.396782041793315 10.463572327310784 22.586670983690965
807 45728.0 8634.0 52.42411236550266 10.453973803347436 22.555020358369042
808 45751.0 8628.0 52.405893733374555 10.466092297359102 22.588143702802668
809 45738.0 8628.0 52.405893733374555 10.463194403076825 22.582050096936886
810 45746.0 8640.0 52.44232466841979 10.450998945333616 22.541136053995565
811 45731.0 8634.0 52.42411236550266 10.454642151824759 22.556425396990107
812 45720.0 8640.0 52.44232466841979 10.44521019809809 22.528969985274298
813 45707.0 8652.0 52.478730312976865 10.428383524937798 22.478395907866275
814 45725.0 8652.0 52.478730312976865 10.432386289927015 22.486804116978906
815 45721.0 8658.0 52.49692366776609 10.4245421780904 22.462737211457362
816 45735.0 8664.0 52.51511071964299 10.420705842782315 22.4471016626738
817 45743.0 8670.0 52.53329147515378 10.415542782285963 22.428694183133338
818 45744.0 8685.0 52.57871586018645 10.39845371502966 22.37396752911824
819 45733.0 8685.0 52.57871586018645 10.396015937634543 22.368854504470804
820 45745.0 8691.0 52.59687462980405 10.391766279331845 22.352415725121602
821 45736.0 8700.0 52.62410103554244 10.379427779984317 22.31528158893372
822 45734.0 8703.0 52.63317337437987 10.37554137136618 22.303386845183944
823 45744.0 8694.0 52.605951664064364 10.388093657185237 22.340956213046642
824 45754.0 8694.0 52.605951664064364 10.390307739126749 22.345598102208033
825 45766.0 8703.0 52.63317337437987 10.382619898388734 22.318221172963767
826 45786.0 8709.0 52.65131336229546 10.380155623903939 22.3055621485615
827 45775.0 8718.0 52.67851163188162 10.367410445714155 22.26764456420103
828 45762.0 8724.0 52.69663601281765 10.357676305855367 22.23979779151593
829 45755.0 8724.0 52.69663601281765 10.356131219865617 22.23656287806124
830 45764.0 8730.0 52.7147541622314 10.35126325041645 22.218921505446076
831 45764.0 8733.0 52.72381090212509 10.347839272365771 22.208034058970014
832 45757.0 8751.0 52.77811870457636 10.32580029518874 22.1396662184353
833 45744.0 8757.0 52.79620889146734 10.31612605506086 22.112042951134125
834 45748.0 8751.0 52.77811870457636 10.323819203412606 22.135523426791917
835 45755.0 8754.0 52.78716457296133 10.321951904581443 22.127919545455033
836 45762.0 8763.0 52.81429288202728 10.313279395455432 22.098708599019016
837 45732.0 8769.0 52.83237068261901 10.299890023417657 22.06335662400418
838 45730.0 8775.0 52.85044229959446 10.29266571801609 22.04090615761935
839 45735.0 8787.0 52.88656700805006 10.28021842927644 22.00023213814398
840 45742.0 8790.0 52.89559433029863 10.278372261538289 21.992715130414766
841 45743.0 8781.0 52.86850773929473 10.288742390211269 22.02536564261173
842 45747.0 8790.0 52.89559433029863 10.279468520922418 21.99500361847005
843 45745.0 8778.0 52.8594757912081 10.292569349331874 22.037030359513654
844 45740.0 8787.0 52.88656700805006 10.28131503497339 22.00252168150601
845 45733.0 8805.0 52.940707851787145 10.259527010975255 21.935118320299335
846 45727.0 8802.0 52.931688223499215 10.261583192735944 21.943055641102685
847 45720.0 8808.0 52.94972594364232 10.253313877241968 21.91851308445972
848 45724.0 8802.0 52.931688223499215 10.260926219260984 21.941684877175604
849 45723.0 8802.0 52.931688223499215 10.260707227425561 21.941227953041047
850 45713.0 8805.0 52.940707851787145 10.255148505041502 21.92598383379516
851 45709.0 8802.0 52.931688223499215 10.257641306185366 21.93483086683062
852 45725.0 8805.0 52.940707851787145 10.257775624831751 21.931464593415985
853 45714.0 8811.0 52.958742499849635 10.248636123116645 21.9051155194912
854 45723.0 8808.0 52.94972594364232 10.253970454635096 21.91988266260614
855 45717.0 8817.0 52.97677100845693 10.242569309003084 21.885191478267558
856 45744.0 8817.0 52.97677100845693 10.248473029036543 21.89750112907724
857 45736.0 8817.0 52.97677100845693 10.24672380423015 21.893853931779876
858 45741.0 8814.0 52.96775752119331 10.251179205472793 21.906780615641285
859 45747.0 8826.0 53.00380227359294 10.239054129945147 21.866973381071382
860 45760.0 8835.0 53.030819760152596 10.23183560404293 21.841063215930365
861 45767.0 8826.0 53.00380227359294 10.243423088701016 21.87607891515666
862 45766.0 8841.0 53.0488237734909 10.226449288580186 21.822610845162572
863 45755.0 8835.0 53.030819760152596 10.230744360797887 21.838789825758827
864 45743.0 8823.0 52.99479338387485 10.24153621835233 21.8757749417993
865 45743.0 8841.0 53.0488237734909 10.22143259577796 21.812162309157603
866 45752.0 8844.0 53.05782348918437 10.220051866764843 21.805675880523783
867 45741.0 8838.0 53.03982253073951 10.224341538355663 21.821834812733783
868 45729.0 8832.0 53.02181546095191 10.228418375784935 21.837562817605424
869 45715.0 8826.0 53.00380227359294 10.23206351695913 21.852403363655675
870 45729.0 8832.0 53.02181546095191 10.228418375784935 21.837562817605424
871 45732.0 8829.0 53.012809632358554 10.232424276725322 21.849531586326002
872 45735.0 8832.0 53.02181546095191 10.229728316885462 21.840292294271915
873 45734.0 8832.0 53.02181546095191 10.229509994204758 21.839837384978257
874 45736.0 8841.0 53.0488237734909 10.219905741236417 21.808982174173558
875 45736.0 8850.0 53.0758183425046 10.209883831252194 21.77729112315657
876 45711.0 8859.0 53.10279918895238 10.194437596633927 21.734345427646677
877 45697.0 8859.0 53.10279918895238 10.191389279929998 21.72800115182824
878 45708.0 8868.0 53.12976633374041 10.183805848160985 21.701458815356748
879 45720.0 8880.0 53.165701249132994 10.173137665287573 21.664957715815596
880 45706.0 8880.0 53.165701249132994 10.170095851690242 21.658632997183307
881 45728.0 8892.0 53.20161189236908 10.161628457884765 21.62676339254041
882 45722.0 8889.0 53.19263650438579 10.163634749089326 21.634496392891442
883 45729.0 8889.0 53.19263650438579 10.165154246402942 21.637654492727172
884 45712.0 8889.0 53.19263650438579 10.161464010881065 21.629984706303873
885 45714.0 8898.0 53.21955812728409 10.151980993840375 21.5995996983102
886 45726.0 8901.0 53.22852897574684 10.151281144321175 21.59459123814314
887 45724.0 8892.0 53.20161189236908 10.160760437087855 21.624959554399393
888 45719.0 8886.0 53.183659601696874 10.166293737458307 21.64358915941529
889 45740.0 8886.0 53.183659601696874 10.170853581994157 21.65306748233062
890 45750.0 8889.0 53.19263650438579 10.169712642305573 21.647128393030545
891 45750.0 8889.0 53.19263650438579 10.169712642305573 21.647128393030545
892 45753.0 8892.0 53.20161189236908 10.167053469594302 21.638036889368713
893 45737.0 8895.0 53.21058576641323 10.160274253889433 21.62038830706655
894 45742.0 8895.0 53.21058576641323 10.161358929654252 21.622642029429432
895 45741.0 8889.0 53.19263650438579 10.167759061703146 21.64306822337366
896 45769.0 8913.0 53.2643972607982 10.147403600190229 21.572341160818002
897 45755.0 8907.0 53.2464661385056 10.150966143448853 21.586833444053784
898 45752.0 8913.0 53.2643972607982 10.14372250109398 21.564699009748562
899 45748.0 8916.0 53.27336055867583 10.139562888565694 21.55252131212588
900 45746.0 8910.0 53.255432454328776 10.145718659706858 21.57238880395223
901 45753.0 8916.0 53.27336055867583 10.140645253983816 21.55476809140676
902 45753.0 8931.0 53.31815444581174 10.124207246395718 21.502985786762935
903 45753.0 8931.0 53.31815444581174 10.124207246395718 21.502985786762935
904 45753.0 8937.0 53.33606146712126 10.117646437004206 21.482328727057755
905 45757.0 8946.0 53.36291073208236 10.10868387733244 21.453192377078768
906 45745.0 8946.0 53.36291073208236 10.10609402648897 21.447823539386032
907 45733.0 8952.0 53.38080273953638 10.096966400059545 21.42188466694485
908 45742.0 8940.0 53.34501272361915 10.111993635672524 21.467086365583402
909 45740.0 8934.0 53.32710870810442 10.118116739823838 21.486826824664142
910 45728.0 8937.0 53.33606146712126 10.11224594929109 21.47112869144068
911 45726.0 8949.0 53.37185748555827 10.098723904286976 21.42903496948942
912 45725.0 8958.0 53.39868875201335 10.088712289650028 21.397773236258473
913 45719.0 8958.0 53.39868875201335 10.087418867996897 21.395093252872012
914 45716.0 8961.0 53.40762951201774 10.083511529725968 21.38349929534497
915 45700.0 8976.0 53.452310879752474 10.063795926384138 21.32521938022717
916 45700.0 8982.0 53.470172972441446 10.057303137528043 21.30481990480473
917 45733.0 8985.0 53.479101781549765 10.061154422867364 21.30931455431369
918 45734.0 9000.0 53.52372348458314 10.045171897547014 21.258903876618927
919 45720.0 8997.0 53.5148021204934 10.045401177462972 21.262841382370844
920 45724.0 8988.0 53.48802910016325 10.055976662195084 21.29512553438929
921 45710.0 9015.0 53.56830801833182 10.0238804497233 21.197610986451465
922 45716.0 9006.0 53.54156175319523 10.034845355113722 21.230631949250792
923 45702.0 9009.0 53.55047865920314 10.028614409965881 21.214295658971363
924 45726.0 9018.0 53.577220472934435 10.02408705217022 21.194591622327383
925 45745.0 9027.0 53.603948945773375 10.018497885286374 21.172717874414033
926 45731.0 9033.0 53.62176052591132 10.009072260341103 21.146379738041933
927 45726.0 9042.0 53.64846680823074 9.998375654619437 21.114010317213125
928 45742.0 9051.0 53.675159802738264 9.992183852095886 21.090970157686204
929 45743.0 9033.0 53.62176052591132 10.011639706540416 21.15168168076008
930 45734.0 9036.0 53.63066409766648 10.006502682828295 21.137642617923408
931 45726.0 9042.0 53.64846680823074 9.998375654619437 21.114010317213125
932 45726.0 9036.0 53.63066409766648 10.004791546982347 21.13410944680711
933 45727.0 9039.0 53.63956619152772 10.00179643550753 21.124497501298656
934 45727.0 9042.0 53.64846680823074 9.998589419725716 21.114451586245398
935 45738.0 9051.0 53.675159802738264 9.99132957486942 21.089207436932217
936 45757.0 9054.0 53.68405451815316 9.992186355220745 21.087559202604243
937 45752.0 9054.0 53.68405451815316 9.991118849922158 21.085356844746716
938 45754.0 9066.0 53.71961865224144 9.978762438335869 21.046232540950133
939 45747.0 9093.0 53.79955199691916 9.948626327013823 20.953599333401026
940 45747.0 9096.0 53.80842614988623 9.945453542381216 20.943686581214102
941 45751.0 9105.0 53.83503983191073 9.936796611434328 20.915742559526112
942 45763.0 9126.0 53.89708731752833 9.917224679213689 20.851947350703146
943 45770.0 9144.0 53.95021407987722 9.899820698866433 20.796103067508675
944 45757.0 9135.0 53.92365724140869 9.906502652693282 20.819857693507217
945 45779.0 9135.0 53.92365724140869 9.91116196329455 20.829435641817685
946 45779.0 9147.0 53.95906345483707 9.898583296647379 20.79022457185505
947 45784.0 9162.0 54.003288577788396 9.883959427802825 20.743545781168486
948 45771.0 9153.0 53.976757852248184 9.890614275035231 20.76718967813417
949 45758.0 9159.0 53.994446451068825 9.881598503861568 20.742020866980166
950 45761.0 9162.0 54.003288577788396 9.87910134697028 20.73357120732544
951 45761.0 9156.0 53.98560287612603 9.885365305535405 20.75308117961475
952 45747.0 9153.0 53.976757852248184 9.885540368468078 20.75676763203896
953 45755.0 9156.0 53.98560287612603 9.884097203170572 20.750476778723634
954 45741.0 9153.0 53.976757852248184 9.884271865411144 20.754162011998318
955 45721.0 9144.0 53.95021407987722 9.88945205548217 20.774796500851103
956 45733.0 9135.0 53.92365724140869 9.90141960520057 20.809408351643697
957 45719.0 9150.0 53.96791137872287 9.882754749816403 20.7543733281024
958 45717.0 9144.0 53.95021407987722 9.888605604399153 20.77305706099822
959 45735.0 9162.0 54.003288577788396 9.873609417112785 20.722294837047436
960 45712.0 9171.0 54.029806275717334 9.859378653338197 20.68313655227848
961 45722.0 9171.0 54.029806275717334 9.861489148020521 20.68746841255365
962 45718.0 9186.0 54.07397354073678 9.845060720412263 20.637239651716538
963 45715.0 9201.0 54.1181047596556 9.828892817787754 20.587632327284954
964 45703.0 9219.0 54.17101476554013 9.807791866992957 20.52473668764121
965 45694.0 9210.0 54.14456622554762 9.815179059836682 20.549686601386398
966 45695.0 9231.0 54.20625941127622 9.793767239323854 20.482965512268315
967 45721.0 9228.0 54.19745039855676 9.80230708581528 20.503708890124678
968 45732.0 9237.0 54.223873143475046 9.795364721295922 20.479722007964387
969 45734.0 9231.0 54.20625941127622 9.801949698319403 20.499715905715306
970 45720.0 9222.0 54.1798280763876 9.808272392180184 20.52245298038102
971 45695.0 9216.0 54.162200020584606 9.809202145867351 20.5308950260232
972 45713.0 9237.0 54.223873143475046 9.791380787296704 20.471568702573904
973 45695.0 9231.0 54.20625941127622 9.793767239323854 20.482965512268315
974 45716.0 9231.0 54.20625941127622 9.798173232511441 20.491985174869544
975 45704.0 9240.0 54.23267786434878 9.786415483153894 20.458154902058297
976 45712.0 9255.0 54.27668004429695 9.772727371379926 20.41392891049289
977 45720.0 9258.0 54.28547620026497 9.771333964413225 20.40784162897823
978 45714.0 9255.0 54.27668004429695 9.773145997985278 20.414784980805624
979 45716.0 9264.0 54.303064237726375 9.764367235039973 20.387130025636825
980 45733.0 9267.0 54.311856120603984 9.764859251646866 20.384904578455405
981 45726.0 9273.0 54.329435618109365 9.757276021091958 20.362952411668317
982 45725.0 9267.0 54.311856120603984 9.76318674992378 20.3814862773849
983 45722.0 9279.0 54.34700942921693 9.750328382188163 20.34231338817902
984 45727.0 9288.0 54.373359495942935 9.742217642166274 20.31609965456724
985 45718.0 9291.0 54.38214001428777 9.737292566289733 20.30283235838511
986 45728.0 9312.0 54.44356399193075 9.718094136181216 20.24124370395997
987 45720.0 9309.0 54.43479338148449 9.719463555408337 20.24723130263304
988 45728.0 9318.0 54.461100975472036 9.712029494523257 20.222493432524566
989 45711.0 9309.0 54.43479338148449 9.71758967245176 20.24340841531699
990 45714.0 9312.0 54.44356399193075 9.715180082238549 20.235299602820298
991 45703.0 9312.0 54.44356399193075 9.71289043057943 20.230629083236828
992 45708.0 9312.0 54.44356399193075 9.71393118546186 20.232752063525933
993 45695.0 9315.0 54.45233318969914 9.708193982123296 20.217859570768088
994 45706.0 9324.0 54.47863231375825 9.701398293102073 20.19444616085291
995 45725.0 9327.0 54.48739586763361 9.702322752942464 20.19314944699632
996 45711.0 9333.0 54.50491874824985 9.693368680759678 20.16854357883015
997 45720.0 9330.0 54.49615801223759 9.698259948882445 20.1816888012561
998 45719.0 9336.0 54.513678076349514 9.692010576066835 20.16260202334458
999 45705.0 9336.0 54.513678076349514 9.68910330268233 20.15667793263964
