MCS Volumen AContact r h theta
0 14000.0 0.0 0.0 29.902658734369908 180.0
1 15606.0 60.0 4.370193722368317 30.389044312318827 163.63300623049838
2 17751.0 207.0 8.117274569709014 30.331937864391374 150.0357579092132
3 20295.0 381.0 11.012541334134653 30.27383378262774 140.02083461489255
4 23110.0 594.0 13.750493532712623 30.036691984256368 130.8043454168808
5 25933.0 810.0 16.05711704537494 29.804275041507115 123.3726758321836
6 28800.0 1092.0 18.643883600599406 29.10468425134258 114.71436208935982
7 31467.0 1380.0 20.958712816717327 28.33720378710511 107.02539015358127
8 34072.0 1680.0 23.12489154112443 27.540785650692964 99.96233942059523
9 36349.0 1950.0 24.913937425834398 26.866635351514514 94.31931717854967
10 38279.0 2181.0 26.348318006408824 26.333892058271957 89.96862144082249
11 39920.0 2346.0 27.326818200939037 26.09791933481967 87.3645802568929
12 41283.0 2517.0 28.305228907829047 25.722497194040972 84.52625270344447
13 42293.0 2622.0 28.88959192466898 25.577290358070176 83.03990026638435
14 43074.0 2727.0 29.462366836749506 25.341401545771845 81.39948176891457
15 43631.0 2760.0 29.640095915284455 25.39947913049043 81.18850833490316
16 43989.0 2799.0 29.84877504066842 25.34252663671365 80.66455894953275
17 44286.0 2814.0 29.928648812152996 25.38675696413232 80.61206301624149
18 44503.0 2853.0 30.135329851892358 25.27253909872039 79.9687414277584
19 44655.0 2853.0 30.135329851892358 25.33503261134398 80.10811322159105
20 44789.0 2862.0 30.18282449105797 25.343227664487166 80.03748740014673
21 44874.0 2871.0 30.230244511642027 25.33134324804323 79.92244843730225
22 44954.0 2877.0 30.26181657717801 25.332980671136266 79.867214530738
23 45020.0 2871.0 30.230244511642027 25.39103690762911 80.05525448591412
24 45065.0 2877.0 30.26181657717801 25.378316784944737 79.96807783219133
25 45115.0 2871.0 30.230244511642027 25.429816417084936 80.14139257634423
26 45130.0 2862.0 30.18282449105797 25.48267024313164 80.34727894848888
27 45185.0 2859.0 30.167001253015812 25.520704624078352 80.46116145125958
28 45216.0 2874.0 30.246034663939245 25.455431701511785 80.16874884891116
29 45238.0 2877.0 30.26181657717801 25.448842685596844 80.12468760852771
30 45243.0 2877.0 30.26181657717801 25.450878601128686 80.1292032245641
31 45237.0 2865.0 30.1986394381694 25.51070037696328 80.37978906253758
32 45251.0 2865.0 30.1986394381694 25.516403033355978 80.39241565770413
33 45275.0 2856.0 30.15116971098976 25.57299663625456 80.60651051946323
34 45273.0 2859.0 30.167001253015812 25.55656432998061 80.54050935739737
35 45276.0 2868.0 30.2144461073691 25.510999182282905 80.35089149775494
36 45287.0 2874.0 30.246034663939245 25.484340503332096 80.23283184641521
37 45293.0 2862.0 30.18282449105797 25.549100968208805 80.49436887633394
38 45306.0 2865.0 30.1986394381694 25.538796052427937 80.44197465509299
39 45317.0 2859.0 30.167001253015812 25.574478428220566 80.58011361579811
40 45314.0 2862.0 30.18282449105797 25.557649052830293 80.51327274612144
41 45329.0 2850.0 30.119481662601757 25.626255516992224 80.7835985168586
42 45334.0 2850.0 30.119481662601757 25.628290824125987 80.78809020819267
43 45339.0 2847.0 30.103625129961543 25.645979646324555 80.8569017772392
44 45343.0 2847.0 30.103625129961543 25.647607844173354 80.86049302744863
45 45350.0 2841.0 30.071886981833206 25.6817983854984 80.99555027800278
46 45356.0 2844.0 30.087760240780646 25.668564286682464 80.93652371028583
47 45358.0 2844.0 30.087760240780646 25.66937829029486 80.93831796887363
48 45355.0 2838.0 30.05600533985842 25.699521220191375 81.06448969593471
49 45356.0 2832.0 30.024216853608277 25.73133661260194 81.19443403713376
50 45353.0 2835.0 30.040115301560455 25.714405530797873 81.1271981606104
51 45363.0 2841.0 30.071886981833206 25.687089951414464 81.00720919620241
52 45372.0 2844.0 30.087760240780646 25.675075706728126 80.95087509505042
53 45383.0 2853.0 30.135329851892358 25.632585333432694 80.76781607360574
54 45364.0 2844.0 30.087760240780646 25.671820170655003 80.9437001694499
55 45402.0 2853.0 30.135329851892358 25.64031245833122 80.78486239687125
56 45390.0 2850.0 30.119481662601757 25.651076993258663 80.838356242723
57 45370.0 2850.0 30.119481662601757 25.642941029092242 80.82041270550009
58 45361.0 2847.0 30.103625129961543 25.65493365872226 80.87664890824539
59 45382.0 2847.0 30.103625129961543 25.663478218244222 80.8954876272949
60 45372.0 2856.0 30.15116971098976 25.612478033538842 80.69372528652497
61 45384.0 2862.0 30.18282449105797 25.586125434604792 80.57620944913413
62 45375.0 2859.0 30.167001253015812 25.598076443529134 80.63224840615284
63 45381.0 2859.0 30.167001253015812 25.600516578374815 80.63763706947103
64 45372.0 2850.0 30.119481662601757 25.643754723148067 80.82220748991617
65 45367.0 2838.0 30.05600533985842 25.70440591332338 81.07524684260689
66 45370.0 2832.0 30.024216853608277 25.737036341242874 81.20697481624572
67 45378.0 2829.0 30.00830998263554 25.756014436439933 81.27872539890619
68 45369.0 2823.0 29.976470917985676 25.783826177238062 81.39998581488257
69 45364.0 2817.0 29.94459799996885 25.813309630875423 81.5250172718598
70 45360.0 2811.0 29.912691120369555 25.843243837587625 81.65113278799527
71 45371.0 2814.0 29.928648812152996 25.831937239569342 81.596095694215
72 45375.0 2811.0 29.912691120369555 25.84935421316812 81.6645348784508
73 45379.0 2811.0 29.912691120369555 25.850983438101196 81.66810785442468
74 45388.0 2811.0 29.912691120369555 25.854648873209506 81.67614564253465
75 45391.0 2820.0 29.96053869739811 25.808538572360394 81.48438441863908
76 45401.0 2808.0 29.896724911001275 25.8757423928909 81.75265470939775
77 45383.0 2814.0 29.928648812152996 25.83682447993421 81.60681843403758
78 45392.0 2814.0 29.928648812152996 25.840489392155526 81.61485821581536
79 45386.0 2808.0 29.896724911001275 25.86963361948213 81.73926679596809
80 45410.0 2808.0 29.896724911001275 25.879407064086667 81.76068485908473
81 45405.0 2799.0 29.84877504066842 25.92483719916357 81.9512034244527
82 45393.0 2793.0 29.816765621229397 25.951647608248514 82.07073050770543
83 45392.0 2790.0 29.80074801834303 25.96710585572826 82.13502099050852
84 45378.0 2793.0 29.816765621229397 25.945535545685733 82.05736401822101
85 45396.0 2781.0 29.75264347040649 26.016399289587255 82.33439920650041
86 45384.0 2787.0 29.784721801524764 25.979722361418617 82.19312533186002
87 45392.0 2787.0 29.784721801524764 25.98298256338567 82.20024836683487
88 45396.0 2796.0 29.83277462405867 25.937015084502306 82.00826903282652
89 45397.0 2796.0 29.83277462405867 25.937422460210755 82.0091601943141
90 45411.0 2805.0 29.88075017039453 25.895625403284285 81.82652219462223
91 45402.0 2808.0 29.896724911001275 25.87614960053381 81.7535470444682
92 45402.0 2796.0 29.83277462405867 25.939459256124458 82.0136156402501
93 45390.0 2799.0 29.84877504066842 25.91872716724146 81.93783147522636
94 45424.0 2808.0 29.896724911001275 25.885106780216137 81.77317233141794
95 45410.0 2805.0 29.88075017039453 25.89521820953929 81.82563039723074
96 45414.0 2802.0 29.86476688485918 25.91266927224169 81.8941877164247
97 45407.0 2796.0 29.83277462405867 25.941495914336475 82.01807048376764
98 45410.0 2796.0 29.83277462405867 25.942717843173984 82.02074310076542
99 45396.0 2796.0 29.83277462405867 25.937015084502306 82.00826903282652
100 45392.0 2784.0 29.768686956862464 25.99887029661902 82.26552168732479
101 45391.0 2784.0 29.768686956862464 25.99846275703894 82.26463172469332
102 45398.0 2784.0 29.768686956862464 26.001315418006484 82.27086095609339
103 45390.0 2781.0 29.75264347040649 26.013953901547023 82.32906165128442
104 45385.0 2781.0 29.75264347040649 26.011915926010538 82.32461302429826
105 45380.0 2784.0 29.768686956862464 25.993979456739527 82.25484054188601
106 45391.0 2781.0 29.75264347040649 26.014361480053307 82.32995130420723
107 45373.0 2784.0 29.768686956862464 25.99112609907155 82.24860826740567
108 45379.0 2787.0 29.784721801524764 25.977684555636856 82.18867265038084
109 45390.0 2775.0 29.72053051612671 26.045784342180163 82.45983918662364
110 45387.0 2766.0 29.672295920342346 26.09238936168871 82.65368544774194
111 45399.0 2772.0 29.70446102021492 26.06538498188573 82.53329367480335
112 45411.0 2775.0 29.72053051612671 26.054343712297545 82.47850269917264
113 45403.0 2784.0 29.768686956862464 26.00335286715136 82.27530968288129
114 45392.0 2781.0 29.75264347040649 26.01476905302624 82.33084093297406
115 45398.0 2781.0 29.75264347040649 26.01721437467128 82.33617819835206
116 45387.0 2781.0 29.75264347040649 26.0127311328267 82.32639254757089
117 45398.0 2784.0 29.768686956862464 26.001315418006484 82.27086095609339
118 45384.0 2781.0 29.75264347040649 26.011508314301253 82.32372322642006
119 45394.0 2784.0 29.768686956862464 25.999685359193908 82.26730154015254
120 45408.0 2784.0 29.768686956862464 26.005390178122546 82.27975780629104
121 45380.0 2790.0 29.80074801834303 25.962215827829542 82.12433189151753
122 45374.0 2784.0 29.768686956862464 25.991533738187734 82.24949866481323
123 45367.0 2778.0 29.736591328169585 26.020487016186753 82.37396650053655
124 45352.0 2775.0 29.72053051612671 26.030289743627357 82.42604000904973
125 45352.0 2778.0 29.736591328169585 26.01437026550941 82.36061549458869
126 45348.0 2778.0 29.736591328169585 26.01273892136159 82.35705430678873
127 45352.0 2784.0 29.768686956862464 25.98256439973487 82.22990433873872
128 45367.0 2796.0 29.83277462405867 25.925198792034124 81.98241486143378
129 45361.0 2796.0 29.83277462405867 25.922753463128007 81.97706318971126
130 45357.0 2790.0 29.80074801834303 25.95284105210452 82.10383473528074
131 45359.0 2799.0 29.84877504066842 25.90609584239696 81.91017892824246
132 45361.0 2799.0 29.84877504066842 25.906910926302892 81.91196366290414
133 45387.0 2796.0 29.83277462405867 25.933348455209785 82.00024749472425
134 45392.0 2793.0 29.816765621229397 25.9512401760146 82.06983957724623
135 45401.0 2787.0 29.784721801524764 25.98664986803741 82.20825993482885
136 45427.0 2790.0 29.80074801834303 25.981363898616852 82.16617769158935
137 45410.0 2787.0 29.784721801524764 25.990316725368288 82.21626954851398
138 45422.0 2805.0 29.88075017039453 25.900104172003505 81.83633037829041
139 45433.0 2796.0 29.83277462405867 25.952084317949712 82.04122596354489
140 45422.0 2793.0 29.816765621229397 25.963460744969648 82.09655700475092
141 45412.0 2787.0 29.784721801524764 25.991131521815767 82.21804919733444
142 45405.0 2784.0 29.768686956862464 26.004167808119707 82.27708900464404
143 45406.0 2787.0 29.784721801524764 25.98868706621737 82.21270996143879
144 45414.0 2781.0 29.75264347040649 26.023734258774244 82.35040665627378
145 45424.0 2784.0 29.768686956862464 26.01190864490442 82.29398774785645
146 45433.0 2781.0 29.75264347040649 26.031474782414392 82.36729492564099
147 45438.0 2784.0 29.768686956862464 26.017611143269882 82.30643388232414
148 45427.0 2772.0 29.70446102021492 26.076796445145014 82.5581604133592
149 45411.0 2775.0 29.72053051612671 26.054343712297545 82.47850269917264
150 45418.0 2781.0 29.75264347040649 26.025364008571408 82.35396280522458
151 45423.0 2781.0 29.75264347040649 26.02740107140278 82.35840744847755
152 45420.0 2778.0 29.736591328169585 26.04208955278223 82.4210964894565
153 45423.0 2781.0 29.75264347040649 26.02740107140278 82.35840744847755
154 45422.0 2784.0 29.768686956862464 26.011093913904922 82.29220934285703
155 45417.0 2772.0 29.70446102021492 26.072721421536755 82.5492816099393
156 45422.0 2775.0 29.72053051612671 26.058826216757094 82.48827457272863
157 45433.0 2769.0 29.688382826333207 26.095185337320416 82.62897532974736
158 45446.0 2769.0 29.688382826333207 26.10048202399614 82.64050785094818
159 45438.0 2769.0 29.688382826333207 26.09722263541387 82.63341139780059
160 45433.0 2769.0 29.688382826333207 26.095185337320416 82.62897532974736
161 45420.0 2769.0 29.688382826333207 26.089887713309285 82.61743872644857
162 45426.0 2769.0 29.688382826333207 26.092332887038406 82.62276381996074
163 45439.0 2778.0 29.736591328169585 26.049830071985042 82.43797562791471
164 45449.0 2769.0 29.688382826333207 26.10170420322565 82.64316862250585
165 45437.0 2763.0 29.656200288064785 26.128736723506847 82.76363634291064
166 45444.0 2772.0 29.70446102021492 26.0837227133495 82.57324883707696
167 45442.0 2775.0 29.72053051612671 26.06697450806263 82.50603413115181
168 45447.0 2775.0 29.72053051612671 26.06901123486384 82.51047251250601
169 45451.0 2763.0 29.656200288064785 26.134441383713312 82.7760448501695
170 45450.0 2769.0 29.688382826333207 26.102111585213716 82.64405549807833
171 45451.0 2769.0 29.688382826333207 26.102518961657797 82.6449423495123
172 45456.0 2775.0 29.72053051612671 26.07267699441201 82.5184600792931
173 45469.0 2778.0 29.736591328169585 26.06204787919542 82.46460917294687
174 45477.0 2778.0 29.736591328169585 26.065305120821485 82.4717077884851
175 45465.0 2760.0 29.640095915284455 26.156123087288684 82.85406358405105
176 45458.0 2757.0 29.62398278774667 26.169260117823868 82.91352775454824
177 45441.0 2757.0 29.62398278774667 26.1623324943109 82.8984743203836
178 45461.0 2760.0 29.640095915284455 26.154493481925666 82.85052151511611
179 45443.0 2775.0 29.72053051612671 26.067381864493726 82.50692185567362
180 45462.0 2769.0 29.688382826333207 26.106999736679576 82.654696122414
181 45450.0 2769.0 29.688382826333207 26.102111585213716 82.64405549807833
182 45438.0 2766.0 29.672295920342346 26.113177937748898 82.69894424240753
183 45448.0 2766.0 29.672295920342346 26.11725243569085 82.7078111434754
184 45442.0 2763.0 29.656200288064785 26.13077422712345 82.76806849631483
185 45424.0 2766.0 29.672295920342346 26.107472708139372 82.68652652199923
186 45407.0 2760.0 29.640095915284455 26.132485104414748 82.80266573244097
187 45402.0 2757.0 29.62398278774667 26.146433633988025 82.86391355570869
188 45409.0 2754.0 29.607860891157934 26.165286274802252 82.93584525728153
189 45419.0 2757.0 29.62398278774667 26.153364947433037 82.87898303027802
190 45407.0 2754.0 29.607860891157934 26.164470736689832 82.93407295390688
191 45420.0 2757.0 29.62398278774667 26.153772621642997 82.8798692520767
192 45418.0 2763.0 29.656200288064785 26.120992943034025 82.74678864843703
193 45421.0 2766.0 29.672295920342346 26.106250017366374 82.68386496561106
194 45398.0 2757.0 29.62398278774667 26.144802502815068 82.86036677991324
195 45398.0 2763.0 29.656200288064785 26.11283942758919 82.729044800186
196 45407.0 2769.0 29.688382826333207 26.08458915165537 82.60589803899047
197 45404.0 2766.0 29.672295920342346 26.099320492242732 82.66877870226253
198 45394.0 2772.0 29.70446102021492 26.063346763098814 82.52885119176656
199 45402.0 2778.0 29.736591328169585 26.034754586502842 82.40509768870413
200 45397.0 2775.0 29.72053051612671 26.048637737093376 82.466061541669
201 45400.0 2772.0 29.70446102021492 26.065792609003324 82.53418209887597
202 45405.0 2775.0 29.72053051612671 26.051898427335733 82.4731713544301
203 45417.0 2772.0 29.70446102021492 26.072721421536755 82.5492816099393
204 45418.0 2775.0 29.72053051612671 26.057196292684058 82.48472150227298
205 45419.0 2778.0 29.736591328169585 26.04168210170252 82.42020787241961
206 45420.0 2784.0 29.768686956862464 26.01027916080814 82.2904308413879
207 45409.0 2793.0 29.816765621229397 25.9581657741712 82.08498211604032
208 45426.0 2790.0 29.80074801834303 25.980956619731533 82.16528790990618
209 45441.0 2793.0 29.816765621229397 25.971197873461016 82.1134668275523
210 45439.0 2787.0 29.784721801524764 26.002129112849786 82.24206501761854
211 45443.0 2784.0 29.768686956862464 26.01964748750907 82.31087778534433
212 45436.0 2784.0 29.768686956862464 26.016796566920398 82.30465615240468
213 45428.0 2778.0 29.736591328169585 26.04534896220567 82.42820455684549
214 45406.0 2769.0 29.688382826333207 26.084181531143592 82.6050101245759
215 45424.0 2784.0 29.768686956862464 26.01190864490442 82.29398774785645
216 45407.0 2781.0 29.75264347040649 26.02088198371271 82.3441824663953
217 45412.0 2778.0 29.736591328169585 26.03882978917943 82.41398687720634
218 45414.0 2781.0 29.75264347040649 26.023734258774244 82.35040665627378
219 45426.0 2778.0 29.736591328169585 26.044534143050235 82.42642768480282
220 45418.0 2784.0 29.768686956862464 26.00946438561296 82.28865224344153
221 45414.0 2772.0 29.70446102021492 26.071498806354615 82.54661749783361
222 45407.0 2769.0 29.688382826333207 26.08458915165537 82.60589803899047
223 45393.0 2754.0 29.607860891157934 26.15876134561539 82.92166411673267
224 45382.0 2757.0 29.62398278774667 26.13827708682797 82.84617580030057
225 45398.0 2757.0 29.62398278774667 26.144802502815068 82.86036677991324
226 45394.0 2760.0 29.640095915284455 26.127184368992467 82.79113435960983
227 45406.0 2775.0 29.72053051612671 26.052305988680704 82.47405997228664
228 45394.0 2763.0 29.656200288064785 26.111208457624546 82.7254948689012
229 45405.0 2751.0 29.59173021118583 26.179664422306008 82.9980734325643
230 45418.0 2745.0 29.55944244356624 26.217017807615157 83.14126138628438
231 45417.0 2748.0 29.575590733458846 26.20057841641941 83.07451652517358
232 45422.0 2751.0 29.59173021118583 26.18659649391875 83.01312979379439
233 45415.0 2754.0 29.607860891157934 26.16773275538858 82.94116158609678
234 45417.0 2748.0 29.575590733458846 26.20057841641941 83.07451652517358
235 45416.0 2748.0 29.575590733458846 26.20017063401586 83.07363128136966
236 45414.0 2748.0 29.575590733458846 26.199355052464213 83.07186072106047
237 45411.0 2733.0 29.494760872743147 26.27839846770948 83.3989714532415
238 45408.0 2739.0 29.52711936944413 26.245035068422016 83.2642748937034
239 45429.0 2745.0 29.55944244356624 26.221503313289418 83.15099331411413
240 45435.0 2757.0 29.62398278774667 26.159887066840938 82.89315967521176
241 45435.0 2760.0 29.640095915284455 26.143898879639483 82.82748864371236
242 45433.0 2757.0 29.62398278774667 26.159071879834034 82.89138793331962
243 45442.0 2757.0 29.62398278774667 26.162740046081225 82.8993600099319
244 45428.0 2769.0 29.688382826333207 26.09314790056788 82.62453865783353
245 45433.0 2769.0 29.688382826333207 26.095185337320416 82.62897532974736
246 45409.0 2766.0 29.672295920342346 26.101358754490132 82.67321656406175
247 45423.0 2766.0 29.672295920342346 26.10706515010088 82.68563936070984
248 45427.0 2763.0 29.656200288064785 26.12466129961786 82.75477022330824
249 45419.0 2766.0 29.672295920342346 26.105434862420918 82.68209047381256
250 45420.0 2775.0 29.72053051612671 26.058011265798115 82.48649808579663
251 45418.0 2766.0 29.672295920342346 26.105027276618735 82.68120319164859
252 45404.0 2769.0 29.688382826333207 26.083366273469476 82.60323422320653
253 45396.0 2763.0 29.656200288064785 26.112023953728748 82.72726988295886
254 45364.0 2760.0 29.640095915284455 26.114948312104012 82.76450787475292
255 45358.0 2754.0 29.607860891157934 26.144483086162392 82.89062123435535
256 45373.0 2748.0 29.575590733458846 26.182630708710075 83.03554286034999
257 45388.0 2751.0 29.59173021118583 26.1727307385426 82.98301006738308
258 45388.0 2754.0 29.607860891157934 26.156722012562636 82.9172312380189
259 45384.0 2751.0 29.59173021118583 26.171099049172092 82.97946472778402
260 45390.0 2751.0 29.59173021118583 26.173546549742543 82.9847825916713
261 45375.0 2766.0 29.672295920342346 26.087495831978956 82.64302717399904
262 45378.0 2769.0 29.688382826333207 26.07276590294488 82.58013870055088
263 45367.0 2754.0 29.607860891157934 26.148155291253648 82.89860652787947
264 45394.0 2754.0 29.607860891157934 26.159169195499143 82.92255061975882
265 45386.0 2751.0 29.59173021118583 26.1719149050195 82.98123744608986
266 45374.0 2754.0 29.607860891157934 26.151011138334276 82.90481595300963
267 45377.0 2766.0 29.672295920342346 26.088311475849295 82.64480379509429
268 45379.0 2757.0 29.62398278774667 26.13705341253753 82.84351430092727
269 45375.0 2751.0 29.59173021118583 26.167427421565083 82.97148629467303
270 45371.0 2742.0 29.54328532705789 26.21388604657482 83.16556840420269
271 45363.0 2739.0 29.52711936944413 26.22667304745652 83.2244529877131
272 45377.0 2748.0 29.575590733458846 26.184262765326714 83.03908786151919
273 45390.0 2745.0 29.55944244356624 26.205597106504914 83.11647596821643
274 45385.0 2748.0 29.575590733458846 26.18752661039213 83.04617669893234
275 45390.0 2754.0 29.607860891157934 26.157537762511105 82.91900446222482
276 45405.0 2760.0 29.640095915284455 26.131669667870106 82.80089194140434
277 45405.0 2760.0 29.640095915284455 26.131669667870106 82.80089194140434
278 45383.0 2760.0 29.640095915284455 26.122698396639382 82.78137384735952
279 45374.0 2772.0 29.70446102021492 26.05519250099903 82.51107521302603
280 45385.0 2784.0 29.768686956862464 25.996017403452857 82.25929144179946
281 45388.0 2772.0 29.70446102021492 26.060900717498342 82.52351941411656
282 45388.0 2784.0 29.768686956862464 25.997240105126497 82.26196169191734
283 45376.0 2799.0 29.84877504066842 25.913023353288143 81.92534609748974
284 45394.0 2808.0 29.896724911001275 25.872891785688775 81.7464076902528
285 45388.0 2799.0 29.84877504066842 25.917912402744673 81.9360481390682
286 45380.0 2790.0 29.80074801834303 25.962215827829542 82.12433189151753
287 45369.0 2784.0 29.768686956862464 25.989495487294448 82.24504643613533
288 45377.0 2796.0 29.83277462405867 25.929273899196573 81.99133238407269
289 45383.0 2799.0 29.84877504066842 25.91587539515916 81.93158937691273
290 45388.0 2802.0 29.86476688485918 25.902079960923647 81.87100343053166
291 45367.0 2799.0 29.84877504066842 25.90935604581144 81.91731728792811
292 45376.0 2805.0 29.88075017039453 25.881370353196107 81.79529496472752
293 45377.0 2808.0 29.896724911001275 25.86596776242627 81.73123144844794
294 45369.0 2811.0 29.912691120369555 25.846910211131952 81.6591746923508
295 45372.0 2805.0 29.88075017039453 25.87974077593734 81.79172426014436
296 45391.0 2805.0 29.88075017039453 25.887480484626927 81.8086816745128
297 45389.0 2799.0 29.84877504066842 25.918319787745606 81.93693981919665
298 45391.0 2805.0 29.88075017039453 25.887480484626927 81.8086816745128
299 45374.0 2802.0 29.86476688485918 25.89637648409355 81.85851284024265
300 45373.0 2808.0 29.896724911001275 25.864338349828937 81.72765955686387
301 45383.0 2814.0 29.928648812152996 25.83682447993421 81.60681843403758
302 45397.0 2811.0 29.912691120369555 25.858313863948936 81.68418148188478
303 45391.0 2814.0 29.928648812152996 25.840082201611033 81.61396500291994
304 45388.0 2817.0 29.94459799996885 25.823083367718738 81.54647091426204
305 45385.0 2811.0 29.912691120369555 25.853427110885924 81.67346659639323
306 45376.0 2802.0 29.86476688485918 25.897191332517135 81.86029749945435
307 45369.0 2799.0 29.84877504066842 25.910171041581528 81.91910163664039
308 45359.0 2808.0 29.896724911001275 25.858634713579185 81.71515490148974
309 45361.0 2805.0 29.88075017039453 25.87525898488009 81.78190283460083
310 45360.0 2799.0 29.84877504066842 25.906503387104447 81.91107130763608
311 45348.0 2799.0 29.84877504066842 25.901612486979186 81.90036116236281
312 45352.0 2799.0 29.84877504066842 25.90324287518011 81.90393159689448
313 45358.0 2796.0 29.83277462405867 25.92153072424205 81.97438702804416
314 45346.0 2799.0 29.84877504066842 25.900797259815207 81.89857580028082
315 45334.0 2793.0 29.816765621229397 25.927599667176125 82.01812431807508
316 45340.0 2793.0 29.816765621229397 25.930046098057897 82.02347793986642
317 45334.0 2793.0 29.816765621229397 25.927599667176125 82.01812431807508
318 45333.0 2790.0 29.80074801834303 25.943055561993035 82.0824327728514
319 45327.0 2796.0 29.83277462405867 25.908892849150508 81.94672063247658
320 45342.0 2787.0 29.784721801524764 25.962600498381757 82.1557040369297
321 45335.0 2781.0 29.75264347040649 25.99152855828591 82.28009351301752
322 45356.0 2787.0 29.784721801524764 25.96830886955796 82.16818253820793
323 45368.0 2790.0 29.80074801834303 25.95732500496166 82.11363931680206
324 45401.0 2793.0 29.816765621229397 25.9549068676249 82.07785708331629
325 45403.0 2790.0 29.80074801834303 25.971587683146932 82.14481627929354
326 45406.0 2787.0 29.784721801524764 25.98868706621737 82.21270996143879
327 45396.0 2790.0 29.80074801834303 25.968735688409133 82.13858325139968
328 45416.0 2790.0 29.80074801834303 25.97688352756971 82.15638876773572
329 45415.0 2781.0 29.75264347040649 26.024141704518428 82.35129572971091
330 45412.0 2787.0 29.784721801524764 25.991131521815767 82.21804919733444
331 45402.0 2787.0 29.784721801524764 25.98705731871781 82.20914998840166
332 45403.0 2781.0 29.75264347040649 26.01925199056716 82.34062525538242
333 45400.0 2784.0 29.768686956862464 26.002130414246388 82.27264051922138
334 45418.0 2787.0 29.784721801524764 25.993575778659512 82.22338756501645
335 45408.0 2784.0 29.768686956862464 26.005390178122546 82.27975780629104
336 45405.0 2784.0 29.768686956862464 26.004167808119707 82.27708900464404
337 45416.0 2784.0 29.768686956862464 26.00864958831829 82.2868735490105
338 45427.0 2790.0 29.80074801834303 25.981363898616852 82.16617769158935
339 45413.0 2787.0 29.784721801524764 25.991538911757996 82.21893898556863
340 45436.0 2781.0 29.75264347040649 26.03269678792479 82.36996069847001
341 45425.0 2781.0 29.75264347040649 26.02821585783197 82.36018513688937
342 45421.0 2778.0 29.736591328169585 26.042496998327884 82.42198508235491
343 45402.0 2781.0 29.75264347040649 26.018844478451907 82.33973589226962
344 45421.0 2781.0 29.75264347040649 26.02658626285794 82.35662966356126
345 45408.0 2781.0 29.75264347040649 26.021289468170927 82.34507170879361
346 45429.0 2781.0 29.75264347040649 26.029845364347835 82.3637402242294
347 45443.0 2784.0 29.768686956862464 26.01964748750907 82.31087778534433
348 45428.0 2799.0 29.84877504066842 25.934203510175287 81.97169655632112
349 45417.0 2805.0 29.88075017039453 25.89806845041631 81.83187247378137
350 45428.0 2814.0 29.928648812152996 25.855144602668943 81.64699787339636
351 45431.0 2817.0 29.94459799996885 25.840586758690357 81.58487407200178
352 45408.0 2814.0 29.928648812152996 25.84700369558593 81.62914635268636
353 45396.0 2808.0 29.896724911001275 25.87370627233747 81.74819267316975
354 45389.0 2802.0 29.86476688485918 25.90248731086817 81.87189543485074
355 45389.0 2805.0 29.88075017039453 25.886665871884126 81.80689709293829
356 45387.0 2805.0 29.88075017039453 25.88585123715933 81.80511241505005
357 45387.0 2805.0 29.88075017039453 25.88585123715933 81.80511241505005
358 45409.0 2805.0 29.88075017039453 25.89481101030165 81.82473857578015
359 45421.0 2814.0 29.928648812152996 25.85229553439536 81.64075093405722
360 45437.0 2811.0 29.912691120369555 25.874597337927614 81.71987276322619
361 45431.0 2811.0 29.912691120369555 25.872155375942025 81.71452152187072
362 45427.0 2805.0 29.88075017039453 25.90213975631534 81.84078768159758
363 45432.0 2796.0 29.83277462405867 25.951677140470096 82.04033566912383
364 45432.0 2793.0 29.816765621229397 25.967533165754116 82.10545799505296
365 45418.0 2787.0 29.784721801524764 25.993575778659512 82.22338756501645
366 45409.0 2787.0 29.784721801524764 25.98990931886276 82.21537968792586
367 45385.0 2787.0 29.784721801524764 25.980129905999934 82.19401579572289
368 45385.0 2787.0 29.784721801524764 25.980129905999934 82.19401579572289
369 45394.0 2793.0 29.816765621229397 25.95205503496836 82.07162141404963
370 45406.0 2793.0 29.816765621229397 25.95694372555915 82.08231040954574
371 45405.0 2802.0 29.86476688485918 25.909004162033945 81.8861642285314
372 45413.0 2793.0 29.816765621229397 25.95979509515503 82.08854405396801
373 45423.0 2793.0 29.816765621229397 25.963868011841225 82.09744721216255
374 45427.0 2790.0 29.80074801834303 25.981363898616852 82.16617769158935
375 45427.0 2790.0 29.80074801834303 25.981363898616852 82.16617769158935
376 45418.0 2793.0 29.816765621229397 25.961831622381084 82.09299593421352
377 45441.0 2796.0 29.83277462405867 25.955341539660466 82.04834745253984
378 45450.0 2793.0 29.816765621229397 25.97486213506191 82.12147371033502
379 45440.0 2790.0 29.80074801834303 25.986658022388347 82.17774266131279
380 45440.0 2793.0 29.816765621229397 25.970790705747554 82.11257705356921
381 45444.0 2796.0 29.83277462405867 25.9565629070032 82.05101761388606
382 45445.0 2790.0 29.80074801834303 25.98869397576605 82.182189642821
383 45455.0 2793.0 29.816765621229397 25.97689764322625 82.12592113632566
384 45447.0 2802.0 29.86476688485918 25.926104201085458 81.92359049969544
385 45465.0 2802.0 29.86476688485918 25.933429822772077 81.93961734721255
386 45462.0 2802.0 29.86476688485918 25.93220900936938 81.93694674652396
387 45451.0 2796.0 29.83277462405867 25.959412571561444 82.05724714837629
388 45441.0 2799.0 29.84877504066842 25.939496225004508 81.98327399945713
389 45438.0 2805.0 29.88075017039453 25.906617558675787 81.85059163320892
390 45441.0 2802.0 29.86476688485918 25.923661931777094 81.9182464869206
391 45424.0 2799.0 29.84877504066842 25.932574795558104 81.96813344808669
392 45427.0 2799.0 29.84877504066842 25.93379633977095 81.9708058153589
393 45430.0 2805.0 29.88075017039453 25.903361041017334 81.84346177505277
394 45434.0 2802.0 29.86476688485918 25.92081236764108 81.91201071148345
395 45424.0 2799.0 29.84877504066842 25.932574795558104 81.96813344808669
396 45432.0 2805.0 29.88075017039453 25.904175203368794 81.84524438381774
397 45437.0 2787.0 29.784721801524764 26.001314614441206 82.24028667049144
398 45436.0 2778.0 29.736591328169585 26.048608017520863 82.4353110798513
399 45435.0 2784.0 29.768686956862464 26.016389270462152 82.30376725128879
400 45425.0 2778.0 29.736591328169585 26.04412672517276 82.42553921258268
401 45428.0 2781.0 29.75264347040649 26.029437996011335 82.36285148857752
402 45421.0 2781.0 29.75264347040649 26.02658626285794 82.35662966356126
403 45394.0 2769.0 29.688382826333207 26.07928965205121 82.59435326531073
404 45388.0 2763.0 29.656200288064785 26.108761835838084 82.72016924566962
405 45405.0 2775.0 29.72053051612671 26.051898427335733 82.4731713544301
406 45403.0 2772.0 29.70446102021492 26.06701545707903 82.5368472260413
407 45411.0 2766.0 29.672295920342346 26.102174020507167 82.67499153947145
408 45396.0 2760.0 29.640095915284455 26.127999927967025 82.79290868332161
409 45407.0 2769.0 29.688382826333207 26.08458915165537 82.60589803899047
410 45411.0 2766.0 29.672295920342346 26.102174020507167 82.67499153947145
411 45427.0 2763.0 29.656200288064785 26.12466129961786 82.75477022330824
412 45419.0 2766.0 29.672295920342346 26.105434862420918 82.68209047381256
413 45418.0 2763.0 29.656200288064785 26.120992943034025 82.74678864843703
414 45419.0 2766.0 29.672295920342346 26.105434862420918 82.68209047381256
415 45431.0 2760.0 29.640095915284455 26.142268607280208 82.82394367465169
416 45418.0 2763.0 29.656200288064785 26.120992943034025 82.74678864843703
417 45414.0 2757.0 29.62398278774667 26.151326492874514 82.87455155820497
418 45427.0 2766.0 29.672295920342346 26.108695348941527 82.68918786083849
419 45417.0 2766.0 29.672295920342346 26.104619685263398 82.6803158853069
420 45414.0 2775.0 29.72053051612671 26.05556627998626 82.48116804542066
421 45425.0 2775.0 29.72053051612671 26.060048601657222 82.49093912203354
422 45426.0 2766.0 29.672295920342346 26.10828780755956 82.6883007720626
423 45429.0 2763.0 29.656200288064785 26.12547642884381 82.75654364062603
424 45429.0 2769.0 29.688382826333207 26.093555399011954 82.62542604053075
425 45421.0 2772.0 29.70446102021492 26.07435149749902 82.55283342117623
426 45412.0 2775.0 29.72053051612671 26.054751240400286 82.47939117207707
427 45413.0 2781.0 29.75264347040649 26.023326807499895 82.34951755870209
428 45410.0 2769.0 29.688382826333207 26.085811979891254 82.60856163716501
429 45413.0 2772.0 29.70446102021492 26.071091256872123 82.54572941214045
430 45402.0 2766.0 29.672295920342346 26.098505148458898 82.66700338821306
431 45398.0 2757.0 29.62398278774667 26.144802502815068 82.86036677991324
432 45389.0 2757.0 29.62398278774667 26.141132131815375 82.85238511718252
433 45393.0 2763.0 29.656200288064785 26.11080070123068 82.72460732555857
434 45406.0 2766.0 29.672295920342346 26.100135813806077 82.67055391954834
435 45403.0 2784.0 29.768686956862464 26.00335286715136 82.27530968288129
436 45404.0 2793.0 29.816765621229397 25.956128998923262 82.08052915136938
437 45421.0 2799.0 29.84877504066842 25.931353201842626 81.96546086421668
438 45433.0 2802.0 29.86476688485918 25.920405265074674 81.91111979023974
439 45412.0 2790.0 29.80074801834303 25.97525413627408 82.15282843601983
440 45393.0 2781.0 29.75264347040649 26.015176620465958 82.33173053758586
441 45380.0 2787.0 29.784721801524764 25.97809212784369 82.18956323496845
442 45377.0 2778.0 29.736591328169585 26.024564157265203 82.38286414747333
443 45384.0 2769.0 29.688382826333207 26.075212475450805 82.58546988831125
444 45380.0 2760.0 29.640095915284455 26.121474832725145 82.77871138071629
445 45361.0 2766.0 29.672295920342346 26.081785702194022 82.63058811347163
446 45383.0 2766.0 29.672295920342346 26.09075827405091 82.65013307721844
447 45383.0 2769.0 29.688382826333207 26.074804727250356 82.58458141752442
448 45396.0 2766.0 29.672295920342346 26.096058983773226 82.66167686540768
449 45398.0 2772.0 29.70446102021492 26.06497734922173 82.53240522655372
450 45403.0 2766.0 29.672295920342346 26.098912823128444 82.66789105733369
451 45402.0 2781.0 29.75264347040649 26.018844478451907 82.33973589226962
452 45415.0 2775.0 29.72053051612671 26.055973791469768 82.4820564458617
453 45397.0 2781.0 29.75264347040649 26.01680683489553 82.33528871450143
454 45397.0 2787.0 29.784721801524764 25.985020010089638 82.20469947925564
455 45400.0 2787.0 29.784721801524764 25.98624241183453 82.20736985712875
456 45410.0 2787.0 29.784721801524764 25.990316725368288 82.21626954851398
457 45400.0 2787.0 29.784721801524764 25.98624241183453 82.20736985712875
458 45421.0 2793.0 29.816765621229397 25.963053472587983 82.09566677325111
459 45405.0 2790.0 29.80074801834303 25.972402489127163 82.14659692735157
460 45378.0 2784.0 29.768686956862464 25.993164239344253 82.25306001283124
461 45393.0 2784.0 29.768686956862464 25.999277830670625 82.26641162581087
462 45413.0 2778.0 29.736591328169585 26.039237279001394 82.41487566323855
463 45405.0 2778.0 29.736591328169585 26.035977205433305 82.4077646988426
464 45422.0 2778.0 29.736591328169585 26.042904438339626 82.4228736511158
465 45403.0 2778.0 29.736591328169585 26.0351621316827 82.40598671623765
466 45406.0 2772.0 29.70446102021492 26.068238255242054 82.53951213564741
467 45389.0 2775.0 29.72053051612671 26.045376692164737 82.45895018206353
468 45385.0 2781.0 29.75264347040649 26.011915926010538 82.32461302429826
469 45383.0 2775.0 29.72053051612671 26.04293067566247 82.45361564695438
470 45384.0 2766.0 29.672295920342346 26.091166054297112 82.65102120616295
471 45390.0 2769.0 29.688382826333207 26.077658848040745 82.590800204856
472 45407.0 2772.0 29.70446102021492 26.068645843538683 82.54040039050737
473 45401.0 2766.0 29.672295920342346 26.098097468233945 82.66611569489963
474 45398.0 2763.0 29.656200288064785 26.11283942758919 82.729044800186
475 45388.0 2763.0 29.656200288064785 26.108761835838084 82.72016924566962
476 45389.0 2754.0 29.607860891157934 26.157129890324864 82.91811786224255
477 45383.0 2760.0 29.640095915284455 26.122698396639382 82.78137384735952
478 45380.0 2757.0 29.62398278774667 26.137461309540207 82.84440149162567
479 45365.0 2760.0 29.640095915284455 26.115356261412924 82.76539577568788
480 45363.0 2754.0 29.607860891157934 26.146523255899105 82.8950577511991
481 45366.0 2751.0 29.59173021118583 26.163755341764386 82.96350589621059
482 45361.0 2745.0 29.55944244356624 26.193763903184227 83.09078529976559
483 45364.0 2748.0 29.575590733458846 26.17895825443475 83.02756518757722
484 45367.0 2739.0 29.52711936944413 26.228305686350296 83.22799470482951
485 45379.0 2748.0 29.575590733458846 26.185078760112336 83.04086021647672
486 45367.0 2745.0 29.55944244356624 26.196212538015665 83.09610228603692
487 45359.0 2754.0 29.607860891157934 26.144891131269915 82.89150858626189
488 45349.0 2751.0 29.59173021118583 26.156817956900195 82.94842644552148
489 45353.0 2763.0 29.656200288064785 26.09448588365765 82.68908572922233
490 45361.0 2754.0 29.607860891157934 26.14570720474441 82.8932832172664
491 45373.0 2757.0 29.62398278774667 26.134605913489487 82.83819064762424
492 45370.0 2754.0 29.607860891157934 26.149379259188528 82.90126785563268
493 45398.0 2754.0 29.607860891157934 26.160800539282846 82.92609638950618
494 45402.0 2757.0 29.62398278774667 26.146433633988025 82.86391355570869
495 45386.0 2766.0 29.672295920342346 26.09198159811588 82.65279739142377
496 45398.0 2769.0 29.688382826333207 26.080920367232533 82.59790593870888
497 45396.0 2775.0 29.72053051612671 26.048230125875666 82.4651727063212
498 45412.0 2769.0 29.688382826333207 26.086627170967034 82.61033724839974
499 45407.0 2763.0 29.656200288064785 26.116508784724733 82.73703072963254
500 45418.0 2760.0 29.640095915284455 26.136969607608847 82.81241985258941
501 45423.0 2763.0 29.656200288064785 26.123030974485843 82.75122309852391
502 45423.0 2760.0 29.640095915284455 26.13900779563919 82.81685257565083
503 45412.0 2757.0 29.62398278774667 26.150511072077705 82.87277879992085
504 45395.0 2757.0 29.62398278774667 26.143579095950525 82.85770644371888
505 45383.0 2757.0 29.62398278774667 26.13868496711335 82.84706291827901
506 45382.0 2751.0 29.59173021118583 26.17028317099925 82.97769191245798
507 45367.0 2751.0 29.59173021118583 26.164163372964907 82.9643927042268
508 45395.0 2757.0 29.62398278774667 26.143579095950525 82.85770644371888
509 45383.0 2757.0 29.62398278774667 26.13868496711335 82.84706291827901
510 45391.0 2763.0 29.656200288064785 26.10998517175872 82.72283216624098
511 45386.0 2763.0 29.656200288064785 26.107946250747563 82.71839384421445
512 45401.0 2766.0 29.672295920342346 26.098097468233945 82.66611569489963
513 45397.0 2766.0 29.672295920342346 26.0964666917773 82.66256467969919
514 45380.0 2766.0 29.672295920342346 26.08953489996331 82.64746854511708
515 45385.0 2772.0 29.70446102021492 26.05967761980269 82.52085319877553
516 45399.0 2766.0 29.672295920342346 26.09728209111727 82.66434023569062
517 45405.0 2763.0 29.656200288064785 26.115693410947316 82.73525624804947
518 45411.0 2757.0 29.62398278774667 26.150103353327303 82.87189238446327
519 45432.0 2763.0 29.656200288064785 26.126699081010845 82.759203585281
520 45418.0 2757.0 29.62398278774667 26.15295726765602 82.8780967842753
521 45413.0 2763.0 29.656200288064785 26.11895477263603 82.74235359367752
522 45418.0 2754.0 29.607860891157934 26.168955920453843 82.9438194235651
523 45416.0 2745.0 29.55944244356624 26.21620218851874 83.13949162977421
524 45387.0 2745.0 29.55944244356624 26.204373200085946 83.1138192596659
525 45402.0 2730.0 29.47856830447755 26.290812635354552 83.45711147723831
526 45393.0 2730.0 29.47856830447755 26.287140055610635 83.4491594318091
527 45397.0 2739.0 29.52711936944413 26.240547621459463 83.25454519127973
528 45423.0 2742.0 29.54328532705789 26.235099501691153 83.2115888464353
529 45436.0 2745.0 29.55944244356624 26.224357374170978 83.15718483253802
530 45449.0 2751.0 29.59173021118583 26.197602942874877 83.03702845388709
531 45449.0 2748.0 29.575590733458846 26.21362450716999 83.10283153730278
532 45430.0 2742.0 29.54328532705789 26.237954004384402 83.2177788965988
533 45435.0 2745.0 29.55944244356624 26.223949667938818 83.15630040258314
534 45434.0 2739.0 29.52711936944413 26.25563906965759 83.28726070202715
535 45428.0 2733.0 29.494760872743147 26.285332979740886 83.41398904441205
536 45425.0 2745.0 29.55944244356624 26.219872298506555 83.14745477055101
537 45411.0 2739.0 29.52711936944413 26.24625880005852 83.2669279392494
538 45430.0 2733.0 29.494760872743147 26.286148698217154 83.41575535872272
539 45419.0 2730.0 29.47856830447755 26.29774849042577 83.4721266382052
540 45401.0 2733.0 29.494760872743147 26.27431858630974 83.390134298446
541 45405.0 2733.0 29.494760872743147 26.27595060614292 83.39366945179775
542 45391.0 2736.0 29.51094455619561 26.254163400762454 83.31524297420593
543 45397.0 2739.0 29.52711936944413 26.240547621459463 83.25454519127973
544 45400.0 2745.0 29.55944244356624 26.20967643125133 83.12533008617902
545 45384.0 2739.0 29.52711936944413 26.235243401729914 83.24304266466191
546 45392.0 2733.0 29.494760872743147 26.270646213674446 83.38217878231112
547 45379.0 2742.0 29.54328532705789 26.21715063965573 83.17265274457625
548 45383.0 2751.0 29.59173021118583 26.170691112876423 82.97857833224899
549 45373.0 2754.0 29.607860891157934 26.150603176915354 82.90392896505121
550 45388.0 2760.0 29.640095915284455 26.124737558482373 82.78581080719684
551 45379.0 2751.0 29.59173021118583 26.169059311877312 82.97503250753941
552 45391.0 2760.0 29.640095915284455 26.12596098878593 82.78847269239998
553 45395.0 2757.0 29.62398278774667 26.143579095950525 82.85770644371888
554 45392.0 2754.0 29.607860891157934 26.158353490156237 82.92077758946895
555 45403.0 2772.0 29.70446102021492 26.06701545707903 82.5368472260413
556 45395.0 2775.0 29.72053051612671 26.047822509115843 82.46428384680303
557 45406.0 2778.0 29.736591328169585 26.036384734004336 82.4086536539159
558 45391.0 2772.0 29.70446102021492 26.062123765262456 82.52618541177178
559 45415.0 2778.0 29.736591328169585 26.04005224204039 82.41665316286891
560 45403.0 2775.0 29.72053051612671 26.051083288023083 82.47139404623027
561 45378.0 2763.0 29.656200288064785 26.104683687880264 82.71129126963585
562 45399.0 2772.0 29.70446102021492 26.06538498188573 82.53329367480335
563 45402.0 2778.0 29.736591328169585 26.034754586502842 82.40509768870413
564 45399.0 2781.0 29.75264347040649 26.01762190891466 82.33706765805327
565 45389.0 2787.0 29.784721801524764 25.98176002907973 82.19757740976218
566 45403.0 2787.0 29.784721801524764 25.98746476387587 82.21004001784813
567 45397.0 2781.0 29.75264347040649 26.01680683489553 82.33528871450143
568 45421.0 2784.0 29.768686956862464 26.01068654011876 82.29132010418165
569 45428.0 2784.0 29.768686956862464 26.013538040616 82.29754426847573
570 45412.0 2781.0 29.75264347040649 26.02291935069525 82.34862843699501
571 45395.0 2775.0 29.72053051612671 26.047822509115843 82.46428384680303
572 45399.0 2775.0 29.72053051612671 26.049452942903017 82.46783913985722
573 45406.0 2763.0 29.656200288064785 26.11610110061579 82.73614350094009
574 45401.0 2769.0 29.688382826333207 26.08214334532979 82.60057018978777
575 45399.0 2775.0 29.72053051612671 26.049452942903017 82.46783913985722
576 45406.0 2763.0 29.656200288064785 26.11610110061579 82.73614350094009
577 45401.0 2760.0 29.640095915284455 26.13003872800735 82.79734406882439
578 45389.0 2748.0 29.575590733458846 26.189158398859153 83.04972053529805
579 45398.0 2754.0 29.607860891157934 26.160800539282846 82.92609638950618
580 45384.0 2760.0 29.640095915284455 26.123106240142345 82.78226128778125
581 45391.0 2769.0 29.688382826333207 26.078066557371585 82.59168850625953
582 45410.0 2769.0 29.688382826333207 26.085811979891254 82.60856163716501
583 45415.0 2772.0 29.70446102021492 26.071906350292792 82.54750555936387
584 45401.0 2769.0 29.688382826333207 26.08214334532979 82.60057018978777
585 45422.0 2772.0 29.70446102021492 26.074759002630884 82.55372131359219
586 45431.0 2778.0 29.736591328169585 26.04657114944211 82.43086968392939
587 45438.0 2790.0 29.80074801834303 25.98584360245168 82.17596370014685
588 45416.0 2775.0 29.72053051612671 26.05638129741381 82.48294482215016
589 45412.0 2778.0 29.736591328169585 26.03882978917943 82.41398687720634
590 45423.0 2775.0 29.72053051612671 26.059233683928777 82.48916277997508
591 45418.0 2775.0 29.72053051612671 26.057196292684058 82.48472150227298
592 45427.0 2769.0 29.688382826333207 26.092740396576744 82.62365125097715
593 45426.0 2763.0 29.656200288064785 26.12425372667008 82.75388347838214
594 45420.0 2751.0 29.59173021118583 26.185781039734877 83.01135882055424
595 45404.0 2745.0 29.55944244356624 26.211308004666844 83.12887105410337
596 45396.0 2745.0 29.55944244356624 26.2080447684215 83.12178873013619
597 45407.0 2748.0 29.575590733458846 26.196500341200796 83.06566299651406
598 45412.0 2742.0 29.54328532705789 26.23061330119769 83.20185922445367
599 45415.0 2754.0 29.607860891157934 26.16773275538858 82.94116158609678
600 45410.0 2754.0 29.607860891157934 26.165694035498678 82.9367313726347
601 45391.0 2754.0 29.607860891157934 26.157945629121517 82.91989103796662
602 45391.0 2745.0 29.55944244356624 26.206005064131407 83.11736148919816
603 45407.0 2739.0 29.52711936944413 26.24462714668366 83.26339049665536
604 45406.0 2745.0 29.55944244356624 26.212123757847074 83.13064139254008
605 45393.0 2751.0 29.59173021118583 26.174770224689013 82.98744119623584
606 45398.0 2754.0 29.607860891157934 26.160800539282846 82.92609638950618
607 45403.0 2754.0 29.607860891157934 26.162839593582703 82.93052805645779
608 45410.0 2763.0 29.656200288064785 26.117731803695758 82.73969227053001
609 45418.0 2751.0 29.59173021118583 26.184965563246017 83.00958775043046
610 45409.0 2757.0 29.62398278774667 26.14928789912177 82.87011948091231
611 45410.0 2748.0 29.575590733458846 26.19772382237876 83.06831930960998
612 45408.0 2751.0 29.59173021118583 26.18088784618721 83.00073094629212
613 45400.0 2745.0 29.55944244356624 26.20967643125133 83.12533008617902
614 45400.0 2754.0 29.607860891157934 26.161616177725907 82.92786912897883
615 45388.0 2769.0 29.688382826333207 26.076843412721786 82.58902352946362
616 45386.0 2763.0 29.656200288064785 26.107946250747563 82.71839384421445
617 45375.0 2763.0 29.656200288064785 26.10346013501157 82.70862740448882
618 45383.0 2763.0 29.656200288064785 26.106722831393814 82.71573056040137
619 45372.0 2766.0 29.672295920342346 26.086272324479143 82.64036206071731
620 45370.0 2763.0 29.656200288064785 26.1014207689506 82.70418714468249
621 45373.0 2775.0 29.72053051612671 26.038853537963227 82.44472282040145
622 45403.0 2781.0 29.75264347040649 26.01925199056716 82.34062525538242
623 45395.0 2775.0 29.72053051612671 26.047822509115843 82.46428384680303
624 45391.0 2769.0 29.688382826333207 26.078066557371585 82.59168850625953
625 45383.0 2766.0 29.672295920342346 26.09075827405091 82.65013307721844
626 45369.0 2763.0 29.656200288064785 26.101012879045165 82.70329902002854
627 45384.0 2769.0 29.688382826333207 26.075212475450805 82.58546988831125
628 45389.0 2772.0 29.70446102021492 26.06130840563414 82.5244081041877
629 45385.0 2772.0 29.70446102021492 26.05967761980269 82.52085319877553
630 45361.0 2772.0 29.70446102021492 26.049891040249662 82.49951563631791
631 45365.0 2775.0 29.72053051612671 26.03559142854762 82.43760681738546
632 45385.0 2766.0 29.672295920342346 26.091573828985393 82.65190931089776
633 45388.0 2766.0 29.672295920342346 26.092797119704045 82.65457347985318
634 45391.0 2757.0 29.62398278774667 26.141947808810794 82.85415898961425
635 45401.0 2754.0 29.607860891157934 26.16202398858574 82.92875546236822
636 45403.0 2757.0 29.62398278774667 26.146841402857252 82.8648001891049
637 45405.0 2760.0 29.640095915284455 26.131669667870106 82.80089194140434
638 45409.0 2745.0 29.55944244356624 26.21334734571124 83.13329671830985
639 45417.0 2745.0 29.55944244356624 26.21661000085993 83.14037652014989
640 45419.0 2745.0 29.55944244356624 26.217425608784552 83.14214622817856
641 45416.0 2754.0 29.607860891157934 26.168140482649108 82.94204755613508
642 45408.0 2745.0 29.55944244356624 26.212939488677158 83.13241163397007
643 45418.0 2742.0 29.54328532705789 26.23306040350635 83.20716665472749
644 45418.0 2748.0 29.575590733458846 26.20098619324164 83.07540174474494
645 45410.0 2751.0 29.59173021118583 26.181703434218026 83.00250250094767
646 45412.0 2754.0 29.607860891157934 26.166509540172658 82.93850353067744
647 45405.0 2751.0 29.59173021118583 26.179664422306008 82.9980734325643
648 45411.0 2748.0 29.575590733458846 26.19813163827325 83.06920469882898
649 45422.0 2742.0 29.54328532705789 26.234691693234264 83.21070445658586
650 45403.0 2733.0 29.494760872743147 26.275134607439313 83.39190192369924
651 45415.0 2739.0 29.52711936944413 26.247890363895824 83.27046499361725
652 45417.0 2742.0 29.54328532705789 26.23265256709857 83.20628214364302
653 45411.0 2733.0 29.494760872743147 26.27839846770948 83.3989714532415
654 45425.0 2727.0 29.462366836749506 26.316293709178 83.54355498380582
655 45429.0 2727.0 29.462366836749506 26.317925417693058 83.5470849074098
656 45413.0 2733.0 29.494760872743147 26.279214376720756 83.40073859279772
657 45426.0 2739.0 29.52711936944413 26.252376702845268 83.2801898918362
658 45420.0 2727.0 29.462366836749506 26.314253947251313 83.5391420329003
659 45413.0 2736.0 29.51094455619561 26.26313899787661 83.33469476716057
660 45413.0 2733.0 29.494760872743147 26.279214376720756 83.40073859279772
661 45421.0 2733.0 29.494760872743147 26.282477788575335 83.40780617993484
662 45409.0 2730.0 29.47856830447755 26.29366877203123 83.46329504073829
663 45417.0 2724.0 29.44615645486938 26.329138417762287 83.60267293338018
664 45412.0 2721.0 29.429937144107093 26.34321750878044 83.6644871121352
665 45415.0 2709.0 29.364970316209906 26.40902843680902 83.9324885058232
666 45419.0 2712.0 29.381225490616288 26.394497803586383 83.86960512726004
667 45426.0 2724.0 29.44615645486938 26.332810291246453 83.610613180693
668 45422.0 2712.0 29.381225490616288 26.395722105152256 83.87224752364544
669 45430.0 2721.0 29.429937144107093 26.350561804276165 83.68036123075643
670 45400.0 2721.0 29.429937144107093 26.338320299590503 83.65389999041497
671 45389.0 2721.0 29.429937144107093 26.333830479568423 83.64419205183542
672 45376.0 2715.0 29.397471676812476 26.36079278956618 83.7653307215592
673 45376.0 2715.0 29.397471676812476 26.36079278956618 83.7653307215592
674 45375.0 2721.0 29.429937144107093 26.328115178438658 83.63183223483875
675 45400.0 2727.0 29.462366836749506 26.30609349605183 83.5214841558404
676 45400.0 2733.0 29.494760872743147 26.273910567334855 83.38925044938397
677 45388.0 2727.0 29.462366836749506 26.30119614710705 83.5108847629292
678 45407.0 2724.0 29.44615645486938 26.325058024594895 83.59384812783651
679 45417.0 2730.0 29.47856830447755 26.29693259162183 83.47036051299591
680 45415.0 2724.0 29.44615645486938 26.328322384079634 83.60090816670214
681 45427.0 2718.0 29.413708889691947 26.365468468775738 83.74398231967906
682 45417.0 2715.0 29.397471676812476 26.37752935508309 83.80148263799626
683 45424.0 2715.0 29.397471676812476 26.380385871034022 83.80765082814092
684 45416.0 2718.0 29.413708889691947 26.360980017973887 83.73428565116944
685 45407.0 2721.0 29.429937144107093 26.34117710337844 83.66007623698953
686 45420.0 2712.0 29.381225490616288 26.394905909744416 83.87048595038378
687 45437.0 2718.0 29.413708889691947 26.36954828786298 83.75279492066149
688 45449.0 2718.0 29.413708889691947 26.37444332834385 83.76336683475026
689 45424.0 2709.0 29.364970316209906 26.412701631052325 83.94041255847223
690 45427.0 2718.0 29.413708889691947 26.365468468775738 83.74398231967906
691 45418.0 2718.0 29.413708889691947 26.36179615058039 83.73604890062326
692 45400.0 2712.0 29.381225490616288 26.38674271552577 83.85286486412492
693 45400.0 2718.0 29.413708889691947 26.354450146652592 83.7201761532376
694 45396.0 2718.0 29.413708889691947 26.352817453649163 83.71664780560995
695 45368.0 2715.0 29.397471676812476 26.357526013514377 83.75827191589447
696 45378.0 2712.0 29.381225490616288 26.377760596598556 83.83347042002904
697 45398.0 2709.0 29.364970316209906 26.40208893417851 83.91751547076885
698 45384.0 2715.0 29.397471676812476 26.364059204786447 83.7723879679502
699 45381.0 2715.0 29.397471676812476 26.36283434135904 83.7697416832495
700 45380.0 2721.0 29.429937144107093 26.330156484044572 83.6362470029
701 45387.0 2736.0 29.51094455619561 26.252531182672254 83.31170502170548
702 45393.0 2730.0 29.47856830447755 26.287140055610635 83.4491594318091
703 45391.0 2721.0 29.429937144107093 26.334646861118216 83.64595735055508
704 45373.0 2724.0 29.44615645486938 26.311180483404232 83.5638255996392
705 45365.0 2727.0 29.462366836749506 26.291807300219514 83.49055946975122
706 45377.0 2736.0 29.51094455619561 26.248450245134613 83.30285843963016
707 45380.0 2739.0 29.52711936944413 26.233611143736493 83.23950259994267
708 45383.0 2745.0 29.55944244356624 26.20274124659647 83.11027664181708
709 45406.0 2742.0 29.54328532705789 26.228165997601423 83.19655092101335
710 45402.0 2751.0 29.59173021118583 26.17844094821942 82.9954157007204
711 45386.0 2751.0 29.59173021118583 26.1719149050195 82.98123744608986
712 45393.0 2742.0 29.54328532705789 26.22286281580068 83.18504660046568
713 45379.0 2739.0 29.52711936944413 26.233203065237138 83.23861752303088
714 45395.0 2742.0 29.54328532705789 26.223678751450446 83.18681676288223
715 45396.0 2739.0 29.52711936944413 26.240139638149834 83.25366052723169
716 45398.0 2733.0 29.494760872743147 26.273094512564175 83.38748267838425
717 45390.0 2736.0 29.51094455619561 26.253755354645655 83.31435852252083
718 45404.0 2736.0 29.51094455619561 26.25946749040584 83.32673863591164
719 45424.0 2745.0 29.55944244356624 26.219464530849127 83.14657007407854
720 45413.0 2748.0 29.575590733458846 26.198947253315833 83.07097540455328
721 45437.0 2745.0 29.55944244356624 26.224765074819874 83.15806923826972
722 45422.0 2745.0 29.55944244356624 26.21864897877921 83.14480060842894
723 45404.0 2739.0 29.52711936944413 26.243403347887966 83.26073715989963
724 45413.0 2745.0 29.55944244356624 26.214978717977907 83.13683681319019
725 45401.0 2745.0 29.55944244356624 26.210084332987446 83.12621536454384
726 45403.0 2760.0 29.640095915284455 26.130854209068016 82.79911805353464
727 45417.0 2763.0 29.656200288064785 26.120585320070685 82.7459016858627
728 45417.0 2760.0 29.640095915284455 26.13656195331576 82.81153323539294
729 45407.0 2760.0 29.640095915284455 26.132485104414748 82.80266573244097
730 45389.0 2757.0 29.62398278774667 26.141132131815375 82.85238511718252
731 45410.0 2757.0 29.62398278774667 26.149695629008704 82.87100594479408
732 45418.0 2748.0 29.575590733458846 26.20098619324164 83.07540174474494
733 45424.0 2754.0 29.607860891157934 26.171402100147695 82.94913444475095
734 45446.0 2763.0 29.656200288064785 26.13240413003537 82.77161378407486
735 45435.0 2763.0 29.656200288064785 26.127921683174957 82.76186331237244
736 45457.0 2769.0 29.688382826333207 26.104963103906396 82.65026295126046
737 45453.0 2775.0 29.72053051612671 26.071455124371457 82.51579777409283
738 45451.0 2778.0 29.736591328169585 26.054717792052003 82.44863164955535
739 45435.0 2769.0 29.688382826333207 26.096000273195912 82.63074982942537
740 45437.0 2769.0 29.688382826333207 26.096815186887067 82.63252423249314
741 45419.0 2760.0 29.640095915284455 26.137377256339413 82.81330644558992
742 45422.0 2760.0 29.640095915284455 26.138600169157336 82.81596607942487
743 45403.0 2757.0 29.62398278774667 26.146841402857252 82.8648001891049
744 45397.0 2760.0 29.640095915284455 26.128407699105786 82.7937958088519
745 45390.0 2778.0 29.736591328169585 26.02986361245366 82.39442747392364
746 45400.0 2769.0 29.688382826333207 26.081735691515064 82.59968213028053
747 45399.0 2769.0 29.688382826333207 26.081328032149358 82.59879404658787
748 45402.0 2769.0 29.688382826333207 26.08255099359367 82.60145822511056
749 45409.0 2766.0 29.672295920342346 26.101358754490132 82.67321656406175
750 45404.0 2760.0 29.640095915284455 26.131261941251317 82.80000500957411
751 45409.0 2763.0 29.656200288064785 26.117324136264575 82.73880511442655
752 45417.0 2769.0 29.688382826333207 26.08866505154615 82.61477585345573
753 45403.0 2769.0 29.688382826333207 26.082958636306856 82.60234623624983
754 45396.0 2772.0 29.70446102021492 26.064162067253932 82.53062825751975
755 45385.0 2772.0 29.70446102021492 26.05967761980269 82.52085319877553
756 45383.0 2763.0 29.656200288064785 26.106722831393814 82.71573056040137
757 45388.0 2769.0 29.688382826333207 26.076843412721786 82.58902352946362
758 45396.0 2757.0 29.62398278774667 26.14398690380897 82.85859324667582
759 45396.0 2760.0 29.640095915284455 26.127999927967025 82.79290868332161
760 45398.0 2754.0 29.607860891157934 26.160800539282846 82.92609638950618
761 45398.0 2748.0 29.575590733458846 26.192829596183156 83.05769274805444
762 45387.0 2748.0 29.575590733458846 26.188342515796833 83.04794866563726
763 45402.0 2760.0 29.640095915284455 26.130446471320074 82.79823107328507
764 45375.0 2766.0 29.672295920342346 26.087495831978956 82.64302717399904
765 45388.0 2769.0 29.688382826333207 26.076843412721786 82.58902352946362
766 45393.0 2778.0 29.736591328169585 26.03108643072256 82.39709535380322
767 45393.0 2766.0 29.672295920342346 26.094835826422983 82.65901327733889
768 45387.0 2763.0 29.656200288064785 26.108354046073927 82.71928155705011
769 45386.0 2763.0 29.656200288064785 26.107946250747563 82.71839384421445
770 45394.0 2769.0 29.688382826333207 26.07928965205121 82.59435326531073
771 45385.0 2763.0 29.656200288064785 26.107538449858847 82.71750610716174
772 45383.0 2760.0 29.640095915284455 26.122698396639382 82.78137384735952
773 45393.0 2748.0 29.575590733458846 26.1907900979612 83.05326398351768
774 45397.0 2757.0 29.62398278774667 26.144394706097103 82.85948002540695
775 45404.0 2760.0 29.640095915284455 26.131261941251317 82.80000500957411
776 45425.0 2763.0 29.656200288064785 26.123846148165576 82.75299670927669
777 45428.0 2763.0 29.656200288064785 26.125068867009055 82.75565694405589
778 45435.0 2772.0 29.70446102021492 26.080056064964758 82.56526171719604
779 45425.0 2772.0 29.70446102021492 26.075981484767848 82.55638484591121
780 45430.0 2778.0 29.736591328169585 26.046163759229337 82.42998133236418
781 45427.0 2775.0 29.72053051612671 26.06086349723338 82.49271536751907
782 45415.0 2778.0 29.736591328169585 26.04005224204039 82.41665316286891
783 45410.0 2787.0 29.784721801524764 25.990316725368288 82.21626954851398
784 45415.0 2790.0 29.80074801834303 25.976476188019642 82.15549872096439
785 45435.0 2811.0 29.912691120369555 25.873783372518165 81.71808911217288
786 45440.0 2811.0 29.912691120369555 25.87581824494655 81.72254805970452
787 45428.0 2805.0 29.88075017039453 25.902546856706156 81.84167907012487
788 45422.0 2805.0 29.88075017039453 25.900104172003505 81.83633037829041
789 45429.0 2793.0 29.816765621229397 25.966311497366533 82.10278795083292
790 45423.0 2796.0 29.83277462405867 25.948012295458874 82.0323219361182
791 45439.0 2796.0 29.83277462405867 25.95452726725189 82.04656722467375
792 45434.0 2790.0 29.80074801834303 25.984214696425585 82.1724054888096
793 45445.0 2790.0 29.80074801834303 25.98869397576605 82.182189642821
794 45424.0 2796.0 29.83277462405867 25.948419522479064 82.03321244719356
795 45418.0 2805.0 29.88075017039453 25.89847560571659 81.83276410278485
796 45445.0 2808.0 29.896724911001275 25.893654338436882 81.79189470746138
797 45431.0 2802.0 29.86476688485918 25.919591043458844 81.90933787560715
798 45402.0 2799.0 29.84877504066842 25.923615291845852 81.94852946821828
799 45404.0 2799.0 29.84877504066842 25.924429902227402 81.95031212979309
800 45407.0 2793.0 29.816765621229397 25.957351080608596 82.08320100247899
801 45400.0 2790.0 29.80074801834303 25.97036543279535 82.14214512633703
802 45417.0 2787.0 29.784721801524764 25.99316841632003 82.22249789735355
803 45410.0 2775.0 29.72053051612671 26.05393617865478 82.47761420211185
804 45390.0 2781.0 29.75264347040649 26.013953901547023 82.32906165128442
805 45407.0 2781.0 29.75264347040649 26.02088198371271 82.3441824663953
806 45382.0 2778.0 29.736591328169585 26.026602520044655 82.38731206418409
807 45370.0 2778.0 29.736591328169585 26.021710216688863 82.37663604854903
808 45376.0 2775.0 29.72053051612671 26.040076737492495 82.44739092233989
809 45394.0 2778.0 29.736591328169585 26.031494025736404 82.3979845987678
810 45403.0 2784.0 29.768686956862464 26.00335286715136 82.27530968288129
811 45382.0 2781.0 29.75264347040649 26.010693074279587 82.32194355817524
812 45391.0 2787.0 29.784721801524764 25.98257505747426 82.19935807194751
813 45365.0 2781.0 29.75264347040649 26.003762640146054 82.30681247479474
814 45365.0 2781.0 29.75264347040649 26.003762640146054 82.30681247479474
815 45362.0 2781.0 29.75264347040649 26.002539456268554 82.30414155833338
816 45374.0 2778.0 29.736591328169585 26.0233410731183 82.38019510731064
817 45373.0 2778.0 29.736591328169585 26.022933367321954 82.37930537889476
818 45368.0 2775.0 29.72053051612671 26.03681476117289 82.44027549998636
819 45381.0 2769.0 29.688382826333207 26.07398921418923 82.58280440334572
820 45377.0 2775.0 29.72053051612671 26.040484459578934 82.44828024127324
821 45392.0 2775.0 29.72053051612671 26.046599625582306 82.46161712321684
822 45402.0 2766.0 29.672295920342346 26.098505148458898 82.66700338821306
823 45409.0 2769.0 29.688382826333207 26.085404376029057 82.6076737952841
824 45401.0 2775.0 29.72053051612671 26.05026812654588 82.46961664137514
825 45413.0 2793.0 29.816765621229397 25.95979509515503 82.08854405396801
826 45429.0 2787.0 29.784721801524764 25.99805640009524 82.23317231815584
827 45409.0 2775.0 29.72053051612671 26.05352863947185 82.4767256808938
828 45410.0 2781.0 29.75264347040649 26.022104420494518 82.34685012117079
829 45401.0 2778.0 29.736591328169585 26.034347035786435 82.40420863701536
830 45392.0 2787.0 29.784721801524764 25.98298256338567 82.20024836683487
831 45385.0 2790.0 29.80074801834303 25.96425343605119 82.12878610506873
832 45375.0 2784.0 29.768686956862464 25.991941371772956 82.25038903805863
833 45372.0 2784.0 29.768686956862464 25.990718454424268 82.24771784583504
834 45372.0 2772.0 29.70446102021492 26.054376952709603 82.50929708286598
835 45391.0 2778.0 29.736591328169585 26.030271224081332 82.39531679138207
836 45383.0 2781.0 29.75264347040649 26.011100697057646 82.32283340437935
837 45383.0 2772.0 29.70446102021492 26.058862193597324 82.51907560093244
838 45400.0 2775.0 29.72053051612671 26.049860537495228 82.4687279026995
839 45410.0 2778.0 29.736591328169585 26.03801479292987 82.4122092327032
840 45408.0 2781.0 29.75264347040649 26.021289468170927 82.34507170879361
841 45426.0 2781.0 29.75264347040649 26.028623242753543 82.36107394490843
842 45413.0 2793.0 29.816765621229397 25.95979509515503 82.08854405396801
843 45405.0 2787.0 29.784721801524764 25.98827963762551 82.21182000436578
844 45388.0 2787.0 29.784721801524764 25.98135250659633 82.19668704246232
845 45403.0 2793.0 29.816765621229397 25.955721627336544 82.0796384861244
846 45407.0 2790.0 29.80074801834303 25.97321727303868 82.14837747895454
847 45414.0 2784.0 29.768686956862464 26.00783476892302 82.28509475808737
848 45425.0 2790.0 29.80074801834303 25.98054933533192 82.1643981041287
849 45430.0 2790.0 29.80074801834303 25.98258570218847 82.1688468920825
850 45435.0 2790.0 29.80074801834303 25.984621931201552 82.17329507777191
851 45414.0 2781.0 29.75264347040649 26.023734258774244 82.35040665627378
852 45413.0 2778.0 29.736591328169585 26.039237279001394 82.41487566323855
853 45416.0 2775.0 29.72053051612671 26.05638129741381 82.48294482215016
854 45422.0 2775.0 29.72053051612671 26.058826216757094 82.48827457272863
855 45422.0 2775.0 29.72053051612671 26.058826216757094 82.48827457272863
856 45431.0 2775.0 29.72053051612671 26.06249322193327 82.4962675688011
857 45437.0 2772.0 29.70446102021492 26.08087091450304 82.56703680170392
858 45434.0 2772.0 29.70446102021492 26.079648631883607 82.56437413872769
859 45435.0 2775.0 29.72053051612671 26.064122858037354 82.49981938388099
860 45426.0 2775.0 29.72053051612671 26.060456052214274 82.49182725684749
861 45425.0 2775.0 29.72053051612671 26.060048601657222 82.49093912203354
862 45413.0 2778.0 29.736591328169585 26.039237279001394 82.41487566323855
863 45416.0 2769.0 29.688382826333207 26.088257486528093 82.61388818078716
864 45435.0 2781.0 29.75264347040649 26.03228945828196 82.36907213164224
865 45434.0 2772.0 29.70446102021492 26.079648631883607 82.56437413872769
866 45434.0 2763.0 29.656200288064785 26.127514154675897 82.76097676084744
867 45423.0 2754.0 29.607860891157934 26.170994417460435 82.94824866841283
868 45409.0 2748.0 29.575590733458846 26.19731600090195 83.06743389615177
869 45420.0 2748.0 29.575590733458846 26.201801730142694 83.07717211119392
870 45418.0 2745.0 29.55944244356624 26.217017807615157 83.14126138628438
871 45432.0 2751.0 29.59173021118583 26.190673430303093 83.0219832070065
872 45430.0 2745.0 29.55944244356624 26.221911053024133 83.15187788942798
873 45440.0 2754.0 29.607860891157934 26.177924265581403 82.96330357448083
874 45452.0 2751.0 29.59173021118583 26.198825630850816 83.03968277151874
875 45452.0 2748.0 29.575590733458846 26.214847285325117 83.10548479859492
876 45433.0 2742.0 29.54328532705789 26.239177278847414 83.22043141165904
877 45430.0 2739.0 29.52711936944413 26.254007930998423 83.28372549089976
878 45428.0 2739.0 29.52711936944413 26.25319232810917 83.28195773986381
879 45443.0 2748.0 29.575590733458846 26.211178800283033 83.09752436123449
880 45452.0 2748.0 29.575590733458846 26.214847285325117 83.10548479859492
881 45470.0 2736.0 29.51094455619561 26.28638134842997 83.38503797395563
882 45463.0 2745.0 29.55944244356624 26.23536333243397 83.18105528807364
883 45458.0 2745.0 29.55944244356624 26.23332549896615 83.1766361647658
884 45471.0 2742.0 29.54328532705789 26.25466773670966 83.25401106563183
885 45468.0 2748.0 29.575590733458846 26.22136792130818 83.11963184781415
886 45460.0 2760.0 29.640095915284455 26.154086066694088 82.84963593749609
887 45444.0 2757.0 29.62398278774667 26.163555132930583 82.90113131648243
888 45446.0 2751.0 29.59173021118583 26.19638020474976 83.03437391851453
889 45459.0 2757.0 29.62398278774667 26.16966757502857 82.91441303312509
890 45448.0 2751.0 29.59173021118583 26.197195369072162 83.03614363295759
891 45440.0 2739.0 29.52711936944413 26.258085609865162 83.29256279147145
892 45431.0 2733.0 29.494760872743147 26.286556549051312 83.41663847948334
893 45431.0 2736.0 29.51094455619561 26.270480652017277 83.35060113257352
894 45425.0 2742.0 29.54328532705789 26.235915101835825 83.21335755340274
895 45410.0 2736.0 29.51094455619561 26.261915212462107 83.3320429418817
896 45422.0 2742.0 29.54328532705789 26.234691693234264 83.21070445658586
897 45423.0 2736.0 29.51094455619561 26.267217918585175 83.34353260730589
898 45413.0 2736.0 29.51094455619561 26.26313899787661 83.33469476716057
899 45425.0 2733.0 29.494760872743147 26.28410936000445 83.41133939095803
900 45421.0 2727.0 29.462366836749506 26.314661910862565 83.54002467165547
901 45437.0 2730.0 29.47856830447755 26.305090570217025 83.48801739530747
902 45439.0 2736.0 29.51094455619561 26.273743027187045 83.35766810561668
903 45426.0 2736.0 29.51094455619561 26.268441485610744 83.34618348621358
904 45415.0 2745.0 29.55944244356624 26.21579437059143 83.1386067151563
905 45419.0 2736.0 29.51094455619561 26.26558641749777 83.33999776243508
906 45413.0 2739.0 29.52711936944413 26.247074593168794 83.26869651495778
907 45415.0 2739.0 29.52711936944413 26.247890363895824 83.27046499361725
908 45408.0 2742.0 29.54328532705789 26.22898178783404 83.19832045252465
909 45393.0 2742.0 29.54328532705789 26.22286281580068 83.18504660046568
910 45400.0 2739.0 29.52711936944413 26.241771537800297 83.25719903776276
911 45400.0 2745.0 29.55944244356624 26.20967643125133 83.12533008617902
912 45394.0 2754.0 29.607860891157934 26.159169195499143 82.92255061975882
913 45384.0 2754.0 29.607860891157934 26.155090445751103 82.91368449869127
914 45389.0 2751.0 29.59173021118583 26.173138646932898 82.98389634165235
915 45396.0 2736.0 29.51094455619561 26.256203547295357 83.3196648682744
916 45393.0 2727.0 29.462366836749506 26.303236807465893 83.51530160214155
917 45411.0 2739.0 29.52711936944413 26.24625880005852 83.2669279392494
918 45409.0 2730.0 29.47856830447755 26.29366877203123 83.46329504073829
919 45385.0 2727.0 29.462366836749506 26.299971683478347 83.50823436757308
920 45352.0 2724.0 29.44615645486938 26.302605813027267 83.54526821810097
921 45383.0 2727.0 29.462366836749506 26.299155346301227 83.50646731572438
922 45392.0 2721.0 29.429937144107093 26.33505504345308 83.64683996341475
923 45405.0 2724.0 29.44615645486938 26.324241878529374 83.59208287504326
924 45413.0 2715.0 29.397471676812476 26.37589693635317 83.79795742280706
925 45407.0 2727.0 29.462366836749506 26.308949909446824 83.52766551843928
926 45394.0 2730.0 29.47856830447755 26.287548142474893 83.45004308962602
927 45378.0 2718.0 29.413708889691947 26.3454692201612 83.70076542179714
928 45369.0 2718.0 29.413708889691947 26.341794419046444 83.69282127126425
929 45361.0 2721.0 29.429937144107093 26.322398774031566 83.61946764552236
930 45376.0 2727.0 29.462366836749506 26.29629798918769 83.50028186798141
931 45402.0 2727.0 29.462366836749506 26.306909642243223 83.52325038096649
932 45416.0 2733.0 29.494760872743147 26.280438198200137 83.4033891200411
933 45422.0 2736.0 29.51094455619561 26.266810051712177 83.3426489324823
934 45406.0 2751.0 29.59173021118583 26.180072235844595 82.99895929470743
935 45412.0 2748.0 29.575590733458846 26.198539448585553 83.07009006380976
936 45422.0 2757.0 29.62398278774667 26.15458795336228 82.88164162306562
937 45407.0 2751.0 29.59173021118583 26.180480043804952 82.99984513261637
938 45419.0 2745.0 29.55944244356624 26.217425608784552 83.14214622817856
939 45405.0 2736.0 29.51094455619561 26.259875458085364 83.32762274759934
940 45417.0 2733.0 29.494760872743147 26.28084612748384 83.40427258056849
941 45411.0 2748.0 29.575590733458846 26.19813163827325 83.06920469882898
942 45406.0 2742.0 29.54328532705789 26.228165997601423 83.19655092101335
943 45400.0 2745.0 29.55944244356624 26.20967643125133 83.12533008617902
944 45394.0 2751.0 29.59173021118583 26.175178105177483 82.98832734926305
945 45401.0 2757.0 29.62398278774667 26.146025859549336 82.86302689809239
946 45391.0 2763.0 29.656200288064785 26.10998517175872 82.72283216624098
947 45404.0 2754.0 29.607860891157934 26.163247387720126 82.93141431715992
948 45412.0 2754.0 29.607860891157934 26.166509540172658 82.93850353067744
949 45404.0 2751.0 29.59173021118583 26.179256603189046 82.99718754618607
950 45415.0 2751.0 29.59173021118583 26.1837423066884 83.00693096357146
951 45430.0 2751.0 29.59173021118583 26.18985808762711 83.02021271807064
952 45435.0 2748.0 29.575590733458846 26.207917545414734 83.09044677080153
953 45432.0 2751.0 29.59173021118583 26.190673430303093 83.0219832070065
954 45434.0 2760.0 29.640095915284455 26.143491319890213 82.82660243771947
955 45427.0 2760.0 29.640095915284455 26.14063824594978 82.82039831865129
956 45437.0 2754.0 29.607860891157934 26.176701468170798 82.96064733453929
957 45446.0 2748.0 29.575590733458846 26.212401678823905 83.10017805819116
958 45431.0 2742.0 29.54328532705789 26.238361768127298 83.21866309252177
959 45422.0 2742.0 29.54328532705789 26.234691693234264 83.21070445658586
960 45401.0 2736.0 29.51094455619561 26.258243553756323 83.3240861551688
961 45415.0 2742.0 29.54328532705789 26.23183687751104 83.20451304872353
962 45414.0 2745.0 29.55944244356624 26.21538654707787 83.13772177629528
963 45407.0 2736.0 29.51094455619561 26.260691376639805 83.32939089814066
964 45412.0 2736.0 29.51094455619561 26.262731075005732 83.33381084967293
965 45413.0 2733.0 29.494760872743147 26.279214376720756 83.40073859279772
966 45402.0 2724.0 29.44615645486938 26.32301761728063 83.58943481351444
967 45414.0 2718.0 29.413708889691947 26.360163862857075 83.73252230444753
968 45412.0 2721.0 29.429937144107093 26.34321750878044 83.6644871121352
969 45419.0 2721.0 29.429937144107093 26.34607384015679 83.67066131622494
970 45439.0 2736.0 29.51094455619561 26.273743027187045 83.35766810561668
971 45419.0 2733.0 29.494760872743147 26.28166196923796 83.40603942879838
972 45434.0 2724.0 29.44615645486938 26.336073796830814 83.61766952647187
973 45416.0 2715.0 29.397471676812476 26.377121258848977 83.80060137068735
974 45431.0 2724.0 29.44615645486938 26.334850024359223 83.61502357895854
975 45433.0 2721.0 29.429937144107093 26.351785676442084 83.68300615173187
976 45424.0 2718.0 29.413708889691947 26.364244413349653 83.74133806545298
977 45419.0 2712.0 29.381225490616288 26.394497803586383 83.86960512726004
978 45426.0 2727.0 29.462366836749506 26.316701644725192 83.54443750113063
979 45413.0 2727.0 29.462366836749506 26.311398044793503 83.53296288146984
980 45400.0 2736.0 29.51094455619561 26.25783556366902 83.3232019463581
981 45413.0 2727.0 29.462366836749506 26.311398044793503 83.53296288146984
982 45387.0 2715.0 29.397471676812476 26.365284017482445 83.77503403344775
983 45402.0 2721.0 29.429937144107093 26.33913655736866 83.6556647539012
984 45388.0 2712.0 29.381225490616288 26.381843716371773 83.84228753799283
985 45397.0 2727.0 29.462366836749506 26.30486923464332 83.51883463583766
986 45391.0 2727.0 29.462366836749506 26.302420560174834 83.51353493940802
987 45417.0 2730.0 29.47856830447755 26.29693259162183 83.47036051299591
988 45436.0 2745.0 29.55944244356624 26.224357374170978 83.15718483253802
989 45427.0 2748.0 29.575590733458846 26.204655933505563 83.08336763058026
990 45428.0 2745.0 29.55944244356624 26.221095567970448 83.15010871457046
991 45414.0 2742.0 29.54328532705789 26.231429024331007 83.2036284648866
992 45408.0 2748.0 29.575590733458846 26.19690817384268 83.06654845845347
993 45427.0 2745.0 29.55944244356624 26.220687817067073 83.14922409079603
994 45433.0 2742.0 29.54328532705789 26.239177278847414 83.22043141165904
995 45431.0 2742.0 29.54328532705789 26.238361768127298 83.21866309252177
996 45449.0 2736.0 29.51094455619561 26.277820492454865 83.36649963984986
997 45429.0 2733.0 29.494760872743147 26.285740841780395 83.41487221369928
998 45439.0 2730.0 29.47856830447755 26.30590624472119 83.48978254959478
999 45453.0 2730.0 29.47856830447755 26.31161533845337 83.50213591263405
